<?xml version="1.0" encoding="utf-8"?><root><html_content><![CDATA[

      <div id="watch-actions-stats" class="watch-actions-stats-rats stats-cumulative top-selected-views" data-current-mode-css="stats-mode-daily" data-current-top-site-css="top-selected-views" data-current-metric-css="stats-metric-views">
        <div class="stats-header">
    <h1>
      <span class="stats-header-text yt-card-title">Video statistics</span>
<span class="stats-sub-header">Through Jan 3, 2017  
  <span class="yt-uix-clickcard">
    <button class="yt-uix-clickcard-target" aria-label="Learn more." aria-haspopup="true" data-position="topleft" type="button">
      <span class="yt-help-icon yt-sprite"></span>
    </button>
    <span class="yt-uix-clickcard-content" role="dialog" aria-label="Learn more." aria-describedby="6394257092876051427">
      <button class="yt-uix-clickcard-close" aria-label="Close learn more dialog."></button>
      <p id="6394257092876051427">The video statistics shown below are updated daily. They may lag behind the view count shown directly beneath the video, which updates many times a day.
      </p>
    </span>
  </span>

</span>
    </h1>

  </div>

        <table class="stats-bragbar-container yt-uix-button-group yt-uix-tabs" data-uix-tabs-selected-extra-class="yt-uix-button-toggled">
    <tr>
          <td class="stats-bragbar stats-bragbar-views yt-uix-button yt-uix-tabs-tab  yt-uix-tabs-selected yt-uix-button-toggled" data-uix-tabs-target-id="stats-chart-tab-views" data-top-site-css="top-selected-views" data-metric-css="stats-metric-views" style="border-bottom-color: #73c421">
    <span class="metric-label">Views</span>
    <div class="bragbar-metric-large">144,022,519</div>
  </td>

        <td class="stats-bragbar-filler"></td>
    </tr>
  </table>

  <div class="stats-charts-container">
      <div id="stats-chart-tab-views" class="stats-chart-menu ">
      </div>

    <div class="stats-chart-gviz"></div>

  </div>



  </div>

]]></html_content><return_code><![CDATA[0]]></return_code><graph_data><![CDATA[{"views": {"daily": {"opt": {"tooltip": {"trigger": "none"}, "vAxis": {"gridlines": {"color": "#f0f0f0"}, "baselineColor": "#e2e2e2", "titleTextStyle": {"color": "#666"}, "textStyle": {"color": "#666"}, "minValue": 0, "maxValue": 92564}, "hAxis": {"viewWindow": {}, "baselineColor": "transparent", "slantedText": false, "textStyle": {"color": "#666"}, "gridlines": {"color": "transparent"}}, "enableInteractivity": false, "colors": ["#73c421"], "legend": {"position": "none"}, "chartArea": {"top": 30, "left": 67.0}, "pointSize": 0}, "data": [49, 251, 232, 109, 1298, 10310, 19969, 18578, 11464, 9212, 12208, 15499, 26343, 30067, 26660, 28067, 26021, 28532, 29469, 33218, 39781, 25798, 27870, 25063, 25159, 26190, 26748, 30385, 37076, 32999, 32870, 30068, 30320, 30746, 30687, 39725, 44404, 40252, 41948, 41665, 39443, 38771, 41657, 47451, 45949, 37133, 38299, 40441, 40543, 45368, 50908, 50037, 42159, 43944, 53229, 47655, 51019, 54771, 45614, 44128, 49848, 52232, 52328, 55884, 63120, 53426, 53098, 50259, 53344, 53577, 55945, 58311, 52347, 52381, 53662, 53936, 56067, 61130, 61797, 55114, 52969, 53618, 56325, 58946, 61421, 65976, 56237, 51577, 55433, 55860, 58566, 64385, 66188, 54127, 49152, 48898, 50977, 50962, 57313, 62660, 54190, 51062, 53491, 53424, 54777, 59323, 63810, 55257, 53466, 55878, 56417, 54108, 54220, 54165, 48969, 48110, 49071, 48133, 47634, 48945, 52216, 47225, 47637, 43080, 44907, 50892, 63877, 70509, 61155, 52559, 53899, 56180, 57384, 62629, 68762, 62842, 64671, 63846, 56320, 56012, 56269, 60687, 55610, 51589, 53332, 54943, 52391, 55384, 62206, 54025, 50531, 52803, 55011, 55741, 58518, 61016, 53758, 51302, 54040, 53084, 49755, 52995, 57386, 55776, 51908, 51002, 50594, 52963, 55843, 57513, 54117, 53041, 54017, 56422, 55773, 55202, 57109, 57524, 53886, 55081, 56925, 56943, 54761, 55093, 52763, 54868, 53387, 57915, 56912, 56876, 57961, 53640, 54666, 53015, 50030, 52655, 52838, 51975, 47619, 51400, 49997, 52882, 51854, 50188, 47734, 45610, 49369, 52330, 50495, 52987, 53550, 50577, 44909, 49932, 49474, 44490, 52141, 52509, 51120, 47833, 51260, 51401, 51242, 51294, 50115, 47544, 44876, 48720, 49471, 50551, 51682, 49326, 47801, 46023, 48108, 49603, 49457, 50189, 48345, 48093, 44619, 47824, 54272, 53373, 52154, 56201, 54213, 52048, 55979, 57242, 58798, 57410, 56776, 54319, 52498, 57681, 57481, 57967, 57068, 57224, 57118, 53844, 54805, 52247, 51909, 52858, 55983, 60235, 53896, 53680, 51544, 52965, 51610, 55668, 60891, 55105, 50985, 51707, 52921, 53330, 56053, 59352, 54063, 51006, 51231, 55147, 55391, 59124, 63676, 56537, 53620, 53389, 54750, 55313, 59991, 64132, 56784, 55640, 57316, 60713, 58948, 62968, 68561, 63617, 58924, 56399, 50642, 60025, 64333, 68223, 61126, 55429, 56100, 58958, 60718, 65475, 68122, 59733, 57861, 57932, 59409, 61136, 62836, 64436, 57607, 58661, 59830, 58576, 65848, 68644, 73154, 66661, 62265, 64568, 64741, 69478, 70676, 75152, 71641, 65908, 67696, 69973, 68335, 71060, 72021, 64654, 61247, 62346, 63872, 62151, 64176, 67617, 59736, 55387, 57579, 59595, 58873, 64116, 69721, 61951, 58105, 58327, 61360, 62854, 64940, 69980, 61657, 57780, 60788, 64525, 69118, 75513, 77634, 70909, 71060, 73665, 75685, 77012, 69101, 62475, 65376, 69307, 70734, 69971, 72181, 71882, 61780, 65351, 63285, 63666, 66215, 66238, 72650, 77209, 68736, 64644, 64717, 64695, 69857, 76597, 81442, 74031, 69220, 67190, 67197, 68917, 75377, 79419, 71365, 68275, 67344, 69940, 73413, 75177, 81056, 70495, 67388, 66802, 66257, 56792, 73873, 79947, 67644, 64697, 66128, 68284, 69499, 70170, 74885, 67076, 62121, 62364, 65341, 67613, 73932, 78959, 70909, 68113, 64541, 65099, 68810, 70649, 73545, 63139, 61784, 62174, 65919, 69313, 73346, 78275, 68292, 65722, 62901, 67731, 70391, 70822, 76865, 66843, 63866, 64984, 64432, 64835, 67000, 74543, 66826, 62104, 62515, 64461, 63899, 66561, 71830, 63451, 59057, 59852, 62560, 61368, 66746, 68142, 61096, 58124, 58001, 57741, 60731, 65128, 67563, 62012, 58986, 60013, 61948, 61089, 66441, 68453, 63522, 62917, 63026, 61859, 64665, 68221, 64029, 58404, 57419, 55078, 55391, 57678, 64165, 63065, 56331, 54337, 56532, 59820, 60280, 62559, 67074, 57744, 54287, 55908, 57708, 61223, 66758, 76662, 69524, 64701, 65209, 65260, 70124, 70602, 74350, 68554, 64796, 63479, 67523, 69417, 72957, 74342, 72920, 66793, 67399, 67741, 69518, 68157, 66777, 63487, 61477, 59901, 60630, 62949, 62872, 62723, 56791, 58932, 55263, 56026, 58770, 62332, 62679, 59079, 61106, 61136, 63852, 64858, 68315, 60382, 55905, 56071, 57439, 59618, 61102, 59659, 57988, 52821, 53796, 60827, 57344, 58047, 59919, 55022, 54993, 59714, 56565, 58258, 57471, 56321, 55541, 53195, 60046, 55747, 54725, 57091, 60088, 57674, 54129, 57568, 58265, 66533, 70338, 72203, 71683, 66622, 68281, 64693, 61671, 62996, 67646, 67301, 62555, 62529, 60950, 60480, 60621, 60723, 60842, 57830, 62267, 60046, 61057, 56438, 59526, 48552, 56600, 55300, 55762, 57657, 61040, 64113, 67231, 61804, 60764, 61693, 62805, 63975, 64723, 71983, 67829, 63624, 57567, 58483, 58236, 62329, 67187, 63073, 58114, 57521, 61626, 63003, 66549, 72451, 64380, 57954, 57177, 57468, 59751, 64495, 69287, 62694, 58935, 59939, 59715, 59525, 64722, 67255, 59944, 55132, 57587, 62417, 62140, 66403, 67948, 62948, 56321, 54268, 56848, 56002, 63975, 66467, 58436, 53273, 49061, 56951, 57785, 62295, 68081, 58522, 59826, 59166, 57211, 59331, 63083, 64320, 60604, 63903, 67317, 67329, 70452, 74792, 78405, 65236, 57237, 55968, 58471, 62177, 68083, 68874, 62481, 58360, 59129, 61120, 59652, 65736, 69876, 62744, 57572, 58332, 61176, 59830, 63462, 65976, 58131, 53822, 57885, 58566, 56784, 59625, 65601, 59407, 54218, 57464, 57460, 59727, 58763, 62550, 54729, 50067, 52793, 54474, 56465, 61147, 64305, 57804, 57514, 61218, 72954, 72797, 68944, 61867, 57832, 58911, 62499, 61692, 63081, 61716, 60118, 51742, 57161, 56899, 59688, 62583, 66245, 65554, 58460, 54049, 55862, 58062, 56990, 62078, 65833, 61228, 60329, 58786, 58409, 58507, 64433, 74965, 62694, 59511, 56597, 58121, 59365, 63494, 66728, 56531, 53002, 53059, 55485, 60110, 67484, 75237, 66622, 63539, 66157, 82082, 77923, 72677, 73017, 66984, 64037, 64129, 69115, 70311, 73389, 73558, 68268, 66868, 65982, 67712, 64614, 67163, 69536, 64513, 60590, 64810, 68396, 69262, 71935, 72944, 67765, 63719, 63328, 67164, 69422, 79844, 69489, 67111, 64598, 63377, 62797, 66730, 74582, 79781, 73357, 66762, 68527, 69445, 76821, 83167, 87121, 82693, 74947, 76836, 76818, 76075, 79131, 83702, 79274, 76755, 74030, 75219, 78335, 79521, 77884, 74566, 75356, 70785, 69549, 68609, 68009, 72188, 63288, 62790, 60940, 63477, 65038, 68736, 70634, 65107, 59497, 59609, 60417, 64533, 66127, 67683, 62311, 60090, 58768, 54356, 55499, 62870, 62845, 56342, 53894, 56541, 56884, 59146, 61606, 66950, 58152, 56079, 57232, 58882, 59642, 59987, 59342, 57201, 50438, 48236, 50934, 53531, 55496, 58587, 52710, 54775, 51639, 52995, 54023, 54015, 57063, 55925, 53222, 53692, 54069, 55592, 58217, 57880, 51491, 50267, 51889, 54038, 54126, 55643, 54870, 50905, 53386, 53887, 56324, 56798, 57144, 53004, 50794, 49565, 53198, 49081, 51136, 50772, 51281, 48136, 52438, 54781, 53007, 52094, 55400, 55730, 52855, 54064, 53809, 54012, 58184, 59371, 58155, 57587, 64016, 58979, 57567, 60186, 60393, 63011, 59398, 61726, 57793, 53141, 54667, 56286, 53309, 51346, 55313, 55881, 56686, 57297, 59243, 56810, 54615, 57715, 61054, 61344, 61017, 61733, 60850, 57954, 60047, 53050, 52918, 53050, 56430, 54335, 51173, 52569, 54939, 56335, 58809, 62387, 62919, 58070, 60158, 59371, 60041, 58932, 59037, 61440, 58059, 56269, 52676, 53632, 56028, 61181, 60547, 60134, 57592, 58633, 63322, 64461, 68650, 72259, 69949, 64283, 57296, 58605, 63561, 70467, 78243, 68375, 57691, 58452, 61444, 61186, 67756, 71067, 65317, 62303, 62953, 64773, 67109, 70667, 76512, 70367, 67684, 64594, 66026, 69333, 73136, 76250, 68001, 63067, 61671, 65333, 65504, 69812, 72653, 64489, 54513, 59631, 59285, 58520, 63258, 63736, 58776, 57262, 55535, 54270, 59292, 61308, 58498, 54923, 57408, 57636, 60548, 65317, 73421, 71717, 64288, 60545, 60945, 61244, 63633, 64042, 69450, 62949, 56124, 67477, 65663, 59631, 63653, 67961, 65319, 55621, 59016, 55443, 66142, 60941, 63233, 57183, 54220, 57035, 59450, 51630, 52839, 63015, 59260, 60514, 60629, 55405, 65768, 62601, 58300, 57413, 54216, 61738, 56992, 53056, 57096, 57148, 56878, 56197, 49468, 50523, 54545, 59094, 56092, 54657, 56206, 46067, 46284, 51001, 58487, 65724, 51035, 47828, 56254, 59209, 54686, 56371, 66844, 54743, 49229, 50648, 56840, 57545, 62314, 67596, 53287, 50284, 40403, 59358, 58872, 67969, 70788, 66373, 56485, 53855, 58788, 53375, 56933, 66140, 55515, 47634, 48403, 52897, 49867, 49094, 51839, 45076, 42374, 41303, 43473, 45770, 48060, 55268, 46096, 49355, 42849, 46460, 50383, 47693, 56249, 48136, 48747, 49028, 51466, 51543, 54002, 57684, 49721, 45327, 38739, 44773, 47199, 45485, 47199, 43057, 46257, 44946, 47654, 42505, 45265, 48855, 47917, 46099, 43966, 43024, 46225, 44422, 46597, 43759, 43592, 50066, 48241, 42672, 41806, 42089, 38949, 38381, 39725, 44629, 49282, 55208, 56857, 55163, 50212, 44897, 54844, 54121, 50437, 56463, 47043, 48423, 50149, 53212, 50958, 45439, 46972, 42987, 43860, 40098, 42798, 41841, 47768, 47977, 43346, 45096, 42016, 46759, 45796, 49199, 55870, 48041, 47450, 46816, 48014, 48544, 49379, 50844, 45685, 41559, 43947, 47205, 46105, 47486, 49974, 44959, 44135, 42928, 42018, 42538, 43597, 45339, 40829, 39161, 41134, 42514, 42200, 43628, 44180, 40565, 39964, 42459, 44392, 44185, 44492, 48470, 42424, 43419, 43864, 43269, 44766, 44204, 41277, 37949, 37731, 39409, 38774, 39248, 39524, 37041, 29922, 36979, 43061, 47187, 44575, 51097, 53591, 50160, 53646, 53883, 49411, 48792, 47632, 45657, 41372, 44526, 44505, 43885, 37960, 30255, 33768, 31040, 31981, 31439, 38589, 41546, 42626, 43502, 42355, 42719, 43846, 43679, 43549, 46026, 44193, 42947, 43553, 43102, 45193, 44761, 46462, 42568, 41003, 42853, 42933, 44480, 46299, 46090, 44917, 44372, 44006, 45090, 45593, 45693, 45686, 45629, 42893, 43346, 43823, 43645, 45521, 47016, 48492, 45699, 43168, 43165, 43460, 44740, 47769, 47152, 43483, 42976, 41790, 42352, 42568, 44363, 46404, 43598, 41104, 40450, 42210, 39564, 42419, 45025, 42712, 41022, 40178, 40696, 39360, 43087, 44779, 41091, 38854, 38373, 39147, 39095, 41910, 43312, 37552, 37050, 35378, 38669, 40632, 43354, 45113, 41987, 41539, 40875, 42241, 42677, 43028, 46773, 43034, 43593, 39940, 42367, 45653, 53179, 54360, 49032, 49794, 47168, 48306, 49711, 51235, 53065, 47093, 47357, 45448, 44411, 44319, 49269, 49815, 47600, 45547, 45445, 45766, 46844, 51135, 52194, 42853, 42842, 40095, 41496, 41243, 44395, 48277, 46458, 39833, 39712, 41548, 42150, 44373, 47452, 43860, 42128, 41749, 45951, 46804, 47989, 50461, 45189, 44805, 47342, 50866, 53390, 53501, 54957, 48375, 46788, 44149, 39878, 39177, 43391, 43659, 37219, 35349, 35203, 36263, 39301, 37985, 40079, 36032, 36638, 37472, 37815, 40916, 42855, 43235, 39366, 43181, 48123, 40088, 45859, 48154, 47545, 43415, 42322, 44857, 46611, 50146, 49220, 49578, 44826, 40015, 41938, 44245, 47768, 46965, 50157, 43745, 43888, 44226, 44625, 45325, 47969, 46542, 42102, 39553, 41666, 42872, 43573, 47394, 48572, 31647, 29141, 31232, 42956, 44210, 44314, 46077, 42021, 41139, 43589, 44489, 44167, 46434, 47723, 44092, 42465, 43504, 43048, 41444, 46956, 48090, 43770, 42017, 45758, 43429, 46626, 45080, 48710, 42842, 42354, 42519, 42891, 44286, 44933, 44698, 39219, 40354, 38524, 37755, 39835, 40221, 44981, 41002, 38497, 39038, 40410, 42888, 44054, 46539, 41509, 39539, 40750, 41547, 40962, 42358, 42059, 36632, 35861, 36181, 38357, 40188, 43051, 44437, 40476, 38699, 37989, 39096, 26771, 44014, 40149, 35913, 35311, 36519, 36595, 39653, 39539, 38650, 34377, 32889, 34606, 33943, 39307, 42193, 42732, 38459, 32466, 33073, 37229, 42206, 42603, 41673, 38762, 36979, 37173, 38397, 39832, 43167, 43973, 39477, 40638, 40779, 42049, 40340, 41214, 43292, 39632, 39400, 39075, 39611, 39867, 41647, 40856, 38372, 37358, 37194, 38103, 44119, 45336, 46337, 42103, 40383, 41635, 41268, 40437, 39035, 41469, 37681, 38449, 39164, 42088, 39116, 42300, 41364, 35167, 34609, 35167, 33513, 38044, 42019, 41308, 38371, 39114, 41817, 43342, 40799, 44973, 41467, 39361, 39038, 37559, 40860, 42889, 38445, 39386, 40023, 40519, 41013, 41039, 45707, 45970, 44958, 40087, 43010, 44115, 45274, 45110, 45424, 46306, 41508, 38819, 38375, 41538, 43794, 46405, 44015, 40142, 43361, 44095, 43058, 42438, 44111, 44254, 41919, 42990, 42324, 42234, 43334, 47752, 45917, 42354, 43315, 43322, 44652, 44736, 46663, 45966, 40321, 39787, 38783, 41016, 42659, 44688, 45931, 41726, 39096, 39628, 40244, 39952, 43358, 44242, 41727, 42172, 40171, 42986, 46192, 48672, 51974, 46849, 45629, 46051, 47037, 47186, 49165, 49691, 45138, 41829, 41867, 42404, 41936, 45534, 47776, 39045, 37195, 38381, 38771, 39641, 40355, 42311, 37875, 36552, 35920, 37639, 41041, 44344, 45172, 40995, 38703, 40512, 43345, 46489, 48417, 50313, 45278, 43012, 44198, 44960, 47422, 50198, 52062, 46315, 43245, 44621, 44594, 48571, 50663, 49063, 44498, 44036, 43003, 44327, 44634, 45388, 47577, 45853, 43418, 43904, 45527, 49517, 51506, 52993, 47578, 47312, 47595, 46893, 48649, 50891, 50648, 44720, 43751, 42851, 44101, 46486, 49067, 50409, 46419, 44293, 45168, 48223, 49141, 50420, 52394, 47014, 46373, 47300, 47444, 51328, 52054, 52444, 46179, 45576, 46957, 49618, 50542, 52948, 54993, 48087, 48482, 49010, 51507, 56808, 61043, 60937, 56329, 56750, 59943, 59231, 53317, 57400, 58152, 52102, 55265, 57618, 60813, 48239, 53349, 55556, 51314, 50524, 51878, 53260, 58571, 62641, 67201, 59250, 55652, 60961, 63464, 65237, 69073, 70807, 62208, 60556, 57157, 53242, 55204, 60612, 61651, 52741, 52585, 54193, 54943, 56731, 60186, 62323, 54042, 52614, 54434, 55768, 57385, 58484, 60524, 52968, 52760, 54508, 54688, 54714, 56173, 57915, 50629, 51241, 50772, 50853, 51474, 54722, 56102, 50456, 49326, 50261, 51970, 55174, 60098, 62911, 54866, 55420, 56621, 57795, 60498, 63337, 66702, 55087, 54883, 54605, 54213, 56376, 59554, 62816, 55318, 52248, 52192, 53452, 55128, 60378, 64343, 55271, 53742, 53239, 54159, 54236, 59662, 61395, 54202, 52702, 52569, 54601, 57148, 59586, 57588, 52057, 52034, 52160, 52872, 54371, 55619, 56159, 50192, 48448, 48981, 49777, 52564, 56544, 56622, 50925, 50299, 50686, 49884, 51539, 54936, 55760, 50750, 46807, 49881, 50985, 54888, 59442, 57078, 53044, 51646, 53205, 55489, 58773, 60028, 59453, 55155, 53812, 52300, 55346, 57736, 60104, 59964, 54238, 52610, 53504, 53472, 53410, 52962, 53042, 48656, 46515, 44455, 45250, 46537, 50518, 51460, 45857, 45303, 46993, 48255, 48532, 48318, 48282, 45307, 43473, 45937, 46850, 47347, 51020, 50598, 45862, 45475, 44690, 46243, 46923, 50414, 50609, 45380, 45097, 45346, 47156, 48313, 47947, 47955, 45176, 45448, 45655, 47646, 48091, 50927, 47770, 44910, 46240, 47205, 49452, 49579, 49618, 49807, 45051, 45091, 45279, 46595, 47601, 49416, 49914, 46009, 46296, 46358, 47524, 48193, 50098, 49215, 45964, 47450, 48107, 49144, 52472, 54880, 53916, 49080, 52631, 51979, 52327, 55411, 56883, 56749, 53975, 58498, 57526, 54641, 53959, 58812, 61179, 57935, 57100, 58557, 59732, 58048, 62533, 61387, 45377, 56966, 57482, 59021, 58745, 60413, 60451, 51938, 50260, 53830, 53158, 54243, 59507, 60353, 53787, 51984, 49911, 51903, 50876, 53674, 56040, 50024, 48152, 49320, 51208, 50502, 54867, 57685, 50704, 47671, 50251, 54879, 54616, 56580, 56730, 48177, 47946, 48756, 49547, 51868, 57496, 61095, 52954, 51468, 52930, 53157, 56377, 63924, 67308, 59579, 63498, 64973, 63992, 64860, 69203, 69104, 61339, 60574, 64099, 68433, 69580, 71789, 71713, 62061, 60257, 60186, 63827, 63620, 67462, 68151, 62711, 61797, 61931, 62152, 61747, 65847, 69659, 60339, 56882, 59234, 61439, 61891, 68857, 70109, 59322, 57561, 57606, 59482, 60318, 65031, 66165, 57447, 56429, 58993, 64181, 62113, 61732, 65204, 57629, 55633, 54428, 55540, 57940, 63713, 65263, 57410, 56678, 58839, 55893, 60944, 64072, 66082, 58316, 59396, 62143, 63919, 66759, 75720, 76842, 63341, 64633, 66068, 70593, 70547, 62707, 64008, 59039, 61274, 62473, 64667, 73528, 57973, 62903, 56987, 56764, 59375, 62066, 63209, 64922, 67321, 59832, 59590, 60038, 61948, 64639, 69785, 70597, 60297, 59568, 60058, 62489, 65307, 70151, 69436, 59114, 58216, 61783, 64795, 65825, 67542, 65344, 57159, 58695, 60914, 61835, 64094, 67922, 68183, 59391, 59296, 62200, 63448, 67147, 71526, 71569, 62421, 63113, 59510, 62389, 63952, 68096, 70208, 62201, 65908, 69344, 68590, 73580, 79142, 76032, 63935, 62926, 66390, 68191, 76716, 82462, 82254, 76404, 72462, 74646, 75139, 77454, 81183, 80830, 69103, 67659, 68277, 68787, 69959, 72561, 70853, 63994, 65085, 64708, 64579, 67602, 68578, 70027, 63462, 61695, 63040, 66494, 64763, 68313, 70231, 62961, 61308, 61749, 65823, 75405, 79223, 78436, 70966, 69141, 69633, 69922, 74597, 74912, 78096, 66091, 47979, 62058, 64671, 68996, 73715, 71537, 62368, 60467, 62815, 66740, 65807, 68878, 61737, 59950, 63338, 66827, 70680, 75908, 80650, 75080, 66216, 66534, 70974, 74493, 80875, 92563, 89289, 71507, 72364, 75473, 76653, 80222, 84653, 70587, 68702, 68237, 72966, 73188, 78312, 85406, 78918, 72787, 72314, 72955, 78166, 72954, 75871, 75286, 69254, 69891, 71191, 67816, 71817, 76245, 77744, 64313, 65543, 67080, 66965, 68901, 69035, 69810, 59691, 61826, 61816, 60302, 65064, 67140, 65039, 57532, 59820, 62156, 62475, 60718, 65626, 64550, 60527, 59084, 59353, 62322, 60219, 67088, 66252, 58003, 61973, 66214, 66178, 69743, 76310, 75470, 68549, 69684, 70706, 69738, 71149, 78112, 75898, 66572, 66816, 70456, 68525, 66885, 70174, 68399, 62108, 67195, 67912, 70155, 61440, 69011, 68883, 63439, 67244, 70793, 71233, 72310, 73798, 76158, 66593, 68509, 72264, 74381, 76987, 82493, 71933, 64919, 66178, 69186, 68658, 63723, 71813, 69240, 62274, 62471, 61970, 63535, 63232, 68919, 73166, 69984, 67830, 63302, 65391, 65582, 70499, 67810, 60091, 59378, 58148, 60091, 63663, 69072, 71944, 61586, 62572, 68776, 74398, 74595, 77615, 75496, 64112, 70024, 73480, 68484, 72511, 77093, 80140, 72211, 71136, 68416, 66438, 68059, 78568, 83326, 69800, 68558, 64958, 66980, 68170, 79565, 75858, 66028, 71985, 70875, 68138, 61305, 69034, 70467, 68037, 69423, 67828, 69100, 72768, 80604, 76421, 63763, 60681, 61541, 67399, 76127, 79902, 78625, 65943, 61420, 62348, 62904, 62781, 67731, 66813, 58092, 61304, 62537, 66952, 66373, 70385, 64565, 61966, 63989, 63210, 67642, 63353, 67450, 69976, 62723, 63942, 68293, 66739, 67400, 79425, 82346, 69481, 69016, 68337, 70235, 71604, 72657, 74531, 57819, 57158, 61116, 60941, 62400, 66811, 66283, 57718, 63838, 66128, 66420, 70129, 71844, 67558, 58426, 59617, 61766, 66539, 68809, 74347, 83872, 63800, 63826, 65163]}}, "day": {"data": [1260489600000, 1260576000000, 1260662400000, 1260748800000, 1260835200000, 1260921600000, 1261008000000, 1261094400000, 1261180800000, 1261267200000, 1261353600000, 1261440000000, 1261526400000, 1261612800000, 1261699200000, 1261785600000, 1261872000000, 1261958400000, 1262044800000, 1262131200000, 1262217600000, 1262304000000, 1262390400000, 1262476800000, 1262563200000, 1262649600000, 1262736000000, 1262822400000, 1262908800000, 1262995200000, 1263081600000, 1263168000000, 1263254400000, 1263340800000, 1263427200000, 1263513600000, 1263600000000, 1263686400000, 1263772800000, 1263859200000, 1263945600000, 1264032000000, 1264118400000, 1264204800000, 1264291200000, 1264377600000, 1264464000000, 1264550400000, 1264636800000, 1264723200000, 1264809600000, 1264896000000, 1264982400000, 1265068800000, 1265155200000, 1265241600000, 1265328000000, 1265414400000, 1265500800000, 1265587200000, 1265673600000, 1265760000000, 1265846400000, 1265932800000, 1266019200000, 1266105600000, 1266192000000, 1266278400000, 1266364800000, 1266451200000, 1266537600000, 1266624000000, 1266710400000, 1266796800000, 1266883200000, 1266969600000, 1267056000000, 1267142400000, 1267228800000, 1267315200000, 1267401600000, 1267488000000, 1267574400000, 1267660800000, 1267747200000, 1267833600000, 1267920000000, 1268006400000, 1268092800000, 1268179200000, 1268265600000, 1268352000000, 1268438400000, 1268524800000, 1268611200000, 1268697600000, 1268784000000, 1268870400000, 1268956800000, 1269043200000, 1269129600000, 1269216000000, 1269302400000, 1269388800000, 1269475200000, 1269561600000, 1269648000000, 1269734400000, 1269820800000, 1269907200000, 1269993600000, 1270080000000, 1270166400000, 1270252800000, 1270339200000, 1270425600000, 1270512000000, 1270598400000, 1270684800000, 1270771200000, 1270857600000, 1270944000000, 1271030400000, 1271116800000, 1271203200000, 1271289600000, 1271376000000, 1271462400000, 1271548800000, 1271635200000, 1271721600000, 1271808000000, 1271894400000, 1271980800000, 1272067200000, 1272153600000, 1272240000000, 1272326400000, 1272412800000, 1272499200000, 1272585600000, 1272672000000, 1272758400000, 1272844800000, 1272931200000, 1273017600000, 1273104000000, 1273190400000, 1273276800000, 1273363200000, 1273449600000, 1273536000000, 1273622400000, 1273708800000, 1273795200000, 1273881600000, 1273968000000, 1274054400000, 1274140800000, 1274227200000, 1274313600000, 1274400000000, 1274486400000, 1274572800000, 1274659200000, 1274745600000, 1274832000000, 1274918400000, 1275004800000, 1275091200000, 1275177600000, 1275264000000, 1275350400000, 1275436800000, 1275523200000, 1275609600000, 1275696000000, 1275782400000, 1275868800000, 1275955200000, 1276041600000, 1276128000000, 1276214400000, 1276300800000, 1276387200000, 1276473600000, 1276560000000, 1276646400000, 1276732800000, 1276819200000, 1276905600000, 1276992000000, 1277078400000, 1277164800000, 1277251200000, 1277337600000, 1277424000000, 1277510400000, 1277596800000, 1277683200000, 1277769600000, 1277856000000, 1277942400000, 1278028800000, 1278115200000, 1278201600000, 1278288000000, 1278374400000, 1278460800000, 1278547200000, 1278633600000, 1278720000000, 1278806400000, 1278892800000, 1278979200000, 1279065600000, 1279152000000, 1279238400000, 1279324800000, 1279411200000, 1279497600000, 1279584000000, 1279670400000, 1279756800000, 1279843200000, 1279929600000, 1280016000000, 1280102400000, 1280188800000, 1280275200000, 1280361600000, 1280448000000, 1280534400000, 1280620800000, 1280707200000, 1280793600000, 1280880000000, 1280966400000, 1281052800000, 1281139200000, 1281225600000, 1281312000000, 1281398400000, 1281484800000, 1281571200000, 1281657600000, 1281744000000, 1281830400000, 1281916800000, 1282003200000, 1282089600000, 1282176000000, 1282262400000, 1282348800000, 1282435200000, 1282521600000, 1282608000000, 1282694400000, 1282780800000, 1282867200000, 1282953600000, 1283040000000, 1283126400000, 1283212800000, 1283299200000, 1283385600000, 1283472000000, 1283558400000, 1283644800000, 1283731200000, 1283817600000, 1283904000000, 1283990400000, 1284076800000, 1284163200000, 1284249600000, 1284336000000, 1284422400000, 1284508800000, 1284595200000, 1284681600000, 1284768000000, 1284854400000, 1284940800000, 1285027200000, 1285113600000, 1285200000000, 1285286400000, 1285372800000, 1285459200000, 1285545600000, 1285632000000, 1285718400000, 1285804800000, 1285891200000, 1285977600000, 1286064000000, 1286150400000, 1286236800000, 1286323200000, 1286409600000, 1286496000000, 1286582400000, 1286668800000, 1286755200000, 1286841600000, 1286928000000, 1287014400000, 1287100800000, 1287187200000, 1287273600000, 1287360000000, 1287446400000, 1287532800000, 1287619200000, 1287705600000, 1287792000000, 1287878400000, 1287964800000, 1288051200000, 1288137600000, 1288224000000, 1288310400000, 1288396800000, 1288483200000, 1288569600000, 1288656000000, 1288742400000, 1288828800000, 1288915200000, 1289001600000, 1289088000000, 1289174400000, 1289260800000, 1289347200000, 1289433600000, 1289520000000, 1289606400000, 1289692800000, 1289779200000, 1289865600000, 1289952000000, 1290038400000, 1290124800000, 1290211200000, 1290297600000, 1290384000000, 1290470400000, 1290556800000, 1290643200000, 1290729600000, 1290816000000, 1290902400000, 1290988800000, 1291075200000, 1291161600000, 1291248000000, 1291334400000, 1291420800000, 1291507200000, 1291593600000, 1291680000000, 1291766400000, 1291852800000, 1291939200000, 1292025600000, 1292112000000, 1292198400000, 1292284800000, 1292371200000, 1292457600000, 1292544000000, 1292630400000, 1292716800000, 1292803200000, 1292889600000, 1292976000000, 1293062400000, 1293148800000, 1293235200000, 1293321600000, 1293408000000, 1293494400000, 1293580800000, 1293667200000, 1293753600000, 1293840000000, 1293926400000, 1294012800000, 1294099200000, 1294185600000, 1294272000000, 1294358400000, 1294444800000, 1294531200000, 1294617600000, 1294704000000, 1294790400000, 1294876800000, 1294963200000, 1295049600000, 1295136000000, 1295222400000, 1295308800000, 1295395200000, 1295481600000, 1295568000000, 1295654400000, 1295740800000, 1295827200000, 1295913600000, 1296000000000, 1296086400000, 1296172800000, 1296259200000, 1296345600000, 1296432000000, 1296518400000, 1296604800000, 1296691200000, 1296777600000, 1296864000000, 1296950400000, 1297036800000, 1297123200000, 1297209600000, 1297296000000, 1297382400000, 1297468800000, 1297555200000, 1297641600000, 1297728000000, 1297814400000, 1297900800000, 1297987200000, 1298073600000, 1298160000000, 1298246400000, 1298332800000, 1298419200000, 1298505600000, 1298592000000, 1298678400000, 1298764800000, 1298851200000, 1298937600000, 1299024000000, 1299110400000, 1299196800000, 1299283200000, 1299369600000, 1299456000000, 1299542400000, 1299628800000, 1299715200000, 1299801600000, 1299888000000, 1299974400000, 1300060800000, 1300147200000, 1300233600000, 1300320000000, 1300406400000, 1300492800000, 1300579200000, 1300665600000, 1300752000000, 1300838400000, 1300924800000, 1301011200000, 1301097600000, 1301184000000, 1301270400000, 1301356800000, 1301443200000, 1301529600000, 1301616000000, 1301702400000, 1301788800000, 1301875200000, 1301961600000, 1302048000000, 1302134400000, 1302220800000, 1302307200000, 1302393600000, 1302480000000, 1302566400000, 1302652800000, 1302739200000, 1302825600000, 1302912000000, 1302998400000, 1303084800000, 1303171200000, 1303257600000, 1303344000000, 1303430400000, 1303516800000, 1303603200000, 1303689600000, 1303776000000, 1303862400000, 1303948800000, 1304035200000, 1304121600000, 1304208000000, 1304294400000, 1304380800000, 1304467200000, 1304553600000, 1304640000000, 1304726400000, 1304812800000, 1304899200000, 1304985600000, 1305072000000, 1305158400000, 1305244800000, 1305331200000, 1305417600000, 1305504000000, 1305590400000, 1305676800000, 1305763200000, 1305849600000, 1305936000000, 1306022400000, 1306108800000, 1306195200000, 1306281600000, 1306368000000, 1306454400000, 1306540800000, 1306627200000, 1306713600000, 1306800000000, 1306886400000, 1306972800000, 1307059200000, 1307145600000, 1307232000000, 1307318400000, 1307404800000, 1307491200000, 1307577600000, 1307664000000, 1307750400000, 1307836800000, 1307923200000, 1308009600000, 1308096000000, 1308182400000, 1308268800000, 1308355200000, 1308441600000, 1308528000000, 1308614400000, 1308700800000, 1308787200000, 1308873600000, 1308960000000, 1309046400000, 1309132800000, 1309219200000, 1309305600000, 1309392000000, 1309478400000, 1309564800000, 1309651200000, 1309737600000, 1309824000000, 1309910400000, 1309996800000, 1310083200000, 1310169600000, 1310256000000, 1310342400000, 1310428800000, 1310515200000, 1310601600000, 1310688000000, 1310774400000, 1310860800000, 1310947200000, 1311033600000, 1311120000000, 1311206400000, 1311292800000, 1311379200000, 1311465600000, 1311552000000, 1311638400000, 1311724800000, 1311811200000, 1311897600000, 1311984000000, 1312070400000, 1312156800000, 1312243200000, 1312329600000, 1312416000000, 1312502400000, 1312588800000, 1312675200000, 1312761600000, 1312848000000, 1312934400000, 1313020800000, 1313107200000, 1313193600000, 1313280000000, 1313366400000, 1313452800000, 1313539200000, 1313625600000, 1313712000000, 1313798400000, 1313884800000, 1313971200000, 1314057600000, 1314144000000, 1314230400000, 1314316800000, 1314403200000, 1314489600000, 1314576000000, 1314662400000, 1314748800000, 1314835200000, 1314921600000, 1315008000000, 1315094400000, 1315180800000, 1315267200000, 1315353600000, 1315440000000, 1315526400000, 1315612800000, 1315699200000, 1315785600000, 1315872000000, 1315958400000, 1316044800000, 1316131200000, 1316217600000, 1316304000000, 1316390400000, 1316476800000, 1316563200000, 1316649600000, 1316736000000, 1316822400000, 1316908800000, 1316995200000, 1317081600000, 1317168000000, 1317254400000, 1317340800000, 1317427200000, 1317513600000, 1317600000000, 1317686400000, 1317772800000, 1317859200000, 1317945600000, 1318032000000, 1318118400000, 1318204800000, 1318291200000, 1318377600000, 1318464000000, 1318550400000, 1318636800000, 1318723200000, 1318809600000, 1318896000000, 1318982400000, 1319068800000, 1319155200000, 1319241600000, 1319328000000, 1319414400000, 1319500800000, 1319587200000, 1319673600000, 1319760000000, 1319846400000, 1319932800000, 1320019200000, 1320105600000, 1320192000000, 1320278400000, 1320364800000, 1320451200000, 1320537600000, 1320624000000, 1320710400000, 1320796800000, 1320883200000, 1320969600000, 1321056000000, 1321142400000, 1321228800000, 1321315200000, 1321401600000, 1321488000000, 1321574400000, 1321660800000, 1321747200000, 1321833600000, 1321920000000, 1322006400000, 1322092800000, 1322179200000, 1322265600000, 1322352000000, 1322438400000, 1322524800000, 1322611200000, 1322697600000, 1322784000000, 1322870400000, 1322956800000, 1323043200000, 1323129600000, 1323216000000, 1323302400000, 1323388800000, 1323475200000, 1323561600000, 1323648000000, 1323734400000, 1323820800000, 1323907200000, 1323993600000, 1324080000000, 1324166400000, 1324252800000, 1324339200000, 1324425600000, 1324512000000, 1324598400000, 1324684800000, 1324771200000, 1324857600000, 1324944000000, 1325030400000, 1325116800000, 1325203200000, 1325289600000, 1325376000000, 1325462400000, 1325548800000, 1325635200000, 1325721600000, 1325808000000, 1325894400000, 1325980800000, 1326067200000, 1326153600000, 1326240000000, 1326326400000, 1326412800000, 1326499200000, 1326585600000, 1326672000000, 1326758400000, 1326844800000, 1326931200000, 1327017600000, 1327104000000, 1327190400000, 1327276800000, 1327363200000, 1327449600000, 1327536000000, 1327622400000, 1327708800000, 1327795200000, 1327881600000, 1327968000000, 1328054400000, 1328140800000, 1328227200000, 1328313600000, 1328400000000, 1328486400000, 1328572800000, 1328659200000, 1328745600000, 1328832000000, 1328918400000, 1329004800000, 1329091200000, 1329177600000, 1329264000000, 1329350400000, 1329436800000, 1329523200000, 1329609600000, 1329696000000, 1329782400000, 1329868800000, 1329955200000, 1330041600000, 1330128000000, 1330214400000, 1330300800000, 1330387200000, 1330473600000, 1330560000000, 1330646400000, 1330732800000, 1330819200000, 1330905600000, 1330992000000, 1331078400000, 1331164800000, 1331251200000, 1331337600000, 1331424000000, 1331510400000, 1331596800000, 1331683200000, 1331769600000, 1331856000000, 1331942400000, 1332028800000, 1332115200000, 1332201600000, 1332288000000, 1332374400000, 1332460800000, 1332547200000, 1332633600000, 1332720000000, 1332806400000, 1332892800000, 1332979200000, 1333065600000, 1333152000000, 1333238400000, 1333324800000, 1333411200000, 1333497600000, 1333584000000, 1333670400000, 1333756800000, 1333843200000, 1333929600000, 1334016000000, 1334102400000, 1334188800000, 1334275200000, 1334361600000, 1334448000000, 1334534400000, 1334620800000, 1334707200000, 1334793600000, 1334880000000, 1334966400000, 1335052800000, 1335139200000, 1335225600000, 1335312000000, 1335398400000, 1335484800000, 1335571200000, 1335657600000, 1335744000000, 1335830400000, 1335916800000, 1336003200000, 1336089600000, 1336176000000, 1336262400000, 1336348800000, 1336435200000, 1336521600000, 1336608000000, 1336694400000, 1336780800000, 1336867200000, 1336953600000, 1337040000000, 1337126400000, 1337212800000, 1337299200000, 1337385600000, 1337472000000, 1337558400000, 1337644800000, 1337731200000, 1337817600000, 1337904000000, 1337990400000, 1338076800000, 1338163200000, 1338249600000, 1338336000000, 1338422400000, 1338508800000, 1338595200000, 1338681600000, 1338768000000, 1338854400000, 1338940800000, 1339027200000, 1339113600000, 1339200000000, 1339286400000, 1339372800000, 1339459200000, 1339545600000, 1339632000000, 1339718400000, 1339804800000, 1339891200000, 1339977600000, 1340064000000, 1340150400000, 1340236800000, 1340323200000, 1340409600000, 1340496000000, 1340582400000, 1340668800000, 1340755200000, 1340841600000, 1340928000000, 1341014400000, 1341100800000, 1341187200000, 1341273600000, 1341360000000, 1341446400000, 1341532800000, 1341619200000, 1341705600000, 1341792000000, 1341878400000, 1341964800000, 1342051200000, 1342137600000, 1342224000000, 1342310400000, 1342396800000, 1342483200000, 1342569600000, 1342656000000, 1342742400000, 1342828800000, 1342915200000, 1343001600000, 1343088000000, 1343174400000, 1343260800000, 1343347200000, 1343433600000, 1343520000000, 1343606400000, 1343692800000, 1343779200000, 1343865600000, 1343952000000, 1344038400000, 1344124800000, 1344211200000, 1344297600000, 1344384000000, 1344470400000, 1344556800000, 1344643200000, 1344729600000, 1344816000000, 1344902400000, 1344988800000, 1345075200000, 1345161600000, 1345248000000, 1345334400000, 1345420800000, 1345507200000, 1345593600000, 1345680000000, 1345766400000, 1345852800000, 1345939200000, 1346025600000, 1346112000000, 1346198400000, 1346284800000, 1346371200000, 1346457600000, 1346544000000, 1346630400000, 1346716800000, 1346803200000, 1346889600000, 1346976000000, 1347062400000, 1347148800000, 1347235200000, 1347321600000, 1347408000000, 1347494400000, 1347580800000, 1347667200000, 1347753600000, 1347840000000, 1347926400000, 1348012800000, 1348099200000, 1348185600000, 1348272000000, 1348358400000, 1348444800000, 1348531200000, 1348617600000, 1348704000000, 1348790400000, 1348876800000, 1348963200000, 1349049600000, 1349136000000, 1349222400000, 1349308800000, 1349395200000, 1349481600000, 1349568000000, 1349654400000, 1349740800000, 1349827200000, 1349913600000, 1350000000000, 1350086400000, 1350172800000, 1350259200000, 1350345600000, 1350432000000, 1350518400000, 1350604800000, 1350691200000, 1350777600000, 1350864000000, 1350950400000, 1351036800000, 1351123200000, 1351209600000, 1351296000000, 1351382400000, 1351468800000, 1351555200000, 1351641600000, 1351728000000, 1351814400000, 1351900800000, 1351987200000, 1352073600000, 1352160000000, 1352246400000, 1352332800000, 1352419200000, 1352505600000, 1352592000000, 1352678400000, 1352764800000, 1352851200000, 1352937600000, 1353024000000, 1353110400000, 1353196800000, 1353283200000, 1353369600000, 1353456000000, 1353542400000, 1353628800000, 1353715200000, 1353801600000, 1353888000000, 1353974400000, 1354060800000, 1354147200000, 1354233600000, 1354320000000, 1354406400000, 1354492800000, 1354579200000, 1354665600000, 1354752000000, 1354838400000, 1354924800000, 1355011200000, 1355097600000, 1355184000000, 1355270400000, 1355356800000, 1355443200000, 1355529600000, 1355616000000, 1355702400000, 1355788800000, 1355875200000, 1355961600000, 1356048000000, 1356134400000, 1356220800000, 1356307200000, 1356393600000, 1356480000000, 1356566400000, 1356652800000, 1356739200000, 1356825600000, 1356912000000, 1356998400000, 1357084800000, 1357171200000, 1357257600000, 1357344000000, 1357430400000, 1357516800000, 1357603200000, 1357689600000, 1357776000000, 1357862400000, 1357948800000, 1358035200000, 1358121600000, 1358208000000, 1358294400000, 1358380800000, 1358467200000, 1358553600000, 1358640000000, 1358726400000, 1358812800000, 1358899200000, 1358985600000, 1359072000000, 1359158400000, 1359244800000, 1359331200000, 1359417600000, 1359504000000, 1359590400000, 1359676800000, 1359763200000, 1359849600000, 1359936000000, 1360022400000, 1360108800000, 1360195200000, 1360281600000, 1360368000000, 1360454400000, 1360540800000, 1360627200000, 1360713600000, 1360800000000, 1360886400000, 1360972800000, 1361059200000, 1361145600000, 1361232000000, 1361318400000, 1361404800000, 1361491200000, 1361577600000, 1361664000000, 1361750400000, 1361836800000, 1361923200000, 1362009600000, 1362096000000, 1362182400000, 1362268800000, 1362355200000, 1362441600000, 1362528000000, 1362614400000, 1362700800000, 1362787200000, 1362873600000, 1362960000000, 1363046400000, 1363132800000, 1363219200000, 1363305600000, 1363392000000, 1363478400000, 1363564800000, 1363651200000, 1363737600000, 1363824000000, 1363910400000, 1363996800000, 1364083200000, 1364169600000, 1364256000000, 1364342400000, 1364428800000, 1364515200000, 1364601600000, 1364688000000, 1364774400000, 1364860800000, 1364947200000, 1365033600000, 1365120000000, 1365206400000, 1365292800000, 1365379200000, 1365465600000, 1365552000000, 1365638400000, 1365724800000, 1365811200000, 1365897600000, 1365984000000, 1366070400000, 1366156800000, 1366243200000, 1366329600000, 1366416000000, 1366502400000, 1366588800000, 1366675200000, 1366761600000, 1366848000000, 1366934400000, 1367020800000, 1367107200000, 1367193600000, 1367280000000, 1367366400000, 1367452800000, 1367539200000, 1367625600000, 1367712000000, 1367798400000, 1367884800000, 1367971200000, 1368057600000, 1368144000000, 1368230400000, 1368316800000, 1368403200000, 1368489600000, 1368576000000, 1368662400000, 1368748800000, 1368835200000, 1368921600000, 1369008000000, 1369094400000, 1369180800000, 1369267200000, 1369353600000, 1369440000000, 1369526400000, 1369612800000, 1369699200000, 1369785600000, 1369872000000, 1369958400000, 1370044800000, 1370131200000, 1370217600000, 1370304000000, 1370390400000, 1370476800000, 1370563200000, 1370649600000, 1370736000000, 1370822400000, 1370908800000, 1370995200000, 1371081600000, 1371168000000, 1371254400000, 1371340800000, 1371427200000, 1371513600000, 1371600000000, 1371686400000, 1371772800000, 1371859200000, 1371945600000, 1372032000000, 1372118400000, 1372204800000, 1372291200000, 1372377600000, 1372464000000, 1372550400000, 1372636800000, 1372723200000, 1372809600000, 1372896000000, 1372982400000, 1373068800000, 1373155200000, 1373241600000, 1373328000000, 1373414400000, 1373500800000, 1373587200000, 1373673600000, 1373760000000, 1373846400000, 1373932800000, 1374019200000, 1374105600000, 1374192000000, 1374278400000, 1374364800000, 1374451200000, 1374537600000, 1374624000000, 1374710400000, 1374796800000, 1374883200000, 1374969600000, 1375056000000, 1375142400000, 1375228800000, 1375315200000, 1375401600000, 1375488000000, 1375574400000, 1375660800000, 1375747200000, 1375833600000, 1375920000000, 1376006400000, 1376092800000, 1376179200000, 1376265600000, 1376352000000, 1376438400000, 1376524800000, 1376611200000, 1376697600000, 1376784000000, 1376870400000, 1376956800000, 1377043200000, 1377129600000, 1377216000000, 1377302400000, 1377388800000, 1377475200000, 1377561600000, 1377648000000, 1377734400000, 1377820800000, 1377907200000, 1377993600000, 1378080000000, 1378166400000, 1378252800000, 1378339200000, 1378425600000, 1378512000000, 1378598400000, 1378684800000, 1378771200000, 1378857600000, 1378944000000, 1379030400000, 1379116800000, 1379203200000, 1379289600000, 1379376000000, 1379462400000, 1379548800000, 1379635200000, 1379721600000, 1379808000000, 1379894400000, 1379980800000, 1380067200000, 1380153600000, 1380240000000, 1380326400000, 1380412800000, 1380499200000, 1380585600000, 1380672000000, 1380758400000, 1380844800000, 1380931200000, 1381017600000, 1381104000000, 1381190400000, 1381276800000, 1381363200000, 1381449600000, 1381536000000, 1381622400000, 1381708800000, 1381795200000, 1381881600000, 1381968000000, 1382054400000, 1382140800000, 1382227200000, 1382313600000, 1382400000000, 1382486400000, 1382572800000, 1382659200000, 1382745600000, 1382832000000, 1382918400000, 1383004800000, 1383091200000, 1383177600000, 1383264000000, 1383350400000, 1383436800000, 1383523200000, 1383609600000, 1383696000000, 1383782400000, 1383868800000, 1383955200000, 1384041600000, 1384128000000, 1384214400000, 1384300800000, 1384387200000, 1384473600000, 1384560000000, 1384646400000, 1384732800000, 1384819200000, 1384905600000, 1384992000000, 1385078400000, 1385164800000, 1385251200000, 1385337600000, 1385424000000, 1385510400000, 1385596800000, 1385683200000, 1385769600000, 1385856000000, 1385942400000, 1386028800000, 1386115200000, 1386201600000, 1386288000000, 1386374400000, 1386460800000, 1386547200000, 1386633600000, 1386720000000, 1386806400000, 1386892800000, 1386979200000, 1387065600000, 1387152000000, 1387238400000, 1387324800000, 1387411200000, 1387497600000, 1387584000000, 1387670400000, 1387756800000, 1387843200000, 1387929600000, 1388016000000, 1388102400000, 1388188800000, 1388275200000, 1388361600000, 1388448000000, 1388534400000, 1388620800000, 1388707200000, 1388793600000, 1388880000000, 1388966400000, 1389052800000, 1389139200000, 1389225600000, 1389312000000, 1389398400000, 1389484800000, 1389571200000, 1389657600000, 1389744000000, 1389830400000, 1389916800000, 1390003200000, 1390089600000, 1390176000000, 1390262400000, 1390348800000, 1390435200000, 1390521600000, 1390608000000, 1390694400000, 1390780800000, 1390867200000, 1390953600000, 1391040000000, 1391126400000, 1391212800000, 1391299200000, 1391385600000, 1391472000000, 1391558400000, 1391644800000, 1391731200000, 1391817600000, 1391904000000, 1391990400000, 1392076800000, 1392163200000, 1392249600000, 1392336000000, 1392422400000, 1392508800000, 1392595200000, 1392681600000, 1392768000000, 1392854400000, 1392940800000, 1393027200000, 1393113600000, 1393200000000, 1393286400000, 1393372800000, 1393459200000, 1393545600000, 1393632000000, 1393718400000, 1393804800000, 1393891200000, 1393977600000, 1394064000000, 1394150400000, 1394236800000, 1394323200000, 1394409600000, 1394496000000, 1394582400000, 1394668800000, 1394755200000, 1394841600000, 1394928000000, 1395014400000, 1395100800000, 1395187200000, 1395273600000, 1395360000000, 1395446400000, 1395532800000, 1395619200000, 1395705600000, 1395792000000, 1395878400000, 1395964800000, 1396051200000, 1396137600000, 1396224000000, 1396310400000, 1396396800000, 1396483200000, 1396569600000, 1396656000000, 1396742400000, 1396828800000, 1396915200000, 1397001600000, 1397088000000, 1397174400000, 1397260800000, 1397347200000, 1397433600000, 1397520000000, 1397606400000, 1397692800000, 1397779200000, 1397865600000, 1397952000000, 1398038400000, 1398124800000, 1398211200000, 1398297600000, 1398384000000, 1398470400000, 1398556800000, 1398643200000, 1398729600000, 1398816000000, 1398902400000, 1398988800000, 1399075200000, 1399161600000, 1399248000000, 1399334400000, 1399420800000, 1399507200000, 1399593600000, 1399680000000, 1399766400000, 1399852800000, 1399939200000, 1400025600000, 1400112000000, 1400198400000, 1400284800000, 1400371200000, 1400457600000, 1400544000000, 1400630400000, 1400716800000, 1400803200000, 1400889600000, 1400976000000, 1401062400000, 1401148800000, 1401235200000, 1401321600000, 1401408000000, 1401494400000, 1401580800000, 1401667200000, 1401753600000, 1401840000000, 1401926400000, 1402012800000, 1402099200000, 1402185600000, 1402272000000, 1402358400000, 1402444800000, 1402531200000, 1402617600000, 1402704000000, 1402790400000, 1402876800000, 1402963200000, 1403049600000, 1403136000000, 1403222400000, 1403308800000, 1403395200000, 1403481600000, 1403568000000, 1403654400000, 1403740800000, 1403827200000, 1403913600000, 1404000000000, 1404086400000, 1404172800000, 1404259200000, 1404345600000, 1404432000000, 1404518400000, 1404604800000, 1404691200000, 1404777600000, 1404864000000, 1404950400000, 1405036800000, 1405123200000, 1405209600000, 1405296000000, 1405382400000, 1405468800000, 1405555200000, 1405641600000, 1405728000000, 1405814400000, 1405900800000, 1405987200000, 1406073600000, 1406160000000, 1406246400000, 1406332800000, 1406419200000, 1406505600000, 1406592000000, 1406678400000, 1406764800000, 1406851200000, 1406937600000, 1407024000000, 1407110400000, 1407196800000, 1407283200000, 1407369600000, 1407456000000, 1407542400000, 1407628800000, 1407715200000, 1407801600000, 1407888000000, 1407974400000, 1408060800000, 1408147200000, 1408233600000, 1408320000000, 1408406400000, 1408492800000, 1408579200000, 1408665600000, 1408752000000, 1408838400000, 1408924800000, 1409011200000, 1409097600000, 1409184000000, 1409270400000, 1409356800000, 1409443200000, 1409529600000, 1409616000000, 1409702400000, 1409788800000, 1409875200000, 1409961600000, 1410048000000, 1410134400000, 1410220800000, 1410307200000, 1410393600000, 1410480000000, 1410566400000, 1410652800000, 1410739200000, 1410825600000, 1410912000000, 1410998400000, 1411084800000, 1411171200000, 1411257600000, 1411344000000, 1411430400000, 1411516800000, 1411603200000, 1411689600000, 1411776000000, 1411862400000, 1411948800000, 1412035200000, 1412121600000, 1412208000000, 1412294400000, 1412380800000, 1412467200000, 1412553600000, 1412640000000, 1412726400000, 1412812800000, 1412899200000, 1412985600000, 1413072000000, 1413158400000, 1413244800000, 1413331200000, 1413417600000, 1413504000000, 1413590400000, 1413676800000, 1413763200000, 1413849600000, 1413936000000, 1414022400000, 1414108800000, 1414195200000, 1414281600000, 1414368000000, 1414454400000, 1414540800000, 1414627200000, 1414713600000, 1414800000000, 1414886400000, 1414972800000, 1415059200000, 1415145600000, 1415232000000, 1415318400000, 1415404800000, 1415491200000, 1415577600000, 1415664000000, 1415750400000, 1415836800000, 1415923200000, 1416009600000, 1416096000000, 1416182400000, 1416268800000, 1416355200000, 1416441600000, 1416528000000, 1416614400000, 1416700800000, 1416787200000, 1416873600000, 1416960000000, 1417046400000, 1417132800000, 1417219200000, 1417305600000, 1417392000000, 1417478400000, 1417564800000, 1417651200000, 1417737600000, 1417824000000, 1417910400000, 1417996800000, 1418083200000, 1418169600000, 1418256000000, 1418342400000, 1418428800000, 1418515200000, 1418601600000, 1418688000000, 1418774400000, 1418860800000, 1418947200000, 1419033600000, 1419120000000, 1419206400000, 1419292800000, 1419379200000, 1419465600000, 1419552000000, 1419638400000, 1419724800000, 1419811200000, 1419897600000, 1419984000000, 1420070400000, 1420156800000, 1420243200000, 1420329600000, 1420416000000, 1420502400000, 1420588800000, 1420675200000, 1420761600000, 1420848000000, 1420934400000, 1421020800000, 1421107200000, 1421193600000, 1421280000000, 1421366400000, 1421452800000, 1421539200000, 1421625600000, 1421712000000, 1421798400000, 1421884800000, 1421971200000, 1422057600000, 1422144000000, 1422230400000, 1422316800000, 1422403200000, 1422489600000, 1422576000000, 1422662400000, 1422748800000, 1422835200000, 1422921600000, 1423008000000, 1423094400000, 1423180800000, 1423267200000, 1423353600000, 1423440000000, 1423526400000, 1423612800000, 1423699200000, 1423785600000, 1423872000000, 1423958400000, 1424044800000, 1424131200000, 1424217600000, 1424304000000, 1424390400000, 1424476800000, 1424563200000, 1424649600000, 1424736000000, 1424822400000, 1424908800000, 1424995200000, 1425081600000, 1425168000000, 1425254400000, 1425340800000, 1425427200000, 1425513600000, 1425600000000, 1425686400000, 1425772800000, 1425859200000, 1425945600000, 1426032000000, 1426118400000, 1426204800000, 1426291200000, 1426377600000, 1426464000000, 1426550400000, 1426636800000, 1426723200000, 1426809600000, 1426896000000, 1426982400000, 1427068800000, 1427155200000, 1427241600000, 1427328000000, 1427414400000, 1427500800000, 1427587200000, 1427673600000, 1427760000000, 1427846400000, 1427932800000, 1428019200000, 1428105600000, 1428192000000, 1428278400000, 1428364800000, 1428451200000, 1428537600000, 1428624000000, 1428710400000, 1428796800000, 1428883200000, 1428969600000, 1429056000000, 1429142400000, 1429228800000, 1429315200000, 1429401600000, 1429488000000, 1429574400000, 1429660800000, 1429747200000, 1429833600000, 1429920000000, 1430006400000, 1430092800000, 1430179200000, 1430265600000, 1430352000000, 1430438400000, 1430524800000, 1430611200000, 1430697600000, 1430784000000, 1430870400000, 1430956800000, 1431043200000, 1431129600000, 1431216000000, 1431302400000, 1431388800000, 1431475200000, 1431561600000, 1431648000000, 1431734400000, 1431820800000, 1431907200000, 1431993600000, 1432080000000, 1432166400000, 1432252800000, 1432339200000, 1432425600000, 1432512000000, 1432598400000, 1432684800000, 1432771200000, 1432857600000, 1432944000000, 1433030400000, 1433116800000, 1433203200000, 1433289600000, 1433376000000, 1433462400000, 1433548800000, 1433635200000, 1433721600000, 1433808000000, 1433894400000, 1433980800000, 1434067200000, 1434153600000, 1434240000000, 1434326400000, 1434412800000, 1434499200000, 1434585600000, 1434672000000, 1434758400000, 1434844800000, 1434931200000, 1435017600000, 1435104000000, 1435190400000, 1435276800000, 1435363200000, 1435449600000, 1435536000000, 1435622400000, 1435708800000, 1435795200000, 1435881600000, 1435968000000, 1436054400000, 1436140800000, 1436227200000, 1436313600000, 1436400000000, 1436486400000, 1436572800000, 1436659200000, 1436745600000, 1436832000000, 1436918400000, 1437004800000, 1437091200000, 1437177600000, 1437264000000, 1437350400000, 1437436800000, 1437523200000, 1437609600000, 1437696000000, 1437782400000, 1437868800000, 1437955200000, 1438041600000, 1438128000000, 1438214400000, 1438300800000, 1438387200000, 1438473600000, 1438560000000, 1438646400000, 1438732800000, 1438819200000, 1438905600000, 1438992000000, 1439078400000, 1439164800000, 1439251200000, 1439337600000, 1439424000000, 1439510400000, 1439596800000, 1439683200000, 1439769600000, 1439856000000, 1439942400000, 1440028800000, 1440115200000, 1440201600000, 1440288000000, 1440374400000, 1440460800000, 1440547200000, 1440633600000, 1440720000000, 1440806400000, 1440892800000, 1440979200000, 1441065600000, 1441152000000, 1441238400000, 1441324800000, 1441411200000, 1441497600000, 1441584000000, 1441670400000, 1441756800000, 1441843200000, 1441929600000, 1442016000000, 1442102400000, 1442188800000, 1442275200000, 1442361600000, 1442448000000, 1442534400000, 1442620800000, 1442707200000, 1442793600000, 1442880000000, 1442966400000, 1443052800000, 1443139200000, 1443225600000, 1443312000000, 1443398400000, 1443484800000, 1443571200000, 1443657600000, 1443744000000, 1443830400000, 1443916800000, 1444003200000, 1444089600000, 1444176000000, 1444262400000, 1444348800000, 1444435200000, 1444521600000, 1444608000000, 1444694400000, 1444780800000, 1444867200000, 1444953600000, 1445040000000, 1445126400000, 1445212800000, 1445299200000, 1445385600000, 1445472000000, 1445558400000, 1445644800000, 1445731200000, 1445817600000, 1445904000000, 1445990400000, 1446076800000, 1446163200000, 1446249600000, 1446336000000, 1446422400000, 1446508800000, 1446595200000, 1446681600000, 1446768000000, 1446854400000, 1446940800000, 1447027200000, 1447113600000, 1447200000000, 1447286400000, 1447372800000, 1447459200000, 1447545600000, 1447632000000, 1447718400000, 1447804800000, 1447891200000, 1447977600000, 1448064000000, 1448150400000, 1448236800000, 1448323200000, 1448409600000, 1448496000000, 1448582400000, 1448668800000, 1448755200000, 1448841600000, 1448928000000, 1449014400000, 1449100800000, 1449187200000, 1449273600000, 1449360000000, 1449446400000, 1449532800000, 1449619200000, 1449705600000, 1449792000000, 1449878400000, 1449964800000, 1450051200000, 1450137600000, 1450224000000, 1450310400000, 1450396800000, 1450483200000, 1450569600000, 1450656000000, 1450742400000, 1450828800000, 1450915200000, 1451001600000, 1451088000000, 1451174400000, 1451260800000, 1451347200000, 1451433600000, 1451520000000, 1451606400000, 1451692800000, 1451779200000, 1451865600000, 1451952000000, 1452038400000, 1452124800000, 1452211200000, 1452297600000, 1452384000000, 1452470400000, 1452556800000, 1452643200000, 1452729600000, 1452816000000, 1452902400000, 1452988800000, 1453075200000, 1453161600000, 1453248000000, 1453334400000, 1453420800000, 1453507200000, 1453593600000, 1453680000000, 1453766400000, 1453852800000, 1453939200000, 1454025600000, 1454112000000, 1454198400000, 1454284800000, 1454371200000, 1454457600000, 1454544000000, 1454630400000, 1454716800000, 1454803200000, 1454889600000, 1454976000000, 1455062400000, 1455148800000, 1455235200000, 1455321600000, 1455408000000, 1455494400000, 1455580800000, 1455667200000, 1455753600000, 1455840000000, 1455926400000, 1456012800000, 1456099200000, 1456185600000, 1456272000000, 1456358400000, 1456444800000, 1456531200000, 1456617600000, 1456704000000, 1456790400000, 1456876800000, 1456963200000, 1457049600000, 1457136000000, 1457222400000, 1457308800000, 1457395200000, 1457481600000, 1457568000000, 1457654400000, 1457740800000, 1457827200000, 1457913600000, 1458000000000, 1458086400000, 1458172800000, 1458259200000, 1458345600000, 1458432000000, 1458518400000, 1458604800000, 1458691200000, 1458777600000, 1458864000000, 1458950400000, 1459036800000, 1459123200000, 1459209600000, 1459296000000, 1459382400000, 1459468800000, 1459555200000, 1459641600000, 1459728000000, 1459814400000, 1459900800000, 1459987200000, 1460073600000, 1460160000000, 1460246400000, 1460332800000, 1460419200000, 1460505600000, 1460592000000, 1460678400000, 1460764800000, 1460851200000, 1460937600000, 1461024000000, 1461110400000, 1461196800000, 1461283200000, 1461369600000, 1461456000000, 1461542400000, 1461628800000, 1461715200000, 1461801600000, 1461888000000, 1461974400000, 1462060800000, 1462147200000, 1462233600000, 1462320000000, 1462406400000, 1462492800000, 1462579200000, 1462665600000, 1462752000000, 1462838400000, 1462924800000, 1463011200000, 1463097600000, 1463184000000, 1463270400000, 1463356800000, 1463443200000, 1463529600000, 1463616000000, 1463702400000, 1463788800000, 1463875200000, 1463961600000, 1464048000000, 1464134400000, 1464220800000, 1464307200000, 1464393600000, 1464480000000, 1464566400000, 1464652800000, 1464739200000, 1464825600000, 1464912000000, 1464998400000, 1465084800000, 1465171200000, 1465257600000, 1465344000000, 1465430400000, 1465516800000, 1465603200000, 1465689600000, 1465776000000, 1465862400000, 1465948800000, 1466035200000, 1466121600000, 1466208000000, 1466294400000, 1466380800000, 1466467200000, 1466553600000, 1466640000000, 1466726400000, 1466812800000, 1466899200000, 1466985600000, 1467072000000, 1467158400000, 1467244800000, 1467331200000, 1467417600000, 1467504000000, 1467590400000, 1467676800000, 1467763200000, 1467849600000, 1467936000000, 1468022400000, 1468108800000, 1468195200000, 1468281600000, 1468368000000, 1468454400000, 1468540800000, 1468627200000, 1468713600000, 1468800000000, 1468886400000, 1468972800000, 1469059200000, 1469145600000, 1469232000000, 1469318400000, 1469404800000, 1469491200000, 1469577600000, 1469664000000, 1469750400000, 1469836800000, 1469923200000, 1470009600000, 1470096000000, 1470182400000, 1470268800000, 1470355200000, 1470441600000, 1470528000000, 1470614400000, 1470700800000, 1470787200000, 1470873600000, 1470960000000, 1471046400000, 1471132800000, 1471219200000, 1471305600000, 1471392000000, 1471478400000, 1471564800000, 1471651200000, 1471737600000, 1471824000000, 1471910400000, 1471996800000, 1472083200000, 1472169600000, 1472256000000, 1472342400000, 1472428800000, 1472515200000, 1472601600000, 1472688000000, 1472774400000, 1472860800000, 1472947200000, 1473033600000, 1473120000000, 1473206400000, 1473292800000, 1473379200000, 1473465600000, 1473552000000, 1473638400000, 1473724800000, 1473811200000, 1473897600000, 1473984000000, 1474070400000, 1474156800000, 1474243200000, 1474329600000, 1474416000000, 1474502400000, 1474588800000, 1474675200000, 1474761600000, 1474848000000, 1474934400000, 1475020800000, 1475107200000, 1475193600000, 1475280000000, 1475366400000, 1475452800000, 1475539200000, 1475625600000, 1475712000000, 1475798400000, 1475884800000, 1475971200000, 1476057600000, 1476144000000, 1476230400000, 1476316800000, 1476403200000, 1476489600000, 1476576000000, 1476662400000, 1476748800000, 1476835200000, 1476921600000, 1477008000000, 1477094400000, 1477180800000, 1477267200000, 1477353600000, 1477440000000, 1477526400000, 1477612800000, 1477699200000, 1477785600000, 1477872000000, 1477958400000, 1478044800000, 1478131200000, 1478217600000, 1478304000000, 1478390400000, 1478476800000, 1478563200000, 1478649600000, 1478736000000, 1478822400000, 1478908800000, 1478995200000, 1479081600000, 1479168000000, 1479254400000, 1479340800000, 1479427200000, 1479513600000, 1479600000000, 1479686400000, 1479772800000, 1479859200000, 1479945600000, 1480032000000, 1480118400000, 1480204800000, 1480291200000, 1480377600000, 1480464000000, 1480550400000, 1480636800000, 1480723200000, 1480809600000, 1480896000000, 1480982400000, 1481068800000, 1481155200000, 1481241600000, 1481328000000, 1481414400000, 1481500800000, 1481587200000, 1481673600000, 1481760000000, 1481846400000, 1481932800000, 1482019200000, 1482105600000, 1482192000000, 1482278400000, 1482364800000, 1482451200000, 1482537600000, 1482624000000, 1482710400000, 1482796800000, 1482883200000, 1482969600000, 1483056000000, 1483142400000, 1483228800000, 1483315200000, 1483401600000]}}]]></graph_data></root>