<?xml version="1.0" encoding="utf-8"?><root><html_content><![CDATA[

      <div id="watch-actions-stats" class="watch-actions-stats-rats stats-cumulative top-selected-views" data-current-mode-css="stats-mode-daily" data-current-top-site-css="top-selected-views" data-current-metric-css="stats-metric-views">
        <div class="stats-header">
    <h1>
      <span class="stats-header-text yt-card-title">Video statistics</span>
<span class="stats-sub-header">Through May 22, 2017  
  <span class="yt-uix-clickcard">
    <button class="yt-uix-clickcard-target" aria-label="Learn more." aria-haspopup="true" data-position="topleft" type="button">
      <span class="yt-help-icon yt-sprite"></span>
    </button>
    <span class="yt-uix-clickcard-content" role="dialog" aria-label="Learn more." aria-describedby="2811606172022342736">
      <button class="yt-uix-clickcard-close" aria-label="Close learn more dialog."></button>
      <p id="2811606172022342736">The video statistics shown below are updated daily. They may lag behind the view count shown directly beneath the video, which updates many times a day.
      </p>
    </span>
  </span>

</span>
    </h1>

  </div>

        <table class="stats-bragbar-container yt-uix-button-group yt-uix-tabs" data-uix-tabs-selected-extra-class="yt-uix-button-toggled">
    <tr>
          <td class="stats-bragbar stats-bragbar-views yt-uix-button yt-uix-tabs-tab  yt-uix-tabs-selected yt-uix-button-toggled" data-uix-tabs-target-id="stats-chart-tab-views" data-top-site-css="top-selected-views" data-metric-css="stats-metric-views" style="border-bottom-color: #73c421">
    <span class="metric-label">Views</span>
    <div class="bragbar-metric-large">102,396,434</div>
  </td>

        <td class="stats-bragbar-filler"></td>
    </tr>
  </table>

  <div class="stats-charts-container">
      <div id="stats-chart-tab-views" class="stats-chart-menu ">
      </div>

    <div class="stats-chart-gviz"></div>

  </div>



  </div>

]]></html_content><graph_data><![CDATA[{"views": {"daily": {"opt": {"colors": ["#73c421"], "vAxis": {"minValue": 0, "textStyle": {"color": "#666"}, "baselineColor": "#e2e2e2", "titleTextStyle": {"color": "#666"}, "maxValue": 324377, "gridlines": {"color": "#f0f0f0"}}, "pointSize": 0, "chartArea": {"top": 30, "left": 74.0}, "hAxis": {"gridlines": {"color": "transparent"}, "textStyle": {"color": "#666"}, "viewWindow": {}, "baselineColor": "transparent", "slantedText": false}, "enableInteractivity": false, "tooltip": {"trigger": "none"}, "legend": {"position": "none"}}, "data": [62067, 152682, 324376, 146189, 145791, 167150, 153975, 140411, 149694, 158076, 168403, 200541, 221162, 208522, 191601, 209469, 216660, 211535, 217272, 223649, 199390, 196413, 224794, 207422, 164645, 219560, 246084, 219571, 205061, 208484, 209096, 208193, 217530, 220179, 213992, 210890, 213406, 215472, 214711, 212594, 222259, 210913, 204650, 203733, 210048, 216136, 225622, 234341, 219684, 223166, 214179, 214835, 221120, 220474, 221173, 206359, 229273, 228569, 236671, 235978, 228919, 217962, 202053, 227134, 240248, 233197, 240733, 241075, 228696, 209260, 237522, 248565, 229900, 250930, 258033, 249128, 229692, 249203, 247988, 251543, 256431, 261053, 247519, 226714, 245392, 240226, 243202, 245933, 251372, 234783, 221966, 241568, 239395, 241980, 245082, 255211, 237373, 231101, 252337, 247075, 241623, 243678, 253148, 244535, 221497, 231606, 233359, 233961, 227538, 234910, 230439, 213612, 220360, 219493, 217232, 215846, 232654, 243243, 223081, 212299, 205116, 198541, 208314, 236303, 254223, 228876, 213810, 196783, 197992, 201668, 222818, 251368, 214909, 181437, 182966, 190321, 188681, 211606, 241311, 205563, 169067, 164714, 178358, 192883, 220009, 250559, 213378, 178363, 174088, 177455, 172883, 194510, 225048, 186889, 155043, 153080, 162518, 165098, 189755, 213529, 183934, 157869, 146660, 132703, 152932, 176216, 194913, 167104, 138965, 137868, 140704, 139589, 155648, 172037, 149016, 129018, 126609, 130258, 133408, 144717, 155318, 131970, 126540, 128810, 124214, 124911, 142872, 161269, 138284, 118258, 116913, 122066, 133055, 142853, 156400, 129848, 112159, 108694, 111296, 110624, 124391, 141102, 121180, 106671, 108808, 120803, 114601, 121484, 129448, 109949, 94444, 94466, 98216, 97231, 110980, 126629, 106098, 92856, 93093, 95665, 95911, 108469, 122887, 101285, 89662, 89839, 92518, 96168, 105804, 116430, 102238, 102585, 103934, 108125, 113708, 100605, 89955, 92049, 95667, 95440, 97053, 101358, 107536, 87012, 85756, 80995, 82444, 81735, 81657, 93094, 101482, 86566, 75501, 74503, 77616, 76893, 87010, 96754, 84449, 75103, 71906, 71736, 75880, 86145, 94581, 78500, 65097, 64030, 66719, 67976, 74094, 83433, 71688, 64354, 65137, 64924, 65949, 72918, 78155, 64702, 56721, 57338, 59218, 60101, 67446, 72749, 65091, 58074, 54586, 55027, 56073, 64913, 69780, 62305, 55456, 52589, 56938, 62436, 65623, 71054, 61884, 56253, 56276, 57116, 58251, 65683, 70426, 58456, 54606, 53516, 55789, 56463, 59637, 64988, 54561, 50108, 50165, 52164, 52315, 54858, 58539, 49716, 44172, 44434, 47371, 49266, 49910, 57298, 48364, 41383, 41967, 43139, 44841, 49286, 52197, 47135, 42050, 43883, 44004, 43944, 48316, 53165, 48389, 43420, 44916, 47744, 47808, 52509, 53851, 49119, 44699, 44100, 44590, 49428, 50022, 45286, 41452, 42346, 40988, 39058, 41615, 44087, 44254, 40265, 36309, 36146, 37414, 38739, 41701, 47974, 42043, 38352, 40148, 41684, 41460, 44824, 52360, 44471, 39242, 40586, 40532, 43301, 47408, 47847, 43640, 41464, 42922, 43168, 46874, 53979, 47574, 42893, 40484, 40667, 41554, 43592, 44635, 47570, 44446, 43242, 42193, 42563, 44146, 46331, 46542, 42361, 41888, 38945, 39188, 38840, 41927, 42055, 39727, 41042, 39160, 39804, 43064, 42999, 40820, 39362, 40905, 42234, 43466, 45180, 43289, 41328, 38727, 38889, 42460, 42394, 42440, 44377, 39557, 36745, 35448, 35204, 35643, 35375, 41259, 41382, 39117, 40639, 40709, 41855, 41830, 45132, 42511, 40386, 44151, 43224, 41120, 42329, 43954, 43245, 38952, 40942, 39044, 41654, 41009, 42794, 39791, 38298, 46508, 56825, 56954, 57590, 56326, 55112, 50738, 55226, 54971, 53388, 53765, 57146, 54195, 49188, 46419, 48344, 49085, 51003, 52152, 56255, 50849, 50742, 50284, 48716, 49065, 54695, 59019, 55156, 50009, 46508, 51306, 51385, 55947, 61733, 54802, 46983, 47899, 51482, 52260, 58791, 67394, 60227, 51463, 52341, 53572, 54009, 59655, 66775, 55742, 44339, 45734, 54014, 53608, 57033, 63313, 56712, 48895, 49698, 52754, 52375, 57608, 59479, 51508, 45548, 45514, 43480, 41652, 48744, 52851, 45166, 40226, 37129, 41352, 41518, 44549, 48064, 39009, 37691, 38007, 38553, 39920, 43515, 46421, 42715, 42211, 45596, 46274, 45951, 48465, 54987, 43634, 36261, 34963, 35668, 37482, 42154, 43728, 38680, 33371, 33896, 35810, 35191, 38250, 42425, 37095, 33485, 35505, 38125, 35761, 38794, 40857, 36384, 31789, 34002, 35020, 34495, 36280, 40452, 35088, 31350, 30878, 31663, 32715, 32954, 35801, 31192, 26666, 27370, 29374, 28684, 31665, 34403, 30399, 29642, 30424, 30823, 31741, 31322, 27591, 24947, 27438, 29562, 29461, 29842, 30272, 30508, 24663, 26793, 26096, 26071, 26271, 28307, 29984, 25297, 23520, 25011, 26309, 26760, 27887, 30215, 27880, 25644, 24624, 24515, 24540, 28073, 31470, 27814, 24580, 23600, 24507, 25233, 27292, 28159, 19483, 17305, 17422, 18044, 18165, 19755, 21334, 17485, 16414, 16743, 18166, 18738, 25346, 28041, 23827, 22510, 25178, 23809, 23814, 25929, 26645, 25823, 25574, 23350, 23940, 23760, 25583, 26931, 23009, 21283, 21755, 22163, 23053, 24714, 25423, 24033, 20369, 20543, 21278, 21247, 24147, 24114, 21861, 20033, 20103, 20245, 21764, 24763, 27187, 25018, 22351, 22766, 23307, 24429, 26013, 27959, 24620, 22002, 23136, 23226, 22784, 23710, 25306, 23471, 22657, 23866, 24456, 25457, 24613, 23228, 21971, 21697, 20529, 20201, 20310, 21224, 23004, 20414, 18091, 18245, 18945, 20036, 20627, 21736, 19817, 17684, 17457, 17454, 17454, 18607, 19569, 18889, 17457, 16801, 16526, 17456, 18050, 18705, 17042, 15362, 15867, 16306, 16549, 17573, 18852, 17317, 16164, 16275, 16536, 16445, 17497, 18401, 17074, 16008, 16417, 17087, 17256, 18137, 18412, 17560, 16825, 17081, 17762, 18600, 19663, 19752, 19631, 18040, 18400, 18670, 18810, 18156, 10201, 9063, 9881, 14844, 14149, 14075, 14525, 14436, 13135, 13413, 13115, 13509, 13577, 14016, 13799, 12538, 13349, 13919, 12976, 13039, 13329, 13285, 11912, 12732, 13197, 12104, 12791, 13460, 12599, 12029, 12824, 12910, 12784, 13073, 13556, 17080, 18006, 18938, 19204, 19587, 19653, 19565, 18842, 17765, 19252, 18456, 18264, 18919, 18546, 17565, 16632, 17576, 17675, 17599, 17443, 17612, 16727, 16018, 17118, 16804, 16740, 17323, 17718, 16914, 16226, 16042, 16916, 16756, 16591, 17731, 16888, 15429, 15872, 16194, 16658, 12667, 11486, 11654, 10719, 10746, 10490, 10572, 10856, 11319, 11067, 10409, 10449, 9768, 9503, 9566, 9974, 10760, 9806, 8614, 8622, 8839, 9280, 9881, 10910, 9396, 8676, 8135, 8575, 10923, 9767, 9844, 7998, 6845, 7197, 7512, 7175, 8622, 9494, 8682, 8304, 8627, 8736, 8530, 9059, 10627, 9708, 9213, 8997, 9329, 9625, 10193, 10980, 9488, 8725, 8340, 9225, 9220, 9916, 10077, 9261, 8413, 8530, 11343, 15220, 16285, 17419, 15976, 14916, 15205, 14303, 15243, 15175, 15601, 14785, 12725, 12882, 13632, 15897, 17076, 18545, 16191, 13539, 8597, 7337, 7727, 8663, 10124, 8962, 8019, 7907, 8342, 8839, 9122, 8566, 7859, 8130, 7461, 7888, 8532, 8999, 10041, 8883, 8419, 8719, 9100, 9273, 8964, 10373, 8814, 7584, 7963, 7910, 7731, 8749, 8576, 6944, 6889, 7360, 7507, 7655, 7341, 7236, 8032, 7029, 6575, 7798, 7567, 8188, 7923, 7174, 8228, 6566, 7717, 7439, 7170, 7858, 6741, 6650, 6942, 7072, 6983, 7445, 8494, 7964, 7210, 7510, 7975, 8959, 9503, 10137, 9576, 9128, 9272, 10023, 9664, 10999, 11262, 10013, 9159, 9065, 9589, 10249, 10920, 11479, 9710, 8338, 9070, 10076, 8667, 9175, 10148, 10001, 8629, 7947, 7903, 8952, 8112, 8543, 8165, 7665, 7511, 7662, 7844, 8760, 8456, 8031, 7506, 8134, 8103, 8743, 8514, 8330, 7707, 6886, 6894, 7351, 7603, 8114, 8776, 7657, 7947, 7413, 7782, 8060, 8121, 8965, 7925, 6960, 7050, 7349, 7355, 6326, 8231, 7233, 7364, 7728, 7489, 7898, 7994, 8153, 6919, 7338, 7171, 7053, 6687, 7106, 7581, 5866, 5339, 8150, 8865, 8643, 9019, 9414, 8733, 7833, 7774, 7884, 7470, 7376, 8574, 7407, 6249, 6742, 6283, 6276, 7179, 7717, 7182, 6809, 6984, 7354, 7980, 8089, 10125, 6944, 6659, 7029, 6960, 7215, 7559, 9824, 7778, 7290, 7939, 7483, 7702, 10101, 10424, 6885, 6934, 6681, 6787, 6851, 6768, 7367, 6494, 6617, 6476, 6905, 6704, 6948, 7005, 6531, 6320, 6841, 7801, 8429, 8400, 7498, 6631, 6262, 6607, 6592, 7493, 8441, 6325, 5881, 6081, 6058, 5983, 6093, 5940, 6452, 6468, 6668, 8385, 8379, 9057, 9217, 8621, 7466, 7849, 8282, 8160, 7696, 7426, 7190, 6736, 7250, 7464, 7415, 6980, 7852, 9040, 8624, 9726, 9630, 9325, 9636, 9905, 9904, 9096, 9562, 9773, 9947, 9712, 10206, 9319, 9052, 9731, 9996, 10152, 10146, 9881, 9103, 8885, 9202, 9160, 10258, 10763, 11044, 10193, 9899, 10288, 10142, 10026, 9663, 9787, 9471, 8959, 9438, 9501, 9300, 9154, 9089, 9586, 9014, 8609, 8756, 8775, 10007, 10267, 10324, 9160, 8871, 8489, 8158, 8660, 9015, 10203, 9788, 8878, 8856, 9229, 8705, 9103, 10207, 9765, 8737, 8143, 8820, 9339, 9675, 10669, 10006, 9482, 9789, 9934, 10475, 10335, 11552, 10304, 10099, 9975, 9924, 10246, 10000, 11127, 10239, 9537, 9228, 9425, 10275, 10397, 11194, 10969, 10464, 10226, 10734, 11708, 14378, 15887, 14694, 13915, 12197, 13933, 15778, 16425, 17450, 16807, 15889, 15692, 16897, 15935, 16811, 15355, 14816, 13788, 13086, 13912, 13530, 14287, 15093, 13578, 12971, 11497, 12874, 11710, 12386, 13660, 12809, 12139, 12234, 11949, 11810, 11994, 13484, 12684, 11089, 11795, 11812, 12479, 14108, 15585, 13859, 13252, 13302, 13403, 13351, 12435, 12566, 10845, 10131, 10373, 10208, 12010, 10948, 10470, 8989, 8182, 8424, 9224, 11577, 16035, 15983, 16074, 16090, 15246, 12742, 13499, 14315, 14683, 15382, 16120, 18031, 13927, 14984, 15832, 15150, 13589, 13505, 14488, 16700, 16573, 17665, 19761, 19364, 16583, 16949, 18367, 17666, 17537, 19715, 18734, 17488, 16502, 16938, 16995, 16743, 18359, 16270, 14652, 15017, 15196, 15350, 16630, 18371, 15601, 12054, 12724, 18253, 17972, 18595, 20180, 17738, 16339, 16644, 17376, 17829, 20015, 20432, 18226, 17874, 17485, 17067, 17714, 18928, 20951, 18955, 17427, 17910, 18499, 19123, 19921, 22063, 19740, 17936, 17570, 18174, 18457, 18770, 20840, 17993, 17017, 16769, 17329, 17526, 18086, 20401, 18166, 17111, 17821, 17991, 18253, 18827, 21449, 18640, 17197, 18127, 18748, 19248, 19497, 20839, 18598, 16922, 17518, 18104, 19216, 20862, 22199, 20972, 19463, 19169, 19424, 16458, 20272, 20950, 19656, 19600, 19501, 19388, 19682, 20133, 18692, 17508, 17732, 17104, 17021, 17015, 17869, 19060, 17441, 16588, 16674, 17998, 19538, 19674, 20148, 18685, 17906, 18217, 18620, 18662, 19514, 20866, 18267, 18846, 19339, 21039, 22564, 22030, 22287, 20161, 19972, 19771, 20672, 23178, 24236, 24065, 23219, 21930, 20217, 17241, 19708, 20378, 21434, 19498, 20112, 23355, 25654, 25482, 24433, 25854, 25484, 27041, 26422, 28268, 26886, 27707, 30183, 20208, 20892, 20736, 20258, 21093, 21457, 21207, 20540, 21384, 21785, 22708, 23287, 24364, 22490, 21264, 22416, 21587, 23258, 23320, 21447, 20945, 20347, 21676, 24023, 24336, 24700, 24085, 23263, 21101, 23113, 23858, 23855, 24031, 24064, 25440, 23470, 19976, 18803, 19219, 19726, 19527, 18810, 16755, 18351, 18021, 18245, 18490, 19247, 18126, 16900, 18268, 18091, 18069, 17923, 20834, 22001, 20860, 21179, 21230, 21375, 21535, 23649, 23549, 19356, 18275, 18228, 18648, 18929, 19927, 19978, 19273, 17107, 18607, 18294, 18208, 19867, 20260, 19482, 19622, 18843, 19717, 23111, 24991, 27639, 23225, 22078, 21875, 23589, 23304, 25208, 26264, 22791, 20972, 20640, 21246, 20754, 22308, 23207, 15345, 13925, 13873, 15788, 16913, 17090, 17813, 15813, 14632, 14391, 15010, 15654, 16227, 17473, 15420, 15740, 15400, 16517, 20879, 22409, 23704, 22303, 21545, 21965, 21425, 21579, 25438, 27727, 23856, 19428, 20248, 18693, 18815, 19246, 19982, 18221, 16533, 16353, 16874, 17878, 17898, 19509, 18426, 16587, 17177, 17084, 16871, 17999, 19195, 17096, 16002, 16942, 16260, 17237, 18462, 19082, 15884, 14940, 15103, 15565, 16440, 17353, 19254, 16428, 15527, 16126, 17254, 16285, 16687, 17124, 15344, 15188, 15483, 15969, 15467, 16330, 16935, 15323, 14722, 15394, 15582, 15506, 16441, 17807, 15899, 14961, 15172, 15025, 16085, 16805, 16964, 15578, 15880, 16652, 15622, 13847, 15724, 15648, 14960, 16196, 16244, 20611, 20303, 22666, 22560, 20710, 20179, 20117, 21126, 21553, 23072, 25180, 22909, 21130, 21217, 22130, 22296, 22639, 23509, 16661, 16033, 15395, 16116, 16437, 17656, 18699, 16243, 15622, 16144, 16274, 16518, 17523, 18259, 16156, 15503, 15611, 15977, 16652, 17563, 18431, 16108, 15532, 15792, 15905, 18219, 24412, 26358, 23136, 23274, 22768, 22270, 23214, 24320, 25157, 22879, 21621, 22478, 22526, 24062, 24711, 26110, 22959, 21239, 22044, 22075, 24306, 26099, 27377, 22369, 20997, 19472, 19005, 19747, 20652, 21924, 19152, 17689, 17425, 18845, 21101, 22499, 24926, 22440, 21580, 21689, 21831, 22049, 22014, 23260, 21189, 19466, 19987, 20601, 21903, 21939, 20746, 19473, 20297, 19928, 20730, 21424, 21520, 22508, 20572, 19996, 19982, 20103, 20855, 22025, 23529, 21164, 21443, 20469, 20276, 19961, 21361, 22952, 21162, 21027, 21986, 21880, 20750, 21313, 21204, 20360, 19746, 19736, 19717, 20096, 20829, 22341, 20084, 19437, 19712, 19727, 20920, 22234, 23468, 21961, 20748, 21935, 22921, 24782, 25594, 24878, 22342, 21528, 21124, 21564, 21794, 21421, 21935, 20132, 20229, 20301, 21763, 22037, 22557, 22869, 21194, 20544, 21309, 21015, 21705, 21994, 22718, 20910, 20734, 20204, 20198, 20479, 20315, 20035, 18386, 19100, 19226, 19682, 21351, 21339, 21209, 21015, 20728, 20938, 21248, 22195, 22092, 20940, 20812, 22452, 22836, 23329, 23195, 23269, 22310, 21527, 22325, 22913, 23103, 23459, 23401, 23635, 22393, 23495, 23449, 23867, 23464, 24156, 23685, 22004, 23287, 23034, 23350, 23647, 23702, 22680, 20958, 22414, 23188, 22136, 22392, 22988, 21760, 21061, 23882, 23896, 22792, 23266, 24627, 24962, 22743, 23453, 24065, 23273, 24096, 24652, 24250, 23434, 23611, 23554, 22699, 23244, 23966, 24036, 22162, 21066, 22140, 22321, 22083, 23592, 24798, 22759, 22041, 20912, 21188, 21466, 22736, 24843, 22553, 20728, 20377, 21613, 22134, 23230, 24708, 22736, 21068, 21247, 22095, 21881, 22945, 24124, 21881, 20956, 20909, 22525, 22143, 23595, 24392, 22070, 21075, 21542, 22695, 23844, 26161, 27144, 24778, 23091, 23848, 25364, 25516, 27011, 27667, 24714, 23927, 25101, 25586, 25040, 26044, 26287, 24825, 25766, 26246, 27805, 26525, 25952, 22900, 22577, 23496, 25418, 26892, 28721, 27831, 27749, 23599, 24171, 25844, 27505, 26764, 25735, 26059, 23593, 23772, 26316, 26103, 26666, 26894, 26928, 24149, 24684, 25827, 25955, 26003, 28354, 28160, 24984, 25090, 29163, 29366, 29614, 30120, 30287, 29406, 30438, 30499, 28466, 29175, 29905, 30047, 27443, 27609, 30293, 29182, 28927, 30665, 31118, 28369, 29635, 29379, 28598, 27286, 25919, 26489, 25652, 26782, 27532, 27661, 31048, 24643, 27625, 25866, 25718, 26326, 26912, 28234, 31528, 33303, 28601, 27319, 28256, 28019, 29082, 30858, 33062, 30153, 28729, 28490, 29116, 29077, 31435, 33869, 29973, 29179, 33477, 33940, 35056, 33873, 35553, 31472, 29069, 29274, 29882, 30793, 32826, 35402, 31259, 29187, 31468, 31479, 32271, 34876, 38120, 34680, 32268, 31417, 32139, 32287, 33686, 35105, 30275, 27965, 28380, 29151, 29338, 30718, 33028, 28622, 26759, 26698, 28379, 29355, 32277, 33532, 29841, 27901, 27729, 28197, 28725, 30679, 32798, 28509, 28010, 29314, 29519, 29732, 30899, 32340, 28655, 25717, 25737, 26762, 28311, 28911, 29462, 27166, 26428, 25763, 27179, 29111, 31043, 32385, 29775, 27619, 28935, 32805, 35690, 37736, 35401, 33003, 30457, 25294, 30065, 34741, 37339, 37414, 32269, 31046, 29919, 29714, 31640, 32968, 34912, 30830, 28467, 27902, 27651, 29762, 30343, 32190, 29545, 28397, 28773, 29944, 30054, 32184, 33389, 29795, 28313, 29694, 28599, 30147, 32154, 34307, 31927, 30520, 30667, 31238, 32319, 32703, 34487, 32932, 30521, 31949, 33196, 33466, 34852, 33964, 33023, 32562, 34523, 34400, 34094, 35934, 35528, 30283, 29327, 30030, 30357, 33245, 35611, 34763, 31390, 31380, 32554, 33741, 33739, 33757, 32593, 28996, 29009, 29130, 29308, 31198, 32263, 30542, 27822, 27877, 28598, 28782, 29659, 30196, 28885, 27286, 26931, 28610, 28208, 28690, 31392, 30263, 26414, 27057, 27484, 26886, 27406, 28733, 28016, 26125, 26624, 27339, 27666, 28423, 29104, 28731, 25932, 27648, 27875, 27793, 29730, 31677, 29466, 27770, 29282, 28989, 30403, 28959, 30030, 28201, 25986, 27557, 27124, 28020, 28706, 32090, 30638, 27652, 26674, 27490, 27269, 27788, 29125, 28910, 26033, 26971, 26729, 28334, 29181, 31587, 31125, 27907, 26852, 27330, 27783, 28345, 29845, 29493, 26558, 26377, 24964, 26171, 26526, 27911, 29321, 25270, 23395, 29778, 29314, 27077, 28562, 29376, 26345, 24201, 25983, 27277, 28072, 28764, 28637, 25197, 24528, 24624, 25514, 26174, 29731, 31457, 27796, 28245, 26905, 26903, 27280, 28837, 30018, 27677, 27319, 26386, 28045, 27614, 28108, 30551, 28343, 27675, 27925, 28896, 30082, 32014, 32090, 28672, 29567, 30691, 31492, 32841, 32613, 32619, 28357, 26696, 29085, 29969, 29679, 30614, 32557, 28394, 28164, 28841, 29384, 30988, 33804, 32677, 27414, 27984, 29949, 31354, 31470, 30564, 29897, 28135, 31156, 31754, 28731, 25682, 27385, 29531, 26671, 26427, 27251, 27930, 29298, 30248, 31535, 27998, 27322, 28170, 28086, 28236, 30656, 31247, 28693, 27852, 28355, 28385, 27480, 30414, 31003, 29077, 29156, 30476, 29776, 30410, 30567, 27500, 25408, 29032, 30603, 27143, 27608, 29068, 34589, 25538, 25579, 26832, 27943, 28997, 31208, 31980, 28124, 26428, 27512, 28576, 29455, 30082, 31074, 28640, 28448, 27987, 27171, 28195, 29040, 32291, 26819, 25357, 26894, 27170, 27829, 30043, 32354, 29044, 26474, 26499, 27613, 29036, 29251, 30276, 26575, 26688, 28007, 29296, 33168, 36278, 36576, 33003, 33959, 34839, 33517, 33106, 34297, 32511, 28950, 29368, 28854, 27447, 27150, 27819, 28709, 25025, 28183, 27770, 28603, 26065, 26009, 27393, 24016, 23052, 23736, 25055, 25316, 28657, 31289, 25154, 24742, 25344, 27554, 32513, 32447, 32052, 26243, 27092, 29227, 31361, 32329, 34535, 35443, 31747, 30775, 32143, 34276, 35795, 41196, 40663, 37478, 34866, 36064, 38020, 40289, 44207, 40508, 36940, 39023, 39446, 35459, 33368, 33707, 33263, 34174, 36837, 34998, 32876, 31596, 37430, 39513, 33887, 32335, 34316, 34407, 35568, 36027, 35539, 33386, 39495, 39216, 36245, 30083, 33538, 35433, 32647, 32573, 32816, 33417, 33561, 34413, 34913, 30172, 32397, 35005, 34116, 35331, 35852, 34966, 31390, 33024]}}, "day": {"data": [1272870000000, 1272956400000, 1273042800000, 1273129200000, 1273215600000, 1273302000000, 1273388400000, 1273474800000, 1273561200000, 1273647600000, 1273734000000, 1273820400000, 1273906800000, 1273993200000, 1274079600000, 1274166000000, 1274252400000, 1274338800000, 1274425200000, 1274511600000, 1274598000000, 1274684400000, 1274770800000, 1274857200000, 1274943600000, 1275030000000, 1275116400000, 1275202800000, 1275289200000, 1275375600000, 1275462000000, 1275548400000, 1275634800000, 1275721200000, 1275807600000, 1275894000000, 1275980400000, 1276066800000, 1276153200000, 1276239600000, 1276326000000, 1276412400000, 1276498800000, 1276585200000, 1276671600000, 1276758000000, 1276844400000, 1276930800000, 1277017200000, 1277103600000, 1277190000000, 1277276400000, 1277362800000, 1277449200000, 1277535600000, 1277622000000, 1277708400000, 1277794800000, 1277881200000, 1277967600000, 1278054000000, 1278140400000, 1278226800000, 1278313200000, 1278399600000, 1278486000000, 1278572400000, 1278658800000, 1278745200000, 1278831600000, 1278918000000, 1279004400000, 1279090800000, 1279177200000, 1279263600000, 1279350000000, 1279436400000, 1279522800000, 1279609200000, 1279695600000, 1279782000000, 1279868400000, 1279954800000, 1280041200000, 1280127600000, 1280214000000, 1280300400000, 1280386800000, 1280473200000, 1280559600000, 1280646000000, 1280732400000, 1280818800000, 1280905200000, 1280991600000, 1281078000000, 1281164400000, 1281250800000, 1281337200000, 1281423600000, 1281510000000, 1281596400000, 1281682800000, 1281769200000, 1281855600000, 1281942000000, 1282028400000, 1282114800000, 1282201200000, 1282287600000, 1282374000000, 1282460400000, 1282546800000, 1282633200000, 1282719600000, 1282806000000, 1282892400000, 1282978800000, 1283065200000, 1283151600000, 1283238000000, 1283324400000, 1283410800000, 1283497200000, 1283583600000, 1283670000000, 1283756400000, 1283842800000, 1283929200000, 1284015600000, 1284102000000, 1284188400000, 1284274800000, 1284361200000, 1284447600000, 1284534000000, 1284620400000, 1284706800000, 1284793200000, 1284879600000, 1284966000000, 1285052400000, 1285138800000, 1285225200000, 1285311600000, 1285398000000, 1285484400000, 1285570800000, 1285657200000, 1285743600000, 1285830000000, 1285916400000, 1286002800000, 1286089200000, 1286175600000, 1286262000000, 1286348400000, 1286434800000, 1286521200000, 1286607600000, 1286694000000, 1286780400000, 1286866800000, 1286953200000, 1287039600000, 1287126000000, 1287212400000, 1287298800000, 1287385200000, 1287471600000, 1287558000000, 1287644400000, 1287730800000, 1287817200000, 1287903600000, 1287990000000, 1288076400000, 1288162800000, 1288249200000, 1288335600000, 1288422000000, 1288508400000, 1288594800000, 1288681200000, 1288767600000, 1288854000000, 1288940400000, 1289026800000, 1289113200000, 1289203200000, 1289289600000, 1289376000000, 1289462400000, 1289548800000, 1289635200000, 1289721600000, 1289808000000, 1289894400000, 1289980800000, 1290067200000, 1290153600000, 1290240000000, 1290326400000, 1290412800000, 1290499200000, 1290585600000, 1290672000000, 1290758400000, 1290844800000, 1290931200000, 1291017600000, 1291104000000, 1291190400000, 1291276800000, 1291363200000, 1291449600000, 1291536000000, 1291622400000, 1291708800000, 1291795200000, 1291881600000, 1291968000000, 1292054400000, 1292140800000, 1292227200000, 1292313600000, 1292400000000, 1292486400000, 1292572800000, 1292659200000, 1292745600000, 1292832000000, 1292918400000, 1293004800000, 1293091200000, 1293177600000, 1293264000000, 1293350400000, 1293436800000, 1293523200000, 1293609600000, 1293696000000, 1293782400000, 1293868800000, 1293955200000, 1294041600000, 1294128000000, 1294214400000, 1294300800000, 1294387200000, 1294473600000, 1294560000000, 1294646400000, 1294732800000, 1294819200000, 1294905600000, 1294992000000, 1295078400000, 1295164800000, 1295251200000, 1295337600000, 1295424000000, 1295510400000, 1295596800000, 1295683200000, 1295769600000, 1295856000000, 1295942400000, 1296028800000, 1296115200000, 1296201600000, 1296288000000, 1296374400000, 1296460800000, 1296547200000, 1296633600000, 1296720000000, 1296806400000, 1296892800000, 1296979200000, 1297065600000, 1297152000000, 1297238400000, 1297324800000, 1297411200000, 1297497600000, 1297584000000, 1297670400000, 1297756800000, 1297843200000, 1297929600000, 1298016000000, 1298102400000, 1298188800000, 1298275200000, 1298361600000, 1298448000000, 1298534400000, 1298620800000, 1298707200000, 1298793600000, 1298880000000, 1298966400000, 1299052800000, 1299139200000, 1299225600000, 1299312000000, 1299398400000, 1299484800000, 1299571200000, 1299657600000, 1299744000000, 1299830400000, 1299916800000, 1300003200000, 1300086000000, 1300172400000, 1300258800000, 1300345200000, 1300431600000, 1300518000000, 1300604400000, 1300690800000, 1300777200000, 1300863600000, 1300950000000, 1301036400000, 1301122800000, 1301209200000, 1301295600000, 1301382000000, 1301468400000, 1301554800000, 1301641200000, 1301727600000, 1301814000000, 1301900400000, 1301986800000, 1302073200000, 1302159600000, 1302246000000, 1302332400000, 1302418800000, 1302505200000, 1302591600000, 1302678000000, 1302764400000, 1302850800000, 1302937200000, 1303023600000, 1303110000000, 1303196400000, 1303282800000, 1303369200000, 1303455600000, 1303542000000, 1303628400000, 1303714800000, 1303801200000, 1303887600000, 1303974000000, 1304060400000, 1304146800000, 1304233200000, 1304319600000, 1304406000000, 1304492400000, 1304578800000, 1304665200000, 1304751600000, 1304838000000, 1304924400000, 1305010800000, 1305097200000, 1305183600000, 1305270000000, 1305356400000, 1305442800000, 1305529200000, 1305615600000, 1305702000000, 1305788400000, 1305874800000, 1305961200000, 1306047600000, 1306134000000, 1306220400000, 1306306800000, 1306393200000, 1306479600000, 1306566000000, 1306652400000, 1306738800000, 1306825200000, 1306911600000, 1306998000000, 1307084400000, 1307170800000, 1307257200000, 1307343600000, 1307430000000, 1307516400000, 1307602800000, 1307689200000, 1307775600000, 1307862000000, 1307948400000, 1308034800000, 1308121200000, 1308207600000, 1308294000000, 1308380400000, 1308466800000, 1308553200000, 1308639600000, 1308726000000, 1308812400000, 1308898800000, 1308985200000, 1309071600000, 1309158000000, 1309244400000, 1309330800000, 1309417200000, 1309503600000, 1309590000000, 1309676400000, 1309762800000, 1309849200000, 1309935600000, 1310022000000, 1310108400000, 1310194800000, 1310281200000, 1310367600000, 1310454000000, 1310540400000, 1310626800000, 1310713200000, 1310799600000, 1310886000000, 1310972400000, 1311058800000, 1311145200000, 1311231600000, 1311318000000, 1311404400000, 1311490800000, 1311577200000, 1311663600000, 1311750000000, 1311836400000, 1311922800000, 1312009200000, 1312095600000, 1312182000000, 1312268400000, 1312354800000, 1312441200000, 1312527600000, 1312614000000, 1312700400000, 1312786800000, 1312873200000, 1312959600000, 1313046000000, 1313132400000, 1313218800000, 1313305200000, 1313391600000, 1313478000000, 1313564400000, 1313650800000, 1313737200000, 1313823600000, 1313910000000, 1313996400000, 1314082800000, 1314169200000, 1314255600000, 1314342000000, 1314428400000, 1314514800000, 1314601200000, 1314687600000, 1314774000000, 1314860400000, 1314946800000, 1315033200000, 1315119600000, 1315206000000, 1315292400000, 1315378800000, 1315465200000, 1315551600000, 1315638000000, 1315724400000, 1315810800000, 1315897200000, 1315983600000, 1316070000000, 1316156400000, 1316242800000, 1316329200000, 1316415600000, 1316502000000, 1316588400000, 1316674800000, 1316761200000, 1316847600000, 1316934000000, 1317020400000, 1317106800000, 1317193200000, 1317279600000, 1317366000000, 1317452400000, 1317538800000, 1317625200000, 1317711600000, 1317798000000, 1317884400000, 1317970800000, 1318057200000, 1318143600000, 1318230000000, 1318316400000, 1318402800000, 1318489200000, 1318575600000, 1318662000000, 1318748400000, 1318834800000, 1318921200000, 1319007600000, 1319094000000, 1319180400000, 1319266800000, 1319353200000, 1319439600000, 1319526000000, 1319612400000, 1319698800000, 1319785200000, 1319871600000, 1319958000000, 1320044400000, 1320130800000, 1320217200000, 1320303600000, 1320390000000, 1320476400000, 1320562800000, 1320652800000, 1320739200000, 1320825600000, 1320912000000, 1320998400000, 1321084800000, 1321171200000, 1321257600000, 1321344000000, 1321430400000, 1321516800000, 1321603200000, 1321689600000, 1321776000000, 1321862400000, 1321948800000, 1322035200000, 1322121600000, 1322208000000, 1322294400000, 1322380800000, 1322467200000, 1322553600000, 1322640000000, 1322726400000, 1322812800000, 1322899200000, 1322985600000, 1323072000000, 1323158400000, 1323244800000, 1323331200000, 1323417600000, 1323504000000, 1323590400000, 1323676800000, 1323763200000, 1323849600000, 1323936000000, 1324022400000, 1324108800000, 1324195200000, 1324281600000, 1324368000000, 1324454400000, 1324540800000, 1324627200000, 1324713600000, 1324800000000, 1324886400000, 1324972800000, 1325059200000, 1325145600000, 1325232000000, 1325318400000, 1325404800000, 1325491200000, 1325577600000, 1325664000000, 1325750400000, 1325836800000, 1325923200000, 1326009600000, 1326096000000, 1326182400000, 1326268800000, 1326355200000, 1326441600000, 1326528000000, 1326614400000, 1326700800000, 1326787200000, 1326873600000, 1326960000000, 1327046400000, 1327132800000, 1327219200000, 1327305600000, 1327392000000, 1327478400000, 1327564800000, 1327651200000, 1327737600000, 1327824000000, 1327910400000, 1327996800000, 1328083200000, 1328169600000, 1328256000000, 1328342400000, 1328428800000, 1328515200000, 1328601600000, 1328688000000, 1328774400000, 1328860800000, 1328947200000, 1329033600000, 1329120000000, 1329206400000, 1329292800000, 1329379200000, 1329465600000, 1329552000000, 1329638400000, 1329724800000, 1329811200000, 1329897600000, 1329984000000, 1330070400000, 1330156800000, 1330243200000, 1330329600000, 1330416000000, 1330502400000, 1330588800000, 1330675200000, 1330761600000, 1330848000000, 1330934400000, 1331020800000, 1331107200000, 1331193600000, 1331280000000, 1331366400000, 1331452800000, 1331535600000, 1331622000000, 1331708400000, 1331794800000, 1331881200000, 1331967600000, 1332054000000, 1332140400000, 1332226800000, 1332313200000, 1332399600000, 1332486000000, 1332572400000, 1332658800000, 1332745200000, 1332831600000, 1332918000000, 1333004400000, 1333090800000, 1333177200000, 1333263600000, 1333350000000, 1333436400000, 1333522800000, 1333609200000, 1333695600000, 1333782000000, 1333868400000, 1333954800000, 1334041200000, 1334127600000, 1334214000000, 1334300400000, 1334386800000, 1334473200000, 1334559600000, 1334646000000, 1334732400000, 1334818800000, 1334905200000, 1334991600000, 1335078000000, 1335164400000, 1335250800000, 1335337200000, 1335423600000, 1335510000000, 1335596400000, 1335682800000, 1335769200000, 1335855600000, 1335942000000, 1336028400000, 1336114800000, 1336201200000, 1336287600000, 1336374000000, 1336460400000, 1336546800000, 1336633200000, 1336719600000, 1336806000000, 1336892400000, 1336978800000, 1337065200000, 1337151600000, 1337238000000, 1337324400000, 1337410800000, 1337497200000, 1337583600000, 1337670000000, 1337756400000, 1337842800000, 1337929200000, 1338015600000, 1338102000000, 1338188400000, 1338274800000, 1338361200000, 1338447600000, 1338534000000, 1338620400000, 1338706800000, 1338793200000, 1338879600000, 1338966000000, 1339052400000, 1339138800000, 1339225200000, 1339311600000, 1339398000000, 1339484400000, 1339570800000, 1339657200000, 1339743600000, 1339830000000, 1339916400000, 1340002800000, 1340089200000, 1340175600000, 1340262000000, 1340348400000, 1340434800000, 1340521200000, 1340607600000, 1340694000000, 1340780400000, 1340866800000, 1340953200000, 1341039600000, 1341126000000, 1341212400000, 1341298800000, 1341385200000, 1341471600000, 1341558000000, 1341644400000, 1341730800000, 1341817200000, 1341903600000, 1341990000000, 1342076400000, 1342162800000, 1342249200000, 1342335600000, 1342422000000, 1342508400000, 1342594800000, 1342681200000, 1342767600000, 1342854000000, 1342940400000, 1343026800000, 1343113200000, 1343199600000, 1343286000000, 1343372400000, 1343458800000, 1343545200000, 1343631600000, 1343718000000, 1343804400000, 1343890800000, 1343977200000, 1344063600000, 1344150000000, 1344236400000, 1344322800000, 1344409200000, 1344495600000, 1344582000000, 1344668400000, 1344754800000, 1344841200000, 1344927600000, 1345014000000, 1345100400000, 1345186800000, 1345273200000, 1345359600000, 1345446000000, 1345532400000, 1345618800000, 1345705200000, 1345791600000, 1345878000000, 1345964400000, 1346050800000, 1346137200000, 1346223600000, 1346310000000, 1346396400000, 1346482800000, 1346569200000, 1346655600000, 1346742000000, 1346828400000, 1346914800000, 1347001200000, 1347087600000, 1347174000000, 1347260400000, 1347346800000, 1347433200000, 1347519600000, 1347606000000, 1347692400000, 1347778800000, 1347865200000, 1347951600000, 1348038000000, 1348124400000, 1348210800000, 1348297200000, 1348383600000, 1348470000000, 1348556400000, 1348642800000, 1348729200000, 1348815600000, 1348902000000, 1348988400000, 1349074800000, 1349161200000, 1349247600000, 1349334000000, 1349420400000, 1349506800000, 1349593200000, 1349679600000, 1349766000000, 1349852400000, 1349938800000, 1350025200000, 1350111600000, 1350198000000, 1350284400000, 1350370800000, 1350457200000, 1350543600000, 1350630000000, 1350716400000, 1350802800000, 1350889200000, 1350975600000, 1351062000000, 1351148400000, 1351234800000, 1351321200000, 1351407600000, 1351494000000, 1351580400000, 1351666800000, 1351753200000, 1351839600000, 1351926000000, 1352012400000, 1352102400000, 1352188800000, 1352275200000, 1352361600000, 1352448000000, 1352534400000, 1352620800000, 1352707200000, 1352793600000, 1352880000000, 1352966400000, 1353052800000, 1353139200000, 1353225600000, 1353312000000, 1353398400000, 1353484800000, 1353571200000, 1353657600000, 1353744000000, 1353830400000, 1353916800000, 1354003200000, 1354089600000, 1354176000000, 1354262400000, 1354348800000, 1354435200000, 1354521600000, 1354608000000, 1354694400000, 1354780800000, 1354867200000, 1354953600000, 1355040000000, 1355126400000, 1355212800000, 1355299200000, 1355385600000, 1355472000000, 1355558400000, 1355644800000, 1355731200000, 1355817600000, 1355904000000, 1355990400000, 1356076800000, 1356163200000, 1356249600000, 1356336000000, 1356422400000, 1356508800000, 1356595200000, 1356681600000, 1356768000000, 1356854400000, 1356940800000, 1357027200000, 1357113600000, 1357200000000, 1357286400000, 1357372800000, 1357459200000, 1357545600000, 1357632000000, 1357718400000, 1357804800000, 1357891200000, 1357977600000, 1358064000000, 1358150400000, 1358236800000, 1358323200000, 1358409600000, 1358496000000, 1358582400000, 1358668800000, 1358755200000, 1358841600000, 1358928000000, 1359014400000, 1359100800000, 1359187200000, 1359273600000, 1359360000000, 1359446400000, 1359532800000, 1359619200000, 1359705600000, 1359792000000, 1359878400000, 1359964800000, 1360051200000, 1360137600000, 1360224000000, 1360310400000, 1360396800000, 1360483200000, 1360569600000, 1360656000000, 1360742400000, 1360828800000, 1360915200000, 1361001600000, 1361088000000, 1361174400000, 1361260800000, 1361347200000, 1361433600000, 1361520000000, 1361606400000, 1361692800000, 1361779200000, 1361865600000, 1361952000000, 1362038400000, 1362124800000, 1362211200000, 1362297600000, 1362384000000, 1362470400000, 1362556800000, 1362643200000, 1362729600000, 1362816000000, 1362902400000, 1362985200000, 1363071600000, 1363158000000, 1363244400000, 1363330800000, 1363417200000, 1363503600000, 1363590000000, 1363676400000, 1363762800000, 1363849200000, 1363935600000, 1364022000000, 1364108400000, 1364194800000, 1364281200000, 1364367600000, 1364454000000, 1364540400000, 1364626800000, 1364713200000, 1364799600000, 1364886000000, 1364972400000, 1365058800000, 1365145200000, 1365231600000, 1365318000000, 1365404400000, 1365490800000, 1365577200000, 1365663600000, 1365750000000, 1365836400000, 1365922800000, 1366009200000, 1366095600000, 1366182000000, 1366268400000, 1366354800000, 1366441200000, 1366527600000, 1366614000000, 1366700400000, 1366786800000, 1366873200000, 1366959600000, 1367046000000, 1367132400000, 1367218800000, 1367305200000, 1367391600000, 1367478000000, 1367564400000, 1367650800000, 1367737200000, 1367823600000, 1367910000000, 1367996400000, 1368082800000, 1368169200000, 1368255600000, 1368342000000, 1368428400000, 1368514800000, 1368601200000, 1368687600000, 1368774000000, 1368860400000, 1368946800000, 1369033200000, 1369119600000, 1369206000000, 1369292400000, 1369378800000, 1369465200000, 1369551600000, 1369638000000, 1369724400000, 1369810800000, 1369897200000, 1369983600000, 1370070000000, 1370156400000, 1370242800000, 1370329200000, 1370415600000, 1370502000000, 1370588400000, 1370674800000, 1370761200000, 1370847600000, 1370934000000, 1371020400000, 1371106800000, 1371193200000, 1371279600000, 1371366000000, 1371452400000, 1371538800000, 1371625200000, 1371711600000, 1371798000000, 1371884400000, 1371970800000, 1372057200000, 1372143600000, 1372230000000, 1372316400000, 1372402800000, 1372489200000, 1372575600000, 1372662000000, 1372748400000, 1372834800000, 1372921200000, 1373007600000, 1373094000000, 1373180400000, 1373266800000, 1373353200000, 1373439600000, 1373526000000, 1373612400000, 1373698800000, 1373785200000, 1373871600000, 1373958000000, 1374044400000, 1374130800000, 1374217200000, 1374303600000, 1374390000000, 1374476400000, 1374562800000, 1374649200000, 1374735600000, 1374822000000, 1374908400000, 1374994800000, 1375081200000, 1375167600000, 1375254000000, 1375340400000, 1375426800000, 1375513200000, 1375599600000, 1375686000000, 1375772400000, 1375858800000, 1375945200000, 1376031600000, 1376118000000, 1376204400000, 1376290800000, 1376377200000, 1376463600000, 1376550000000, 1376636400000, 1376722800000, 1376809200000, 1376895600000, 1376982000000, 1377068400000, 1377154800000, 1377241200000, 1377327600000, 1377414000000, 1377500400000, 1377586800000, 1377673200000, 1377759600000, 1377846000000, 1377932400000, 1378018800000, 1378105200000, 1378191600000, 1378278000000, 1378364400000, 1378450800000, 1378537200000, 1378623600000, 1378710000000, 1378796400000, 1378882800000, 1378969200000, 1379055600000, 1379142000000, 1379228400000, 1379314800000, 1379401200000, 1379487600000, 1379574000000, 1379660400000, 1379746800000, 1379833200000, 1379919600000, 1380006000000, 1380092400000, 1380178800000, 1380265200000, 1380351600000, 1380438000000, 1380524400000, 1380610800000, 1380697200000, 1380783600000, 1380870000000, 1380956400000, 1381042800000, 1381129200000, 1381215600000, 1381302000000, 1381388400000, 1381474800000, 1381561200000, 1381647600000, 1381734000000, 1381820400000, 1381906800000, 1381993200000, 1382079600000, 1382166000000, 1382252400000, 1382338800000, 1382425200000, 1382511600000, 1382598000000, 1382684400000, 1382770800000, 1382857200000, 1382943600000, 1383030000000, 1383116400000, 1383202800000, 1383289200000, 1383375600000, 1383462000000, 1383552000000, 1383638400000, 1383724800000, 1383811200000, 1383897600000, 1383984000000, 1384070400000, 1384156800000, 1384243200000, 1384329600000, 1384416000000, 1384502400000, 1384588800000, 1384675200000, 1384761600000, 1384848000000, 1384934400000, 1385020800000, 1385107200000, 1385193600000, 1385280000000, 1385366400000, 1385452800000, 1385539200000, 1385625600000, 1385712000000, 1385798400000, 1385884800000, 1385971200000, 1386057600000, 1386144000000, 1386230400000, 1386316800000, 1386403200000, 1386489600000, 1386576000000, 1386662400000, 1386748800000, 1386835200000, 1386921600000, 1387008000000, 1387094400000, 1387180800000, 1387267200000, 1387353600000, 1387440000000, 1387526400000, 1387612800000, 1387699200000, 1387785600000, 1387872000000, 1387958400000, 1388044800000, 1388131200000, 1388217600000, 1388304000000, 1388390400000, 1388476800000, 1388563200000, 1388649600000, 1388736000000, 1388822400000, 1388908800000, 1388995200000, 1389081600000, 1389168000000, 1389254400000, 1389340800000, 1389427200000, 1389513600000, 1389600000000, 1389686400000, 1389772800000, 1389859200000, 1389945600000, 1390032000000, 1390118400000, 1390204800000, 1390291200000, 1390377600000, 1390464000000, 1390550400000, 1390636800000, 1390723200000, 1390809600000, 1390896000000, 1390982400000, 1391068800000, 1391155200000, 1391241600000, 1391328000000, 1391414400000, 1391500800000, 1391587200000, 1391673600000, 1391760000000, 1391846400000, 1391932800000, 1392019200000, 1392105600000, 1392192000000, 1392278400000, 1392364800000, 1392451200000, 1392537600000, 1392624000000, 1392710400000, 1392796800000, 1392883200000, 1392969600000, 1393056000000, 1393142400000, 1393228800000, 1393315200000, 1393401600000, 1393488000000, 1393574400000, 1393660800000, 1393747200000, 1393833600000, 1393920000000, 1394006400000, 1394092800000, 1394179200000, 1394265600000, 1394352000000, 1394434800000, 1394521200000, 1394607600000, 1394694000000, 1394780400000, 1394866800000, 1394953200000, 1395039600000, 1395126000000, 1395212400000, 1395298800000, 1395385200000, 1395471600000, 1395558000000, 1395644400000, 1395730800000, 1395817200000, 1395903600000, 1395990000000, 1396076400000, 1396162800000, 1396249200000, 1396335600000, 1396422000000, 1396508400000, 1396594800000, 1396681200000, 1396767600000, 1396854000000, 1396940400000, 1397026800000, 1397113200000, 1397199600000, 1397286000000, 1397372400000, 1397458800000, 1397545200000, 1397631600000, 1397718000000, 1397804400000, 1397890800000, 1397977200000, 1398063600000, 1398150000000, 1398236400000, 1398322800000, 1398409200000, 1398495600000, 1398582000000, 1398668400000, 1398754800000, 1398841200000, 1398927600000, 1399014000000, 1399100400000, 1399186800000, 1399273200000, 1399359600000, 1399446000000, 1399532400000, 1399618800000, 1399705200000, 1399791600000, 1399878000000, 1399964400000, 1400050800000, 1400137200000, 1400223600000, 1400310000000, 1400396400000, 1400482800000, 1400569200000, 1400655600000, 1400742000000, 1400828400000, 1400914800000, 1401001200000, 1401087600000, 1401174000000, 1401260400000, 1401346800000, 1401433200000, 1401519600000, 1401606000000, 1401692400000, 1401778800000, 1401865200000, 1401951600000, 1402038000000, 1402124400000, 1402210800000, 1402297200000, 1402383600000, 1402470000000, 1402556400000, 1402642800000, 1402729200000, 1402815600000, 1402902000000, 1402988400000, 1403074800000, 1403161200000, 1403247600000, 1403334000000, 1403420400000, 1403506800000, 1403593200000, 1403679600000, 1403766000000, 1403852400000, 1403938800000, 1404025200000, 1404111600000, 1404198000000, 1404284400000, 1404370800000, 1404457200000, 1404543600000, 1404630000000, 1404716400000, 1404802800000, 1404889200000, 1404975600000, 1405062000000, 1405148400000, 1405234800000, 1405321200000, 1405407600000, 1405494000000, 1405580400000, 1405666800000, 1405753200000, 1405839600000, 1405926000000, 1406012400000, 1406098800000, 1406185200000, 1406271600000, 1406358000000, 1406444400000, 1406530800000, 1406617200000, 1406703600000, 1406790000000, 1406876400000, 1406962800000, 1407049200000, 1407135600000, 1407222000000, 1407308400000, 1407394800000, 1407481200000, 1407567600000, 1407654000000, 1407740400000, 1407826800000, 1407913200000, 1407999600000, 1408086000000, 1408172400000, 1408258800000, 1408345200000, 1408431600000, 1408518000000, 1408604400000, 1408690800000, 1408777200000, 1408863600000, 1408950000000, 1409036400000, 1409122800000, 1409209200000, 1409295600000, 1409382000000, 1409468400000, 1409554800000, 1409641200000, 1409727600000, 1409814000000, 1409900400000, 1409986800000, 1410073200000, 1410159600000, 1410246000000, 1410332400000, 1410418800000, 1410505200000, 1410591600000, 1410678000000, 1410764400000, 1410850800000, 1410937200000, 1411023600000, 1411110000000, 1411196400000, 1411282800000, 1411369200000, 1411455600000, 1411542000000, 1411628400000, 1411714800000, 1411801200000, 1411887600000, 1411974000000, 1412060400000, 1412146800000, 1412233200000, 1412319600000, 1412406000000, 1412492400000, 1412578800000, 1412665200000, 1412751600000, 1412838000000, 1412924400000, 1413010800000, 1413097200000, 1413183600000, 1413270000000, 1413356400000, 1413442800000, 1413529200000, 1413615600000, 1413702000000, 1413788400000, 1413874800000, 1413961200000, 1414047600000, 1414134000000, 1414220400000, 1414306800000, 1414393200000, 1414479600000, 1414566000000, 1414652400000, 1414738800000, 1414825200000, 1414911600000, 1415001600000, 1415088000000, 1415174400000, 1415260800000, 1415347200000, 1415433600000, 1415520000000, 1415606400000, 1415692800000, 1415779200000, 1415865600000, 1415952000000, 1416038400000, 1416124800000, 1416211200000, 1416297600000, 1416384000000, 1416470400000, 1416556800000, 1416643200000, 1416729600000, 1416816000000, 1416902400000, 1416988800000, 1417075200000, 1417161600000, 1417248000000, 1417334400000, 1417420800000, 1417507200000, 1417593600000, 1417680000000, 1417766400000, 1417852800000, 1417939200000, 1418025600000, 1418112000000, 1418198400000, 1418284800000, 1418371200000, 1418457600000, 1418544000000, 1418630400000, 1418716800000, 1418803200000, 1418889600000, 1418976000000, 1419062400000, 1419148800000, 1419235200000, 1419321600000, 1419408000000, 1419494400000, 1419580800000, 1419667200000, 1419753600000, 1419840000000, 1419926400000, 1420012800000, 1420099200000, 1420185600000, 1420272000000, 1420358400000, 1420444800000, 1420531200000, 1420617600000, 1420704000000, 1420790400000, 1420876800000, 1420963200000, 1421049600000, 1421136000000, 1421222400000, 1421308800000, 1421395200000, 1421481600000, 1421568000000, 1421654400000, 1421740800000, 1421827200000, 1421913600000, 1422000000000, 1422086400000, 1422172800000, 1422259200000, 1422345600000, 1422432000000, 1422518400000, 1422604800000, 1422691200000, 1422777600000, 1422864000000, 1422950400000, 1423036800000, 1423123200000, 1423209600000, 1423296000000, 1423382400000, 1423468800000, 1423555200000, 1423641600000, 1423728000000, 1423814400000, 1423900800000, 1423987200000, 1424073600000, 1424160000000, 1424246400000, 1424332800000, 1424419200000, 1424505600000, 1424592000000, 1424678400000, 1424764800000, 1424851200000, 1424937600000, 1425024000000, 1425110400000, 1425196800000, 1425283200000, 1425369600000, 1425456000000, 1425542400000, 1425628800000, 1425715200000, 1425801600000, 1425884400000, 1425970800000, 1426057200000, 1426143600000, 1426230000000, 1426316400000, 1426402800000, 1426489200000, 1426575600000, 1426662000000, 1426748400000, 1426834800000, 1426921200000, 1427007600000, 1427094000000, 1427180400000, 1427266800000, 1427353200000, 1427439600000, 1427526000000, 1427612400000, 1427698800000, 1427785200000, 1427871600000, 1427958000000, 1428044400000, 1428130800000, 1428217200000, 1428303600000, 1428390000000, 1428476400000, 1428562800000, 1428649200000, 1428735600000, 1428822000000, 1428908400000, 1428994800000, 1429081200000, 1429167600000, 1429254000000, 1429340400000, 1429426800000, 1429513200000, 1429599600000, 1429686000000, 1429772400000, 1429858800000, 1429945200000, 1430031600000, 1430118000000, 1430204400000, 1430290800000, 1430377200000, 1430463600000, 1430550000000, 1430636400000, 1430722800000, 1430809200000, 1430895600000, 1430982000000, 1431068400000, 1431154800000, 1431241200000, 1431327600000, 1431414000000, 1431500400000, 1431586800000, 1431673200000, 1431759600000, 1431846000000, 1431932400000, 1432018800000, 1432105200000, 1432191600000, 1432278000000, 1432364400000, 1432450800000, 1432537200000, 1432623600000, 1432710000000, 1432796400000, 1432882800000, 1432969200000, 1433055600000, 1433142000000, 1433228400000, 1433314800000, 1433401200000, 1433487600000, 1433574000000, 1433660400000, 1433746800000, 1433833200000, 1433919600000, 1434006000000, 1434092400000, 1434178800000, 1434265200000, 1434351600000, 1434438000000, 1434524400000, 1434610800000, 1434697200000, 1434783600000, 1434870000000, 1434956400000, 1435042800000, 1435129200000, 1435215600000, 1435302000000, 1435388400000, 1435474800000, 1435561200000, 1435647600000, 1435734000000, 1435820400000, 1435906800000, 1435993200000, 1436079600000, 1436166000000, 1436252400000, 1436338800000, 1436425200000, 1436511600000, 1436598000000, 1436684400000, 1436770800000, 1436857200000, 1436943600000, 1437030000000, 1437116400000, 1437202800000, 1437289200000, 1437375600000, 1437462000000, 1437548400000, 1437634800000, 1437721200000, 1437807600000, 1437894000000, 1437980400000, 1438066800000, 1438153200000, 1438239600000, 1438326000000, 1438412400000, 1438498800000, 1438585200000, 1438671600000, 1438758000000, 1438844400000, 1438930800000, 1439017200000, 1439103600000, 1439190000000, 1439276400000, 1439362800000, 1439449200000, 1439535600000, 1439622000000, 1439708400000, 1439794800000, 1439881200000, 1439967600000, 1440054000000, 1440140400000, 1440226800000, 1440313200000, 1440399600000, 1440486000000, 1440572400000, 1440658800000, 1440745200000, 1440831600000, 1440918000000, 1441004400000, 1441090800000, 1441177200000, 1441263600000, 1441350000000, 1441436400000, 1441522800000, 1441609200000, 1441695600000, 1441782000000, 1441868400000, 1441954800000, 1442041200000, 1442127600000, 1442214000000, 1442300400000, 1442386800000, 1442473200000, 1442559600000, 1442646000000, 1442732400000, 1442818800000, 1442905200000, 1442991600000, 1443078000000, 1443164400000, 1443250800000, 1443337200000, 1443423600000, 1443510000000, 1443596400000, 1443682800000, 1443769200000, 1443855600000, 1443942000000, 1444028400000, 1444114800000, 1444201200000, 1444287600000, 1444374000000, 1444460400000, 1444546800000, 1444633200000, 1444719600000, 1444806000000, 1444892400000, 1444978800000, 1445065200000, 1445151600000, 1445238000000, 1445324400000, 1445410800000, 1445497200000, 1445583600000, 1445670000000, 1445756400000, 1445842800000, 1445929200000, 1446015600000, 1446102000000, 1446188400000, 1446274800000, 1446361200000, 1446451200000, 1446537600000, 1446624000000, 1446710400000, 1446796800000, 1446883200000, 1446969600000, 1447056000000, 1447142400000, 1447228800000, 1447315200000, 1447401600000, 1447488000000, 1447574400000, 1447660800000, 1447747200000, 1447833600000, 1447920000000, 1448006400000, 1448092800000, 1448179200000, 1448265600000, 1448352000000, 1448438400000, 1448524800000, 1448611200000, 1448697600000, 1448784000000, 1448870400000, 1448956800000, 1449043200000, 1449129600000, 1449216000000, 1449302400000, 1449388800000, 1449475200000, 1449561600000, 1449648000000, 1449734400000, 1449820800000, 1449907200000, 1449993600000, 1450080000000, 1450166400000, 1450252800000, 1450339200000, 1450425600000, 1450512000000, 1450598400000, 1450684800000, 1450771200000, 1450857600000, 1450944000000, 1451030400000, 1451116800000, 1451203200000, 1451289600000, 1451376000000, 1451462400000, 1451548800000, 1451635200000, 1451721600000, 1451808000000, 1451894400000, 1451980800000, 1452067200000, 1452153600000, 1452240000000, 1452326400000, 1452412800000, 1452499200000, 1452585600000, 1452672000000, 1452758400000, 1452844800000, 1452931200000, 1453017600000, 1453104000000, 1453190400000, 1453276800000, 1453363200000, 1453449600000, 1453536000000, 1453622400000, 1453708800000, 1453795200000, 1453881600000, 1453968000000, 1454054400000, 1454140800000, 1454227200000, 1454313600000, 1454400000000, 1454486400000, 1454572800000, 1454659200000, 1454745600000, 1454832000000, 1454918400000, 1455004800000, 1455091200000, 1455177600000, 1455264000000, 1455350400000, 1455436800000, 1455523200000, 1455609600000, 1455696000000, 1455782400000, 1455868800000, 1455955200000, 1456041600000, 1456128000000, 1456214400000, 1456300800000, 1456387200000, 1456473600000, 1456560000000, 1456646400000, 1456732800000, 1456819200000, 1456905600000, 1456992000000, 1457078400000, 1457164800000, 1457251200000, 1457337600000, 1457424000000, 1457510400000, 1457596800000, 1457683200000, 1457769600000, 1457856000000, 1457938800000, 1458025200000, 1458111600000, 1458198000000, 1458284400000, 1458370800000, 1458457200000, 1458543600000, 1458630000000, 1458716400000, 1458802800000, 1458889200000, 1458975600000, 1459062000000, 1459148400000, 1459234800000, 1459321200000, 1459407600000, 1459494000000, 1459580400000, 1459666800000, 1459753200000, 1459839600000, 1459926000000, 1460012400000, 1460098800000, 1460185200000, 1460271600000, 1460358000000, 1460444400000, 1460530800000, 1460617200000, 1460703600000, 1460790000000, 1460876400000, 1460962800000, 1461049200000, 1461135600000, 1461222000000, 1461308400000, 1461394800000, 1461481200000, 1461567600000, 1461654000000, 1461740400000, 1461826800000, 1461913200000, 1461999600000, 1462086000000, 1462172400000, 1462258800000, 1462345200000, 1462431600000, 1462518000000, 1462604400000, 1462690800000, 1462777200000, 1462863600000, 1462950000000, 1463036400000, 1463122800000, 1463209200000, 1463295600000, 1463382000000, 1463468400000, 1463554800000, 1463641200000, 1463727600000, 1463814000000, 1463900400000, 1463986800000, 1464073200000, 1464159600000, 1464246000000, 1464332400000, 1464418800000, 1464505200000, 1464591600000, 1464678000000, 1464764400000, 1464850800000, 1464937200000, 1465023600000, 1465110000000, 1465196400000, 1465282800000, 1465369200000, 1465455600000, 1465542000000, 1465628400000, 1465714800000, 1465801200000, 1465887600000, 1465974000000, 1466060400000, 1466146800000, 1466233200000, 1466319600000, 1466406000000, 1466492400000, 1466578800000, 1466665200000, 1466751600000, 1466838000000, 1466924400000, 1467010800000, 1467097200000, 1467183600000, 1467270000000, 1467356400000, 1467442800000, 1467529200000, 1467615600000, 1467702000000, 1467788400000, 1467874800000, 1467961200000, 1468047600000, 1468134000000, 1468220400000, 1468306800000, 1468393200000, 1468479600000, 1468566000000, 1468652400000, 1468738800000, 1468825200000, 1468911600000, 1468998000000, 1469084400000, 1469170800000, 1469257200000, 1469343600000, 1469430000000, 1469516400000, 1469602800000, 1469689200000, 1469775600000, 1469862000000, 1469948400000, 1470034800000, 1470121200000, 1470207600000, 1470294000000, 1470380400000, 1470466800000, 1470553200000, 1470639600000, 1470726000000, 1470812400000, 1470898800000, 1470985200000, 1471071600000, 1471158000000, 1471244400000, 1471330800000, 1471417200000, 1471503600000, 1471590000000, 1471676400000, 1471762800000, 1471849200000, 1471935600000, 1472022000000, 1472108400000, 1472194800000, 1472281200000, 1472367600000, 1472454000000, 1472540400000, 1472626800000, 1472713200000, 1472799600000, 1472886000000, 1472972400000, 1473058800000, 1473145200000, 1473231600000, 1473318000000, 1473404400000, 1473490800000, 1473577200000, 1473663600000, 1473750000000, 1473836400000, 1473922800000, 1474009200000, 1474095600000, 1474182000000, 1474268400000, 1474354800000, 1474441200000, 1474527600000, 1474614000000, 1474700400000, 1474786800000, 1474873200000, 1474959600000, 1475046000000, 1475132400000, 1475218800000, 1475305200000, 1475391600000, 1475478000000, 1475564400000, 1475650800000, 1475737200000, 1475823600000, 1475910000000, 1475996400000, 1476082800000, 1476169200000, 1476255600000, 1476342000000, 1476428400000, 1476514800000, 1476601200000, 1476687600000, 1476774000000, 1476860400000, 1476946800000, 1477033200000, 1477119600000, 1477206000000, 1477292400000, 1477378800000, 1477465200000, 1477551600000, 1477638000000, 1477724400000, 1477810800000, 1477897200000, 1477983600000, 1478070000000, 1478156400000, 1478242800000, 1478329200000, 1478415600000, 1478505600000, 1478592000000, 1478678400000, 1478764800000, 1478851200000, 1478937600000, 1479024000000, 1479110400000, 1479196800000, 1479283200000, 1479369600000, 1479456000000, 1479542400000, 1479628800000, 1479715200000, 1479801600000, 1479888000000, 1479974400000, 1480060800000, 1480147200000, 1480233600000, 1480320000000, 1480406400000, 1480492800000, 1480579200000, 1480665600000, 1480752000000, 1480838400000, 1480924800000, 1481011200000, 1481097600000, 1481184000000, 1481270400000, 1481356800000, 1481443200000, 1481529600000, 1481616000000, 1481702400000, 1481788800000, 1481875200000, 1481961600000, 1482048000000, 1482134400000, 1482220800000, 1482307200000, 1482393600000, 1482480000000, 1482566400000, 1482652800000, 1482739200000, 1482825600000, 1482912000000, 1482998400000, 1483084800000, 1483171200000, 1483257600000, 1483344000000, 1483430400000, 1483516800000, 1483603200000, 1483689600000, 1483776000000, 1483862400000, 1483948800000, 1484035200000, 1484121600000, 1484208000000, 1484294400000, 1484380800000, 1484467200000, 1484553600000, 1484640000000, 1484726400000, 1484812800000, 1484899200000, 1484985600000, 1485072000000, 1485158400000, 1485244800000, 1485331200000, 1485417600000, 1485504000000, 1485590400000, 1485676800000, 1485763200000, 1485849600000, 1485936000000, 1486022400000, 1486108800000, 1486195200000, 1486281600000, 1486368000000, 1486454400000, 1486540800000, 1486627200000, 1486713600000, 1486800000000, 1486886400000, 1486972800000, 1487059200000, 1487145600000, 1487232000000, 1487318400000, 1487404800000, 1487491200000, 1487577600000, 1487664000000, 1487750400000, 1487836800000, 1487923200000, 1488009600000, 1488096000000, 1488182400000, 1488268800000, 1488355200000, 1488441600000, 1488528000000, 1488614400000, 1488700800000, 1488787200000, 1488873600000, 1488960000000, 1489046400000, 1489132800000, 1489219200000, 1489305600000, 1489388400000, 1489474800000, 1489561200000, 1489647600000, 1489734000000, 1489820400000, 1489906800000, 1489993200000, 1490079600000, 1490166000000, 1490252400000, 1490338800000, 1490425200000, 1490511600000, 1490598000000, 1490684400000, 1490770800000, 1490857200000, 1490943600000, 1491030000000, 1491116400000, 1491202800000, 1491289200000, 1491375600000, 1491462000000, 1491548400000, 1491634800000, 1491721200000, 1491807600000, 1491894000000, 1491980400000, 1492066800000, 1492153200000, 1492239600000, 1492326000000, 1492412400000, 1492498800000, 1492585200000, 1492671600000, 1492758000000, 1492844400000, 1492930800000, 1493017200000, 1493103600000, 1493190000000, 1493276400000, 1493362800000, 1493449200000, 1493535600000, 1493622000000, 1493708400000, 1493794800000, 1493881200000, 1493967600000, 1494054000000, 1494140400000, 1494226800000, 1494313200000, 1494399600000, 1494486000000, 1494572400000, 1494658800000, 1494745200000, 1494831600000, 1494918000000, 1495004400000, 1495090800000, 1495177200000, 1495263600000, 1495350000000, 1495436400000]}}]]></graph_data><return_code><![CDATA[0]]></return_code></root>