<?xml version="1.0" encoding="utf-8"?><root><html_content><![CDATA[

      <div id="watch-actions-stats" class="watch-actions-stats-rats stats-cumulative top-selected-views" data-current-mode-css="stats-mode-daily" data-current-top-site-css="top-selected-views" data-current-metric-css="stats-metric-views">
        <div class="stats-header">
    <h1>
      <span class="stats-header-text yt-card-title">Video statistics</span>
<span class="stats-sub-header">Through May 22, 2017  
  <span class="yt-uix-clickcard">
    <button class="yt-uix-clickcard-target" aria-label="Learn more." aria-haspopup="true" data-position="topleft" type="button">
      <span class="yt-help-icon yt-sprite"></span>
    </button>
    <span class="yt-uix-clickcard-content" role="dialog" aria-label="Learn more." aria-describedby="-7499730946961087396">
      <button class="yt-uix-clickcard-close" aria-label="Close learn more dialog."></button>
      <p id="-7499730946961087396">The video statistics shown below are updated daily. They may lag behind the view count shown directly beneath the video, which updates many times a day.
      </p>
    </span>
  </span>

</span>
    </h1>

  </div>

        <table class="stats-bragbar-container yt-uix-button-group yt-uix-tabs" data-uix-tabs-selected-extra-class="yt-uix-button-toggled">
    <tr>
          <td class="stats-bragbar stats-bragbar-views yt-uix-button yt-uix-tabs-tab  yt-uix-tabs-selected yt-uix-button-toggled" data-uix-tabs-target-id="stats-chart-tab-views" data-top-site-css="top-selected-views" data-metric-css="stats-metric-views" style="border-bottom-color: #73c421">
    <span class="metric-label">Views</span>
    <div class="bragbar-metric-large">49,893,187</div>
  </td>

          <td class="stats-bragbar stats-bragbar-subscribers yt-uix-button yt-uix-tabs-tab " data-uix-tabs-target-id="stats-chart-tab-subscribers" data-top-site-css="top-selected-views" data-metric-css="stats-metric-subscribers" style="border-bottom-color: #e62117">
    <span class="metric-label">Subscriptions driven</span>
    <div class="bragbar-metric-large">33,439</div>
  </td>

          <td class="stats-bragbar stats-bragbar-shares yt-uix-button yt-uix-tabs-tab " data-uix-tabs-target-id="stats-chart-tab-shares" data-top-site-css="top-selected-views" data-metric-css="stats-metric-shares" style="border-bottom-color: #8882ef">
    <span class="metric-label">Shares</span>
    <div class="bragbar-metric-large">315,821</div>
  </td>

    </tr>
  </table>

  <div class="stats-charts-container">
      <div id="stats-chart-tab-views" class="stats-chart-menu ">
      </div>
      <div id="stats-chart-tab-subscribers" class="stats-chart-menu  hid">
      </div>
      <div id="stats-chart-tab-shares" class="stats-chart-menu  hid">
      </div>

    <div class="stats-chart-gviz"></div>

  </div>



  </div>

]]></html_content><return_code><![CDATA[0]]></return_code><graph_data><![CDATA[{"subscribers": {"daily": {"data": [261, 351, 238, 215, 165, 156, 118, 102, 134, 113, 115, 135, 101, 131, 116, 118, 104, 78, 107, 101, 88, 94, 94, 93, 96, 108, 123, 111, 119, 105, 118, 97, 102, 98, 107, 100, 93, 103, 107, 123, 112, 115, 92, 96, 99, 98, 100, 104, 102, 87, 76, 67, 96, 99, 94, 104, 93, 95, 84, 93, 83, 77, 85, 90, 95, 80, 93, 91, 62, 93, 61, 82, 82, 74, 77, 93, 84, 73, 62, 65, 67, 75, 91, 79, 71, 66, 74, 83, 79, 78, 75, 85, 79, 62, 85, 69, 74, 81, 75, 66, 49, 87, 74, 92, 79, 74, 76, 60, 81, 90, 81, 81, 93, 69, 74, 80, 59, 75, 67, 57, 70, 91, 62, 79, 64, 50, 64, 81, 55, 57, 52, 55, 59, 63, 68, 73, 54, 59, 66, 47, 55, 76, 60, 53, 61, 52, 56, 94, 78, 65, 54, 54, 50, 54, 60, 75, 77, 47, 46, 60, 46, 59, 50, 44, 34, 34, 23, 40, 43, 54, 39, 40, 42, 48, 50, 42, 53, 49, 51, 32, 29, 38, 40, 40, 60, 47, 44, 44, 52, 43, 53, 44, 41, 47, 43, 39, 43, 43, 51, 44, 47, 31, 43, 29, 33, 37, 36, 25, 29, 30, 40, 28, 31, 26, 22, 31, 35, 50, 58, 49, 37, 46, 36, 44, 28, 38, 41, 37, 28, 40, 36, 26, 43, 33, 23, 27, 40, 52, 39, 25, 27, 21, 29, 38, 51, 38, 30, 36, 37, 36, 40, 25, 33, 43, 22, 42, 35, 33, 30, 39, 36, 32, 28, 29, 20, 27, 20, 41, 29, 24, 34, 30, 19, 22, 28, 23, 18, 27, 21, 21, 19, 45, 27, 37, 33, 29, 31, 31, 31, 21, 36, 25, 25, 27, 24, 41, 31, 24, 26, 29, 21, 35, 26, 19, 28, 24, 15, 26, 24, 36, 28, 21, 30, 26, 14, 23, 23, 24, 11, 19, 27, 25, 31, 29, 18, 17, 20, 25, 12, 14, 26, 19, 19, 14, 20, 19, 15, 20, 19, 20, 19, 27, 24, 19, 41, 31, 18, 16, 12, 20, 26, 25, 19, 17, 20, 17, 24, 22, 21, 17, 18, 20, 25, 18, 24, 16, 15, 18, 16, 23, 30, 34, 22, 22, 35, 26, 26, 24, 20, 27, 21, 18, 25, 17, 34, 20, 22, 19, 11, 13, 26, 26, 19, 21, 12, 17, 15, 21, 16, 26, 13, 26, 13, 18, 15, 21, 20, 15, 18, 18, 23, 10, 14, 15, 21, 13, 21, 20, 24, 27, 18, 26, 17, 20, 23, 26, 14, 19, 21, 16, 17, 22, 22, 12, 12, 13, 11, 22, 15, 18, 23, 24, 19, 20, 19, 15, 20, 13, 21, 10, 14, 17, 17, 15, 14, 17, 15, 12, 18, 15, 13, 12, 13, 17, 14, 14, 18, 22, 20, 22, 17, 16, 13, 18, 17, 15, 18, 29, 30, 18, 21, 18, 17, 16, 16, 14, 10, 15, 16, 9, 18, 21, 15, 10, 19, 10, 17, 14, 20, 19, 21, 11, 10, 22, 15, 22, 16, 13, 13, 11, 16, 21, 25, 9, 15, 13, 17, 20, 13, 21, 13, 16, 15, 17, 15, 18, 16, 18, 18, 20, 9, 20, 21, 16, 14, 20, 19, 18, 23, 25, 17, 19, 12, 21, 21, 10, 38, 21, 29, 29, 21, 18, 22, 19, 17, 25, 20, 20, 30, 10, 20, 27, 18, 8, 11, 13, 11, 13, 20, 19, 12, 19, 27, 17, 14, 26, 18, 22, 18, 22, 18, 21, 28, 13, 15, 21, 22, 20, 23, 22, 17, 23, 12, 17, 20, 17, 24, 15, 16, 19, 23, 15, 22, 20, 22, 18, 15, 21, 18, 27, 18, 17, 19, 14, 25, 25, 17, 23, 24, 13, 15, 26, 24, 17, 20, 20, 15, 30, 20, 18, 17, 24, 26, 16, 18, 9, 16, 26, 23, 17, 10, 25, 27, 25, 24, 26, 18, 24, 24, 22, 21, 17, 22, 20, 26, 20, 24, 15, 21, 19, 16, 22, 12, 12, 18, 12, 20, 21, 10, 21, 21, 9, 19, 10, 16, 12, 14, 11, 11, 19, 18, 15, 17, 19, 24, 14, 15, 23, 18, 21, 20, 29, 22, 20, 23, 25, 18, 17, 16, 18, 30, 26, 25, 18, 20, 24, 17, 21, 14, 21, 19, 24, 13, 29, 14, 18, 11, 14, 21, 16, 15, 18, 20, 23, 17, 14, 18, 27, 23, 20, 5, 11, 26, 17, 16, 12, 17, 11, 16, 16, 15, 15, 21, 17, 19, 14, 9, 14, 22, 22, 16, 30, 21, 15, 7, 12, 9, 13, 15, 15, 14, 9, 11, 15, 16, 15, 14, 6, 14, 11, 13, 17, 8, 8, 12, 7, 9, 13, 14, 7, 7, 7, 10, 22, 20, 14, 18, 18, 15, 12, 19, 9, 17, 17, 16, 11, 11, 11, 12, 11, 11, 21, 6, 5, 21, 19, 5, 14, 12, 6, 7, 15, 9, 11, 10, 11, 7, 15, 11, 15, 6, 10, 13, 6, 11, 8, 9, 2, 3, 15, 11, 8, 12, 5, 10, 10, 4, 5, 11, 9, 9, 8, 13, 16, 9, 3, 7, 6, 8, 13, 8, 9, 14, 6, 10, 9, 8, 5, 9, 8, 15, 15, 12, 8, 10, 8, 15, 5, 8, 13, 5, 5, 7, 7, 10, 4, 5, 9, 7, 4, 5, 4, 7, 6, 8, 4, 6, 5, 8, 9, 6, 4, 10, 5, 7, 10, 8, 8, 8, 5, 5, 7, 8, 9, 4, 11, 5, 3, 12, 8, 9, 11, 4, 6, 3, 5, 5, 7, 7, 8, 7, 9, 4, 7, 1, 5, 4, 8, 3, 4, 8, 10, 8, 1, 16, 8, 10, 5, 10, 8, 7, 4, 10, 4, 5, 6, 12, 3, 7, 11, 7, 6, 6, 4, 11, 7, 5, 6, 6, 6, 6, 3, 8, 3, 5, 4, 4, 5, 6, 3, 5, 0, 8, 8, 11, 9, 6, 6, 7, 10, 12, 4, 3, 6, 5, 2, 5, 4, 6, 5, 7, 7, 8, 16, 9, 6, 10, 7, 2, 5, 5, 3, 7, 5, 5, 6, 6, 6, 7, 5, 10, 6, 5, 6, 1, 24, 9, 7, 7, 9, 8, 4, 5, 4, 5, 6, 8, 9, 9, 7, 9, 5, 6, 10, 9, 8, 8, 4, 10, 7, 5, 4, 4, 10, 8, 5, 5, 5, 5, 7, 5, 5, 9, 4, 10, 7, 5, 10, 6, 4, 2, 4, 4, 7, 1, 4, 5, 7, 5, 5, 7, 5, 5, 8, 6, 8, 3, 3, 10, 5, 5, 4, 5, 5, 7, 5, 7, 9, 3, 7, 9, 5, 9, 6, 2, 3, 8, 5, 8, 5, 9, 2, 2, 6, 10, 6, 2, 9, 4, 3, 4, 2, 3, 4, 4, 3, 9, 7, 7, 5, 3, 4, 4, 5, 7, 6, 3, 7, 5, 2, 2, 2, 4, 4, 5, 4, 5, 4, 5, 6, 6, 4, 2, 4, 8, 2, 4, 3, 1, 2, 4, 6, 3, 3, 5, 3, 6, 3, 5, 10, 5, 5, 5, 6, 6, 4, 3, 3, 3, 8, 6, 5, 4, 5, 4, 2, 2, 4, 6, 3, 7, 6, 6, 5, 7, 6, 3, 8, 5, 5, 5, 6, 3, 8, 6, 1, 4, 6, 9, 5, 6, 5, 8, 2, 7, 2, 3, 6, 4, 7, 6, 7, 12, 5, 6, 1, 6, 3, 7, 1, 4, 2, 2, 7, 5, 4, 4, 6, 3, 3, 5, 6, 8, 5, 5, 7, 7, 3, 6, 8, 9, 3, 5, 5, 4, 3, 6, 7, 7, 0, 4, 8, 3, 3, 3, 0, 6, 4, 1, 8, 10, 3, 2, 7, 3, 5, 1, 4, 3, 3, 2, 4, 3, 6, 3, 3, 5, 6, 3, 5, 5, 3, 5, 5, 7, 4, 4, 5, 1, 5, 2, 0, 7, 7, 6, 4, 3, 7, 5, 1, 3, 3, 4, 8, 4, 5, 2, 5, 3, 1, 2, 4, 3, 1, 5, 2, 5, 6, 7, 2, 4, 6, 5, 3, 8, 2, 5, 6, 7, 3, 4, 6, 2, 7, 5, 4, 4, 5, 6, 6, 6, 1, 4, 5, 6, 5, 1, 3, 2, 2, 3, 3, 2, 10, 4, 3, 3, 6, 2, 3, 6, 4, 6, 8, 5, 7, 8, 6, 1, 4, 6, 3, 6, 5, 4, 1, 3, 6, 6, 3, 4, 1, 6, 6, 5, 5, 5, 7, 3, 3, 3, 7, 2, 3, 2, 7, 3, 3, 4, 2, 6, 3, 5, 2, 3, 4, 3, 2, 6, 5, 2, 4, 2, 1, 5, 5, 3, 4, 2, 2, 5, 5, 7, 5, 1, 4, 2, 3, 4, 1, 3, 1, 2, 3, 4, 4, 7, 2, 1, 6, 2, 2, 5, 5, 10, 1, 7, 4, 5, 4, 3, 1, 2, 3, 5, 1, 2, 4, 4, 7, 3, 4, 1, 3, 2, 2, 3, 3, 5, 6, 3, 2, 1, 3, 2, 2, 2, 5, 6, 1, 1, 1, 3, 6, 1, 6, 3, 4, 3, 2, 9, 5, 3, 2, 5, 3, 3, 4, 3, 3, 1, 5, 3, 3, 3, 2, 8, 2, 3, 4, 6, 1, 2, 5, 2, 2, 2, 3, 4, 5, 6, 3, 2, 4, 3, 0, 2, 6, 5, 3, 6, 2, 1, 2, 5, 7, 4, 7, 9, 3, 5, 6, 4, 4, 4, 0, 4, 4, 4, 2, 3, 0, 6, 2, 3, 2, 1, 3, 5, 8, 2, 2, 5, 2, 4, 1, 4, 5, 2, 5, 3, 8, 5, 1, 6, 11, 11, 3, 3, 7, 0, 2, 2, 2, 2, 1, 1, 2, 1, 5, 2, 1, 1, 0, 1, 2, 2, 2, 3, 3, 6, 8, 12, 4, 5, 2, 5, 3, 5, 8, 6, 8, 9, 7, 3, 4, 5, 2, 3, 3, 0, 4, 2, 5, 1, 3, 4, 5, 0, 4, 1, 4, 3, 2, 3, 4, 5, 2, 5, 2, 4, 3, 6, 3, 3, 4, 3, 7, 3, 5, 5, 0, 6, 4, 6, 3, 5, 6, 1, 5, 1, 2, 4, 5, 6, 7, 2, 4, 4, 4, 4, 6, 4, 5, 3, 6, 3, 2, 5, 5, 3, 5, 7, 3, 6, 6, 2, 3, 2, 1, 4, 2, 2, 2, 5, 2, 6, 5, 5, 2, 2, 2, 0, 2, 3, 4, 6, 3, 1, 1, 4, 2, 1, 2, 4, 3, 5, 3, 2, 0, 0, 0, 0, 0, 0, 0, 0, 0, 0, 0, 5, 5, 5, 6, 6, 3, 11, 6, 6, 3, 5, 7, 8, 4, 4, 4, 5, 2, 3, 9, 3, 8, 3, 3, 4, 4, 1, 5, 2, 2, 2, 5, 3, 4, 6, 2, 5, 1, 0, 7, 1, 3, 2, 5, 4, 1, 1, 5, 6, 6, 3, 5, 6, 6, 3, 5, 3, 6, 2, 7, 6, 3, 4, 4, 2, 6, 7, 7, 5, 1, 5, 3, 6, 5, 12, 2, 5, 1, 2, 4, 5, 6, 3, 2, 5, 1, 3, 3, 4, 5, 4, 3, 2, 5, 5, 6, 4, 3, 5, 1, 7, 6, 7, 7, 3, 2, 2, 6, 2, 7, 9, 3, 6, 6, 7], "opt": {"pointSize": 0, "chartArea": {"left": 53.0, "top": 30}, "legend": {"position": "none"}, "colors": ["#e62117"], "tooltip": {"trigger": "none"}, "enableInteractivity": false, "vAxis": {"gridlines": {"color": "#f0f0f0"}, "minValue": 0, "textStyle": {"color": "#666"}, "titleTextStyle": {"color": "#666"}, "maxValue": 352, "baselineColor": "#e2e2e2"}, "hAxis": {"gridlines": {"color": "transparent"}, "textStyle": {"color": "#666"}, "baselineColor": "transparent", "viewWindow": {}, "slantedText": false}}}}, "shares": {"daily": {"data": [3349, 3619, 2157, 1919, 1390, 1270, 982, 972, 940, 868, 1035, 977, 1091, 980, 899, 799, 778, 845, 781, 801, 787, 763, 660, 640, 895, 968, 944, 946, 761, 732, 735, 757, 830, 837, 809, 727, 702, 743, 732, 883, 788, 723, 736, 615, 627, 764, 766, 756, 683, 653, 580, 613, 904, 921, 836, 781, 706, 646, 700, 847, 750, 563, 704, 662, 641, 608, 658, 658, 617, 644, 537, 539, 534, 599, 600, 604, 624, 535, 445, 473, 534, 657, 687, 583, 562, 533, 491, 603, 622, 544, 527, 429, 462, 509, 589, 575, 512, 526, 506, 480, 473, 490, 514, 560, 549, 492, 499, 520, 520, 631, 550, 561, 552, 509, 514, 519, 465, 495, 447, 478, 465, 475, 450, 505, 432, 382, 399, 401, 435, 393, 406, 390, 359, 358, 419, 422, 370, 374, 391, 339, 364, 369, 412, 346, 360, 348, 321, 338, 344, 369, 319, 314, 366, 343, 346, 385, 364, 331, 331, 313, 326, 325, 277, 289, 271, 275, 294, 266, 297, 248, 261, 285, 255, 248, 227, 234, 208, 251, 230, 227, 190, 227, 244, 209, 286, 287, 229, 256, 253, 276, 253, 231, 261, 210, 240, 250, 225, 196, 232, 227, 238, 260, 183, 223, 213, 235, 233, 203, 181, 165, 185, 188, 209, 153, 192, 141, 188, 138, 163, 177, 184, 169, 173, 156, 175, 148, 183, 166, 177, 154, 167, 160, 168, 159, 105, 106, 163, 178, 150, 125, 184, 151, 139, 186, 149, 163, 158, 146, 166, 172, 162, 161, 139, 150, 164, 127, 145, 117, 132, 94, 112, 129, 132, 128, 119, 125, 127, 128, 105, 122, 92, 80, 90, 84, 122, 77, 98, 83, 69, 98, 108, 103, 100, 93, 98, 96, 126, 73, 84, 97, 79, 90, 94, 97, 78, 87, 93, 97, 100, 68, 104, 96, 96, 63, 84, 72, 75, 68, 74, 89, 57, 94, 78, 86, 88, 89, 80, 88, 106, 99, 82, 104, 83, 74, 92, 101, 90, 93, 74, 78, 66, 86, 77, 79, 70, 65, 60, 74, 82, 85, 91, 61, 94, 79, 83, 79, 88, 69, 68, 76, 81, 74, 81, 64, 79, 69, 63, 48, 71, 72, 68, 75, 68, 52, 69, 54, 61, 74, 73, 59, 81, 51, 84, 50, 78, 69, 69, 61, 67, 72, 64, 70, 76, 57, 75, 66, 56, 45, 65, 69, 62, 67, 62, 53, 45, 31, 65, 62, 61, 64, 55, 64, 54, 45, 71, 59, 36, 63, 47, 47, 50, 64, 56, 44, 39, 38, 54, 64, 71, 68, 64, 57, 44, 57, 52, 47, 42, 46, 52, 49, 37, 66, 43, 50, 54, 34, 58, 36, 41, 50, 72, 72, 45, 51, 56, 65, 53, 40, 55, 52, 63, 48, 57, 59, 50, 46, 47, 42, 48, 44, 47, 48, 63, 45, 31, 51, 47, 44, 56, 45, 56, 40, 54, 55, 57, 41, 58, 69, 48, 33, 67, 48, 61, 53, 50, 55, 50, 36, 34, 43, 42, 43, 44, 49, 48, 46, 38, 47, 45, 50, 28, 42, 56, 30, 36, 43, 45, 49, 47, 39, 35, 47, 39, 40, 42, 39, 38, 38, 34, 34, 45, 43, 44, 25, 39, 39, 43, 36, 54, 46, 36, 56, 47, 49, 44, 43, 52, 38, 55, 67, 52, 42, 40, 32, 45, 45, 42, 41, 54, 40, 51, 48, 35, 34, 47, 59, 52, 44, 47, 73, 90, 116, 108, 94, 87, 98, 79, 90, 112, 95, 124, 98, 96, 94, 99, 93, 113, 101, 111, 108, 128, 97, 113, 124, 119, 96, 92, 76, 93, 101, 92, 85, 82, 84, 106, 92, 93, 103, 96, 67, 71, 97, 90, 93, 91, 91, 78, 67, 115, 78, 97, 94, 88, 110, 92, 100, 81, 94, 110, 109, 97, 106, 78, 107, 90, 82, 96, 119, 89, 91, 91, 115, 88, 67, 91, 74, 81, 88, 72, 66, 74, 65, 104, 78, 90, 97, 84, 79, 96, 75, 86, 117, 104, 94, 88, 97, 107, 64, 65, 90, 73, 66, 83, 63, 55, 73, 65, 64, 86, 68, 92, 60, 81, 68, 55, 61, 52, 56, 80, 69, 90, 76, 78, 77, 94, 70, 74, 84, 73, 83, 90, 87, 83, 103, 82, 89, 71, 87, 87, 90, 97, 89, 98, 108, 67, 92, 62, 84, 48, 54, 40, 79, 52, 67, 64, 55, 53, 67, 55, 67, 89, 90, 79, 90, 70, 60, 61, 56, 59, 59, 79, 58, 69, 67, 67, 54, 63, 67, 72, 62, 79, 78, 51, 42, 50, 64, 71, 61, 78, 74, 57, 71, 85, 84, 47, 58, 66, 45, 61, 67, 45, 48, 53, 38, 53, 59, 56, 48, 51, 61, 61, 41, 43, 45, 61, 57, 59, 62, 37, 48, 50, 55, 77, 72, 77, 62, 62, 50, 70, 55, 57, 38, 63, 62, 62, 46, 56, 59, 59, 53, 53, 64, 64, 60, 68, 64, 46, 56, 39, 49, 52, 41, 46, 47, 38, 37, 42, 41, 42, 52, 48, 51, 51, 35, 36, 46, 48, 45, 54, 71, 56, 63, 66, 46, 53, 40, 34, 36, 63, 48, 35, 54, 40, 32, 41, 36, 39, 39, 35, 33, 34, 30, 40, 43, 35, 48, 50, 33, 44, 33, 36, 50, 56, 31, 37, 31, 32, 49, 61, 59, 26, 45, 58, 37, 34, 38, 34, 28, 32, 33, 25, 33, 24, 30, 28, 36, 28, 31, 42, 24, 36, 39, 31, 33, 42, 41, 41, 34, 34, 35, 30, 28, 37, 30, 32, 28, 27, 33, 27, 45, 16, 34, 30, 32, 43, 25, 18, 30, 28, 25, 36, 49, 35, 46, 26, 28, 21, 33, 18, 29, 38, 32, 26, 28, 49, 44, 29, 20, 31, 23, 29, 25, 19, 25, 30, 41, 32, 22, 26, 43, 19, 14, 24, 35, 15, 15, 34, 25, 28, 25, 21, 16, 30, 23, 16, 20, 27, 14, 24, 25, 28, 25, 20, 31, 28, 27, 26, 25, 33, 39, 35, 28, 23, 27, 18, 6, 23, 29, 22, 9, 30, 20, 27, 35, 69, 59, 45, 43, 69, 62, 72, 69, 62, 60, 49, 74, 51, 60, 61, 40, 73, 49, 59, 64, 60, 47, 62, 63, 67, 59, 59, 66, 70, 51, 63, 70, 62, 75, 72, 62, 52, 102, 58, 80, 100, 94, 122, 113, 112, 108, 118, 111, 101, 112, 95, 87, 102, 93, 111, 123, 110, 108, 130, 106, 115, 106, 111, 101, 88, 81, 89, 79, 73, 111, 108, 76, 69, 72, 81, 90, 104, 93, 100, 104, 113, 97, 116, 116, 100, 70, 105, 82, 115, 99, 92, 114, 100, 106, 101, 102, 104, 92, 82, 94, 93, 119, 89, 99, 114, 91, 82, 100, 110, 125, 128, 136, 104, 130, 138, 129, 115, 102, 114, 146, 118, 115, 115, 131, 123, 115, 127, 125, 124, 115, 136, 123, 104, 107, 101, 109, 114, 131, 97, 124, 122, 125, 143, 113, 128, 153, 128, 128, 113, 132, 138, 142, 137, 132, 131, 133, 139, 122, 129, 133, 128, 116, 105, 162, 150, 136, 148, 137, 138, 119, 142, 143, 114, 149, 129, 142, 131, 141, 125, 153, 190, 126, 144, 144, 132, 144, 162, 150, 147, 140, 136, 134, 118, 143, 142, 146, 119, 110, 149, 139, 140, 156, 133, 162, 131, 148, 143, 156, 158, 175, 129, 144, 138, 148, 162, 157, 128, 152, 123, 170, 174, 141, 158, 136, 144, 141, 146, 130, 145, 171, 160, 124, 142, 178, 150, 188, 145, 169, 138, 99, 177, 168, 152, 159, 143, 143, 136, 161, 150, 157, 118, 165, 141, 153, 155, 158, 164, 161, 145, 158, 162, 161, 148, 175, 147, 147, 153, 156, 169, 170, 147, 133, 155, 172, 169, 168, 183, 153, 199, 143, 177, 102, 186, 168, 151, 157, 188, 151, 168, 185, 150, 193, 154, 182, 167, 154, 189, 191, 154, 202, 145, 158, 165, 181, 183, 166, 153, 138, 136, 162, 183, 179, 167, 155, 130, 148, 153, 172, 147, 162, 155, 140, 135, 144, 172, 143, 139, 142, 146, 140, 154, 158, 172, 177, 158, 123, 136, 143, 153, 187, 182, 183, 110, 123, 157, 185, 137, 166, 170, 140, 179, 185, 172, 155, 173, 162, 186, 149, 191, 168, 170, 195, 139, 201, 194, 176, 206, 173, 201, 180, 175, 168, 198, 194, 156, 180, 185, 186, 149, 193, 183, 188, 202, 167, 210, 160, 186, 215, 200, 172, 172, 151, 162, 158, 180, 180, 176, 171, 191, 165, 165, 180, 159, 172, 193, 200, 167, 176, 194, 169, 159, 150, 178, 138, 169, 163, 176, 178, 169, 149, 159, 167, 167, 154, 153, 164, 198, 143, 172, 135, 180, 156, 163, 163, 142, 185, 191, 156, 178, 174, 199, 183, 169, 181, 166, 167, 144, 161, 128, 172, 141, 131, 155, 157, 175, 187, 135, 158, 157, 171, 174, 216, 193, 204, 231, 178, 194, 185, 207, 155, 174, 159, 176, 210, 196, 189, 166, 172, 174, 159, 196, 184, 216, 164, 165, 200, 170, 225, 215, 199, 209, 188, 203, 187, 216, 233, 200, 199, 220, 206, 192, 220, 239, 216, 215, 198, 181, 235, 194, 197, 187, 196, 208, 182, 241, 208, 183, 244, 211, 190, 187, 220, 244, 223, 236, 232, 204, 215, 203, 195, 207, 223, 227, 205, 212, 279, 245, 222, 223, 216, 236, 255, 194, 210, 196, 217, 197, 200, 209, 225, 248, 203, 234, 208, 235, 229, 259, 245, 250, 234, 205, 197, 224, 235, 217, 241, 265, 239, 223, 257, 230, 219, 240, 223, 192, 207, 250, 230, 239, 226, 239, 251, 247, 241, 239, 235, 251, 215, 208, 166, 175, 199, 177, 206, 234, 193, 184, 164, 176, 218, 172, 239, 201, 231, 260, 190, 282, 291, 280, 233, 203, 227, 246, 266, 269, 258, 245, 268, 296, 239, 189, 173, 154, 176, 177, 197, 252, 202, 179, 173, 190, 179, 202, 181, 222, 204, 172, 201, 191, 199, 150, 194, 225, 215, 164, 157, 186, 159, 160, 178, 170, 208, 166, 212, 194, 179, 182, 183, 165, 192, 232, 224, 203, 210, 233, 165, 176, 232, 210, 201, 207, 185, 166, 189, 208, 205, 213, 189, 231, 200, 264, 215, 275, 199, 192, 179, 184, 205, 202, 215, 192, 216, 210, 207, 191, 196, 195, 218, 196, 180, 201, 179, 172, 220, 223, 213, 258, 203, 186, 181, 240, 208, 240, 253, 233, 181, 225, 219, 229, 215, 196, 218, 221, 233, 286, 224, 216, 215, 242, 214, 215, 208, 252, 236, 208, 196, 208, 217, 179, 199, 185, 216, 244, 180, 185, 173, 214, 201, 230, 183, 206, 219, 199, 207, 210, 198, 233, 203, 222, 244, 227, 226, 216, 210, 224, 230, 227, 200, 215, 237, 211, 237, 232, 222, 222, 184, 201, 213, 219, 201, 211, 246, 185, 233, 223, 232, 209, 218, 218, 230, 198, 236, 228, 297, 179, 239, 276, 235, 221, 190, 224, 202, 232, 237, 198, 187, 195, 181, 191, 208, 225, 201, 182, 188, 169, 201, 205, 191, 200, 179, 190, 211, 194, 180, 208, 236, 224, 215, 226, 206, 212, 181, 193, 180, 236, 223, 215, 234, 215, 232, 227, 215, 218, 199, 240, 243, 234, 220, 217, 234, 192], "opt": {"pointSize": 0, "chartArea": {"left": 60.0, "top": 30}, "legend": {"position": "none"}, "colors": ["#8882ef"], "tooltip": {"trigger": "none"}, "enableInteractivity": false, "vAxis": {"gridlines": {"color": "#f0f0f0"}, "minValue": 0, "textStyle": {"color": "#666"}, "titleTextStyle": {"color": "#666"}, "maxValue": 3620, "baselineColor": "#e2e2e2"}, "hAxis": {"gridlines": {"color": "transparent"}, "textStyle": {"color": "#666"}, "baselineColor": "transparent", "viewWindow": {}, "slantedText": false}}}}, "day": {"data": [1336114800000, 1336201200000, 1336287600000, 1336374000000, 1336460400000, 1336546800000, 1336633200000, 1336719600000, 1336806000000, 1336892400000, 1336978800000, 1337065200000, 1337151600000, 1337238000000, 1337324400000, 1337410800000, 1337497200000, 1337583600000, 1337670000000, 1337756400000, 1337842800000, 1337929200000, 1338015600000, 1338102000000, 1338188400000, 1338274800000, 1338361200000, 1338447600000, 1338534000000, 1338620400000, 1338706800000, 1338793200000, 1338879600000, 1338966000000, 1339052400000, 1339138800000, 1339225200000, 1339311600000, 1339398000000, 1339484400000, 1339570800000, 1339657200000, 1339743600000, 1339830000000, 1339916400000, 1340002800000, 1340089200000, 1340175600000, 1340262000000, 1340348400000, 1340434800000, 1340521200000, 1340607600000, 1340694000000, 1340780400000, 1340866800000, 1340953200000, 1341039600000, 1341126000000, 1341212400000, 1341298800000, 1341385200000, 1341471600000, 1341558000000, 1341644400000, 1341730800000, 1341817200000, 1341903600000, 1341990000000, 1342076400000, 1342162800000, 1342249200000, 1342335600000, 1342422000000, 1342508400000, 1342594800000, 1342681200000, 1342767600000, 1342854000000, 1342940400000, 1343026800000, 1343113200000, 1343199600000, 1343286000000, 1343372400000, 1343458800000, 1343545200000, 1343631600000, 1343718000000, 1343804400000, 1343890800000, 1343977200000, 1344063600000, 1344150000000, 1344236400000, 1344322800000, 1344409200000, 1344495600000, 1344582000000, 1344668400000, 1344754800000, 1344841200000, 1344927600000, 1345014000000, 1345100400000, 1345186800000, 1345273200000, 1345359600000, 1345446000000, 1345532400000, 1345618800000, 1345705200000, 1345791600000, 1345878000000, 1345964400000, 1346050800000, 1346137200000, 1346223600000, 1346310000000, 1346396400000, 1346482800000, 1346569200000, 1346655600000, 1346742000000, 1346828400000, 1346914800000, 1347001200000, 1347087600000, 1347174000000, 1347260400000, 1347346800000, 1347433200000, 1347519600000, 1347606000000, 1347692400000, 1347778800000, 1347865200000, 1347951600000, 1348038000000, 1348124400000, 1348210800000, 1348297200000, 1348383600000, 1348470000000, 1348556400000, 1348642800000, 1348729200000, 1348815600000, 1348902000000, 1348988400000, 1349074800000, 1349161200000, 1349247600000, 1349334000000, 1349420400000, 1349506800000, 1349593200000, 1349679600000, 1349766000000, 1349852400000, 1349938800000, 1350025200000, 1350111600000, 1350198000000, 1350284400000, 1350370800000, 1350457200000, 1350543600000, 1350630000000, 1350716400000, 1350802800000, 1350889200000, 1350975600000, 1351062000000, 1351148400000, 1351234800000, 1351321200000, 1351407600000, 1351494000000, 1351580400000, 1351666800000, 1351753200000, 1351839600000, 1351926000000, 1352012400000, 1352102400000, 1352188800000, 1352275200000, 1352361600000, 1352448000000, 1352534400000, 1352620800000, 1352707200000, 1352793600000, 1352880000000, 1352966400000, 1353052800000, 1353139200000, 1353225600000, 1353312000000, 1353398400000, 1353484800000, 1353571200000, 1353657600000, 1353744000000, 1353830400000, 1353916800000, 1354003200000, 1354089600000, 1354176000000, 1354262400000, 1354348800000, 1354435200000, 1354521600000, 1354608000000, 1354694400000, 1354780800000, 1354867200000, 1354953600000, 1355040000000, 1355126400000, 1355212800000, 1355299200000, 1355385600000, 1355472000000, 1355558400000, 1355644800000, 1355731200000, 1355817600000, 1355904000000, 1355990400000, 1356076800000, 1356163200000, 1356249600000, 1356336000000, 1356422400000, 1356508800000, 1356595200000, 1356681600000, 1356768000000, 1356854400000, 1356940800000, 1357027200000, 1357113600000, 1357200000000, 1357286400000, 1357372800000, 1357459200000, 1357545600000, 1357632000000, 1357718400000, 1357804800000, 1357891200000, 1357977600000, 1358064000000, 1358150400000, 1358236800000, 1358323200000, 1358409600000, 1358496000000, 1358582400000, 1358668800000, 1358755200000, 1358841600000, 1358928000000, 1359014400000, 1359100800000, 1359187200000, 1359273600000, 1359360000000, 1359446400000, 1359532800000, 1359619200000, 1359705600000, 1359792000000, 1359878400000, 1359964800000, 1360051200000, 1360137600000, 1360224000000, 1360310400000, 1360396800000, 1360483200000, 1360569600000, 1360656000000, 1360742400000, 1360828800000, 1360915200000, 1361001600000, 1361088000000, 1361174400000, 1361260800000, 1361347200000, 1361433600000, 1361520000000, 1361606400000, 1361692800000, 1361779200000, 1361865600000, 1361952000000, 1362038400000, 1362124800000, 1362211200000, 1362297600000, 1362384000000, 1362470400000, 1362556800000, 1362643200000, 1362729600000, 1362816000000, 1362902400000, 1362985200000, 1363071600000, 1363158000000, 1363244400000, 1363330800000, 1363417200000, 1363503600000, 1363590000000, 1363676400000, 1363762800000, 1363849200000, 1363935600000, 1364022000000, 1364108400000, 1364194800000, 1364281200000, 1364367600000, 1364454000000, 1364540400000, 1364626800000, 1364713200000, 1364799600000, 1364886000000, 1364972400000, 1365058800000, 1365145200000, 1365231600000, 1365318000000, 1365404400000, 1365490800000, 1365577200000, 1365663600000, 1365750000000, 1365836400000, 1365922800000, 1366009200000, 1366095600000, 1366182000000, 1366268400000, 1366354800000, 1366441200000, 1366527600000, 1366614000000, 1366700400000, 1366786800000, 1366873200000, 1366959600000, 1367046000000, 1367132400000, 1367218800000, 1367305200000, 1367391600000, 1367478000000, 1367564400000, 1367650800000, 1367737200000, 1367823600000, 1367910000000, 1367996400000, 1368082800000, 1368169200000, 1368255600000, 1368342000000, 1368428400000, 1368514800000, 1368601200000, 1368687600000, 1368774000000, 1368860400000, 1368946800000, 1369033200000, 1369119600000, 1369206000000, 1369292400000, 1369378800000, 1369465200000, 1369551600000, 1369638000000, 1369724400000, 1369810800000, 1369897200000, 1369983600000, 1370070000000, 1370156400000, 1370242800000, 1370329200000, 1370415600000, 1370502000000, 1370588400000, 1370674800000, 1370761200000, 1370847600000, 1370934000000, 1371020400000, 1371106800000, 1371193200000, 1371279600000, 1371366000000, 1371452400000, 1371538800000, 1371625200000, 1371711600000, 1371798000000, 1371884400000, 1371970800000, 1372057200000, 1372143600000, 1372230000000, 1372316400000, 1372402800000, 1372489200000, 1372575600000, 1372662000000, 1372748400000, 1372834800000, 1372921200000, 1373007600000, 1373094000000, 1373180400000, 1373266800000, 1373353200000, 1373439600000, 1373526000000, 1373612400000, 1373698800000, 1373785200000, 1373871600000, 1373958000000, 1374044400000, 1374130800000, 1374217200000, 1374303600000, 1374390000000, 1374476400000, 1374562800000, 1374649200000, 1374735600000, 1374822000000, 1374908400000, 1374994800000, 1375081200000, 1375167600000, 1375254000000, 1375340400000, 1375426800000, 1375513200000, 1375599600000, 1375686000000, 1375772400000, 1375858800000, 1375945200000, 1376031600000, 1376118000000, 1376204400000, 1376290800000, 1376377200000, 1376463600000, 1376550000000, 1376636400000, 1376722800000, 1376809200000, 1376895600000, 1376982000000, 1377068400000, 1377154800000, 1377241200000, 1377327600000, 1377414000000, 1377500400000, 1377586800000, 1377673200000, 1377759600000, 1377846000000, 1377932400000, 1378018800000, 1378105200000, 1378191600000, 1378278000000, 1378364400000, 1378450800000, 1378537200000, 1378623600000, 1378710000000, 1378796400000, 1378882800000, 1378969200000, 1379055600000, 1379142000000, 1379228400000, 1379314800000, 1379401200000, 1379487600000, 1379574000000, 1379660400000, 1379746800000, 1379833200000, 1379919600000, 1380006000000, 1380092400000, 1380178800000, 1380265200000, 1380351600000, 1380438000000, 1380524400000, 1380610800000, 1380697200000, 1380783600000, 1380870000000, 1380956400000, 1381042800000, 1381129200000, 1381215600000, 1381302000000, 1381388400000, 1381474800000, 1381561200000, 1381647600000, 1381734000000, 1381820400000, 1381906800000, 1381993200000, 1382079600000, 1382166000000, 1382252400000, 1382338800000, 1382425200000, 1382511600000, 1382598000000, 1382684400000, 1382770800000, 1382857200000, 1382943600000, 1383030000000, 1383116400000, 1383202800000, 1383289200000, 1383375600000, 1383462000000, 1383552000000, 1383638400000, 1383724800000, 1383811200000, 1383897600000, 1383984000000, 1384070400000, 1384156800000, 1384243200000, 1384329600000, 1384416000000, 1384502400000, 1384588800000, 1384675200000, 1384761600000, 1384848000000, 1384934400000, 1385020800000, 1385107200000, 1385193600000, 1385280000000, 1385366400000, 1385452800000, 1385539200000, 1385625600000, 1385712000000, 1385798400000, 1385884800000, 1385971200000, 1386057600000, 1386144000000, 1386230400000, 1386316800000, 1386403200000, 1386489600000, 1386576000000, 1386662400000, 1386748800000, 1386835200000, 1386921600000, 1387008000000, 1387094400000, 1387180800000, 1387267200000, 1387353600000, 1387440000000, 1387526400000, 1387612800000, 1387699200000, 1387785600000, 1387872000000, 1387958400000, 1388044800000, 1388131200000, 1388217600000, 1388304000000, 1388390400000, 1388476800000, 1388563200000, 1388649600000, 1388736000000, 1388822400000, 1388908800000, 1388995200000, 1389081600000, 1389168000000, 1389254400000, 1389340800000, 1389427200000, 1389513600000, 1389600000000, 1389686400000, 1389772800000, 1389859200000, 1389945600000, 1390032000000, 1390118400000, 1390204800000, 1390291200000, 1390377600000, 1390464000000, 1390550400000, 1390636800000, 1390723200000, 1390809600000, 1390896000000, 1390982400000, 1391068800000, 1391155200000, 1391241600000, 1391328000000, 1391414400000, 1391500800000, 1391587200000, 1391673600000, 1391760000000, 1391846400000, 1391932800000, 1392019200000, 1392105600000, 1392192000000, 1392278400000, 1392364800000, 1392451200000, 1392537600000, 1392624000000, 1392710400000, 1392796800000, 1392883200000, 1392969600000, 1393056000000, 1393142400000, 1393228800000, 1393315200000, 1393401600000, 1393488000000, 1393574400000, 1393660800000, 1393747200000, 1393833600000, 1393920000000, 1394006400000, 1394092800000, 1394179200000, 1394265600000, 1394352000000, 1394434800000, 1394521200000, 1394607600000, 1394694000000, 1394780400000, 1394866800000, 1394953200000, 1395039600000, 1395126000000, 1395212400000, 1395298800000, 1395385200000, 1395471600000, 1395558000000, 1395644400000, 1395730800000, 1395817200000, 1395903600000, 1395990000000, 1396076400000, 1396162800000, 1396249200000, 1396335600000, 1396422000000, 1396508400000, 1396594800000, 1396681200000, 1396767600000, 1396854000000, 1396940400000, 1397026800000, 1397113200000, 1397199600000, 1397286000000, 1397372400000, 1397458800000, 1397545200000, 1397631600000, 1397718000000, 1397804400000, 1397890800000, 1397977200000, 1398063600000, 1398150000000, 1398236400000, 1398322800000, 1398409200000, 1398495600000, 1398582000000, 1398668400000, 1398754800000, 1398841200000, 1398927600000, 1399014000000, 1399100400000, 1399186800000, 1399273200000, 1399359600000, 1399446000000, 1399532400000, 1399618800000, 1399705200000, 1399791600000, 1399878000000, 1399964400000, 1400050800000, 1400137200000, 1400223600000, 1400310000000, 1400396400000, 1400482800000, 1400569200000, 1400655600000, 1400742000000, 1400828400000, 1400914800000, 1401001200000, 1401087600000, 1401174000000, 1401260400000, 1401346800000, 1401433200000, 1401519600000, 1401606000000, 1401692400000, 1401778800000, 1401865200000, 1401951600000, 1402038000000, 1402124400000, 1402210800000, 1402297200000, 1402383600000, 1402470000000, 1402556400000, 1402642800000, 1402729200000, 1402815600000, 1402902000000, 1402988400000, 1403074800000, 1403161200000, 1403247600000, 1403334000000, 1403420400000, 1403506800000, 1403593200000, 1403679600000, 1403766000000, 1403852400000, 1403938800000, 1404025200000, 1404111600000, 1404198000000, 1404284400000, 1404370800000, 1404457200000, 1404543600000, 1404630000000, 1404716400000, 1404802800000, 1404889200000, 1404975600000, 1405062000000, 1405148400000, 1405234800000, 1405321200000, 1405407600000, 1405494000000, 1405580400000, 1405666800000, 1405753200000, 1405839600000, 1405926000000, 1406012400000, 1406098800000, 1406185200000, 1406271600000, 1406358000000, 1406444400000, 1406530800000, 1406617200000, 1406703600000, 1406790000000, 1406876400000, 1406962800000, 1407049200000, 1407135600000, 1407222000000, 1407308400000, 1407394800000, 1407481200000, 1407567600000, 1407654000000, 1407740400000, 1407826800000, 1407913200000, 1407999600000, 1408086000000, 1408172400000, 1408258800000, 1408345200000, 1408431600000, 1408518000000, 1408604400000, 1408690800000, 1408777200000, 1408863600000, 1408950000000, 1409036400000, 1409122800000, 1409209200000, 1409295600000, 1409382000000, 1409468400000, 1409554800000, 1409641200000, 1409727600000, 1409814000000, 1409900400000, 1409986800000, 1410073200000, 1410159600000, 1410246000000, 1410332400000, 1410418800000, 1410505200000, 1410591600000, 1410678000000, 1410764400000, 1410850800000, 1410937200000, 1411023600000, 1411110000000, 1411196400000, 1411282800000, 1411369200000, 1411455600000, 1411542000000, 1411628400000, 1411714800000, 1411801200000, 1411887600000, 1411974000000, 1412060400000, 1412146800000, 1412233200000, 1412319600000, 1412406000000, 1412492400000, 1412578800000, 1412665200000, 1412751600000, 1412838000000, 1412924400000, 1413010800000, 1413097200000, 1413183600000, 1413270000000, 1413356400000, 1413442800000, 1413529200000, 1413615600000, 1413702000000, 1413788400000, 1413874800000, 1413961200000, 1414047600000, 1414134000000, 1414220400000, 1414306800000, 1414393200000, 1414479600000, 1414566000000, 1414652400000, 1414738800000, 1414825200000, 1414911600000, 1415001600000, 1415088000000, 1415174400000, 1415260800000, 1415347200000, 1415433600000, 1415520000000, 1415606400000, 1415692800000, 1415779200000, 1415865600000, 1415952000000, 1416038400000, 1416124800000, 1416211200000, 1416297600000, 1416384000000, 1416470400000, 1416556800000, 1416643200000, 1416729600000, 1416816000000, 1416902400000, 1416988800000, 1417075200000, 1417161600000, 1417248000000, 1417334400000, 1417420800000, 1417507200000, 1417593600000, 1417680000000, 1417766400000, 1417852800000, 1417939200000, 1418025600000, 1418112000000, 1418198400000, 1418284800000, 1418371200000, 1418457600000, 1418544000000, 1418630400000, 1418716800000, 1418803200000, 1418889600000, 1418976000000, 1419062400000, 1419148800000, 1419235200000, 1419321600000, 1419408000000, 1419494400000, 1419580800000, 1419667200000, 1419753600000, 1419840000000, 1419926400000, 1420012800000, 1420099200000, 1420185600000, 1420272000000, 1420358400000, 1420444800000, 1420531200000, 1420617600000, 1420704000000, 1420790400000, 1420876800000, 1420963200000, 1421049600000, 1421136000000, 1421222400000, 1421308800000, 1421395200000, 1421481600000, 1421568000000, 1421654400000, 1421740800000, 1421827200000, 1421913600000, 1422000000000, 1422086400000, 1422172800000, 1422259200000, 1422345600000, 1422432000000, 1422518400000, 1422604800000, 1422691200000, 1422777600000, 1422864000000, 1422950400000, 1423036800000, 1423123200000, 1423209600000, 1423296000000, 1423382400000, 1423468800000, 1423555200000, 1423641600000, 1423728000000, 1423814400000, 1423900800000, 1423987200000, 1424073600000, 1424160000000, 1424246400000, 1424332800000, 1424419200000, 1424505600000, 1424592000000, 1424678400000, 1424764800000, 1424851200000, 1424937600000, 1425024000000, 1425110400000, 1425196800000, 1425283200000, 1425369600000, 1425456000000, 1425542400000, 1425628800000, 1425715200000, 1425801600000, 1425884400000, 1425970800000, 1426057200000, 1426143600000, 1426230000000, 1426316400000, 1426402800000, 1426489200000, 1426575600000, 1426662000000, 1426748400000, 1426834800000, 1426921200000, 1427007600000, 1427094000000, 1427180400000, 1427266800000, 1427353200000, 1427439600000, 1427526000000, 1427612400000, 1427698800000, 1427785200000, 1427871600000, 1427958000000, 1428044400000, 1428130800000, 1428217200000, 1428303600000, 1428390000000, 1428476400000, 1428562800000, 1428649200000, 1428735600000, 1428822000000, 1428908400000, 1428994800000, 1429081200000, 1429167600000, 1429254000000, 1429340400000, 1429426800000, 1429513200000, 1429599600000, 1429686000000, 1429772400000, 1429858800000, 1429945200000, 1430031600000, 1430118000000, 1430204400000, 1430290800000, 1430377200000, 1430463600000, 1430550000000, 1430636400000, 1430722800000, 1430809200000, 1430895600000, 1430982000000, 1431068400000, 1431154800000, 1431241200000, 1431327600000, 1431414000000, 1431500400000, 1431586800000, 1431673200000, 1431759600000, 1431846000000, 1431932400000, 1432018800000, 1432105200000, 1432191600000, 1432278000000, 1432364400000, 1432450800000, 1432537200000, 1432623600000, 1432710000000, 1432796400000, 1432882800000, 1432969200000, 1433055600000, 1433142000000, 1433228400000, 1433314800000, 1433401200000, 1433487600000, 1433574000000, 1433660400000, 1433746800000, 1433833200000, 1433919600000, 1434006000000, 1434092400000, 1434178800000, 1434265200000, 1434351600000, 1434438000000, 1434524400000, 1434610800000, 1434697200000, 1434783600000, 1434870000000, 1434956400000, 1435042800000, 1435129200000, 1435215600000, 1435302000000, 1435388400000, 1435474800000, 1435561200000, 1435647600000, 1435734000000, 1435820400000, 1435906800000, 1435993200000, 1436079600000, 1436166000000, 1436252400000, 1436338800000, 1436425200000, 1436511600000, 1436598000000, 1436684400000, 1436770800000, 1436857200000, 1436943600000, 1437030000000, 1437116400000, 1437202800000, 1437289200000, 1437375600000, 1437462000000, 1437548400000, 1437634800000, 1437721200000, 1437807600000, 1437894000000, 1437980400000, 1438066800000, 1438153200000, 1438239600000, 1438326000000, 1438412400000, 1438498800000, 1438585200000, 1438671600000, 1438758000000, 1438844400000, 1438930800000, 1439017200000, 1439103600000, 1439190000000, 1439276400000, 1439362800000, 1439449200000, 1439535600000, 1439622000000, 1439708400000, 1439794800000, 1439881200000, 1439967600000, 1440054000000, 1440140400000, 1440226800000, 1440313200000, 1440399600000, 1440486000000, 1440572400000, 1440658800000, 1440745200000, 1440831600000, 1440918000000, 1441004400000, 1441090800000, 1441177200000, 1441263600000, 1441350000000, 1441436400000, 1441522800000, 1441609200000, 1441695600000, 1441782000000, 1441868400000, 1441954800000, 1442041200000, 1442127600000, 1442214000000, 1442300400000, 1442386800000, 1442473200000, 1442559600000, 1442646000000, 1442732400000, 1442818800000, 1442905200000, 1442991600000, 1443078000000, 1443164400000, 1443250800000, 1443337200000, 1443423600000, 1443510000000, 1443596400000, 1443682800000, 1443769200000, 1443855600000, 1443942000000, 1444028400000, 1444114800000, 1444201200000, 1444287600000, 1444374000000, 1444460400000, 1444546800000, 1444633200000, 1444719600000, 1444806000000, 1444892400000, 1444978800000, 1445065200000, 1445151600000, 1445238000000, 1445324400000, 1445410800000, 1445497200000, 1445583600000, 1445670000000, 1445756400000, 1445842800000, 1445929200000, 1446015600000, 1446102000000, 1446188400000, 1446274800000, 1446361200000, 1446451200000, 1446537600000, 1446624000000, 1446710400000, 1446796800000, 1446883200000, 1446969600000, 1447056000000, 1447142400000, 1447228800000, 1447315200000, 1447401600000, 1447488000000, 1447574400000, 1447660800000, 1447747200000, 1447833600000, 1447920000000, 1448006400000, 1448092800000, 1448179200000, 1448265600000, 1448352000000, 1448438400000, 1448524800000, 1448611200000, 1448697600000, 1448784000000, 1448870400000, 1448956800000, 1449043200000, 1449129600000, 1449216000000, 1449302400000, 1449388800000, 1449475200000, 1449561600000, 1449648000000, 1449734400000, 1449820800000, 1449907200000, 1449993600000, 1450080000000, 1450166400000, 1450252800000, 1450339200000, 1450425600000, 1450512000000, 1450598400000, 1450684800000, 1450771200000, 1450857600000, 1450944000000, 1451030400000, 1451116800000, 1451203200000, 1451289600000, 1451376000000, 1451462400000, 1451548800000, 1451635200000, 1451721600000, 1451808000000, 1451894400000, 1451980800000, 1452067200000, 1452153600000, 1452240000000, 1452326400000, 1452412800000, 1452499200000, 1452585600000, 1452672000000, 1452758400000, 1452844800000, 1452931200000, 1453017600000, 1453104000000, 1453190400000, 1453276800000, 1453363200000, 1453449600000, 1453536000000, 1453622400000, 1453708800000, 1453795200000, 1453881600000, 1453968000000, 1454054400000, 1454140800000, 1454227200000, 1454313600000, 1454400000000, 1454486400000, 1454572800000, 1454659200000, 1454745600000, 1454832000000, 1454918400000, 1455004800000, 1455091200000, 1455177600000, 1455264000000, 1455350400000, 1455436800000, 1455523200000, 1455609600000, 1455696000000, 1455782400000, 1455868800000, 1455955200000, 1456041600000, 1456128000000, 1456214400000, 1456300800000, 1456387200000, 1456473600000, 1456560000000, 1456646400000, 1456732800000, 1456819200000, 1456905600000, 1456992000000, 1457078400000, 1457164800000, 1457251200000, 1457337600000, 1457424000000, 1457510400000, 1457596800000, 1457683200000, 1457769600000, 1457856000000, 1457938800000, 1458025200000, 1458111600000, 1458198000000, 1458284400000, 1458370800000, 1458457200000, 1458543600000, 1458630000000, 1458716400000, 1458802800000, 1458889200000, 1458975600000, 1459062000000, 1459148400000, 1459234800000, 1459321200000, 1459407600000, 1459494000000, 1459580400000, 1459666800000, 1459753200000, 1459839600000, 1459926000000, 1460012400000, 1460098800000, 1460185200000, 1460271600000, 1460358000000, 1460444400000, 1460530800000, 1460617200000, 1460703600000, 1460790000000, 1460876400000, 1460962800000, 1461049200000, 1461135600000, 1461222000000, 1461308400000, 1461394800000, 1461481200000, 1461567600000, 1461654000000, 1461740400000, 1461826800000, 1461913200000, 1461999600000, 1462086000000, 1462172400000, 1462258800000, 1462345200000, 1462431600000, 1462518000000, 1462604400000, 1462690800000, 1462777200000, 1462863600000, 1462950000000, 1463036400000, 1463122800000, 1463209200000, 1463295600000, 1463382000000, 1463468400000, 1463554800000, 1463641200000, 1463727600000, 1463814000000, 1463900400000, 1463986800000, 1464073200000, 1464159600000, 1464246000000, 1464332400000, 1464418800000, 1464505200000, 1464591600000, 1464678000000, 1464764400000, 1464850800000, 1464937200000, 1465023600000, 1465110000000, 1465196400000, 1465282800000, 1465369200000, 1465455600000, 1465542000000, 1465628400000, 1465714800000, 1465801200000, 1465887600000, 1465974000000, 1466060400000, 1466146800000, 1466233200000, 1466319600000, 1466406000000, 1466492400000, 1466578800000, 1466665200000, 1466751600000, 1466838000000, 1466924400000, 1467010800000, 1467097200000, 1467183600000, 1467270000000, 1467356400000, 1467442800000, 1467529200000, 1467615600000, 1467702000000, 1467788400000, 1467874800000, 1467961200000, 1468047600000, 1468134000000, 1468220400000, 1468306800000, 1468393200000, 1468479600000, 1468566000000, 1468652400000, 1468738800000, 1468825200000, 1468911600000, 1468998000000, 1469084400000, 1469170800000, 1469257200000, 1469343600000, 1469430000000, 1469516400000, 1469602800000, 1469689200000, 1469775600000, 1469862000000, 1469948400000, 1470034800000, 1470121200000, 1470207600000, 1470294000000, 1470380400000, 1470466800000, 1470553200000, 1470639600000, 1470726000000, 1470812400000, 1470898800000, 1470985200000, 1471071600000, 1471158000000, 1471244400000, 1471330800000, 1471417200000, 1471503600000, 1471590000000, 1471676400000, 1471762800000, 1471849200000, 1471935600000, 1472022000000, 1472108400000, 1472194800000, 1472281200000, 1472367600000, 1472454000000, 1472540400000, 1472626800000, 1472713200000, 1472799600000, 1472886000000, 1472972400000, 1473058800000, 1473145200000, 1473231600000, 1473318000000, 1473404400000, 1473490800000, 1473577200000, 1473663600000, 1473750000000, 1473836400000, 1473922800000, 1474009200000, 1474095600000, 1474182000000, 1474268400000, 1474354800000, 1474441200000, 1474527600000, 1474614000000, 1474700400000, 1474786800000, 1474873200000, 1474959600000, 1475046000000, 1475132400000, 1475218800000, 1475305200000, 1475391600000, 1475478000000, 1475564400000, 1475650800000, 1475737200000, 1475823600000, 1475910000000, 1475996400000, 1476082800000, 1476169200000, 1476255600000, 1476342000000, 1476428400000, 1476514800000, 1476601200000, 1476687600000, 1476774000000, 1476860400000, 1476946800000, 1477033200000, 1477119600000, 1477206000000, 1477292400000, 1477378800000, 1477465200000, 1477551600000, 1477638000000, 1477724400000, 1477810800000, 1477897200000, 1477983600000, 1478070000000, 1478156400000, 1478242800000, 1478329200000, 1478415600000, 1478505600000, 1478592000000, 1478678400000, 1478764800000, 1478851200000, 1478937600000, 1479024000000, 1479110400000, 1479196800000, 1479283200000, 1479369600000, 1479456000000, 1479542400000, 1479628800000, 1479715200000, 1479801600000, 1479888000000, 1479974400000, 1480060800000, 1480147200000, 1480233600000, 1480320000000, 1480406400000, 1480492800000, 1480579200000, 1480665600000, 1480752000000, 1480838400000, 1480924800000, 1481011200000, 1481097600000, 1481184000000, 1481270400000, 1481356800000, 1481443200000, 1481529600000, 1481616000000, 1481702400000, 1481788800000, 1481875200000, 1481961600000, 1482048000000, 1482134400000, 1482220800000, 1482307200000, 1482393600000, 1482480000000, 1482566400000, 1482652800000, 1482739200000, 1482825600000, 1482912000000, 1482998400000, 1483084800000, 1483171200000, 1483257600000, 1483344000000, 1483430400000, 1483516800000, 1483603200000, 1483689600000, 1483776000000, 1483862400000, 1483948800000, 1484035200000, 1484121600000, 1484208000000, 1484294400000, 1484380800000, 1484467200000, 1484553600000, 1484640000000, 1484726400000, 1484812800000, 1484899200000, 1484985600000, 1485072000000, 1485158400000, 1485244800000, 1485331200000, 1485417600000, 1485504000000, 1485590400000, 1485676800000, 1485763200000, 1485849600000, 1485936000000, 1486022400000, 1486108800000, 1486195200000, 1486281600000, 1486368000000, 1486454400000, 1486540800000, 1486627200000, 1486713600000, 1486800000000, 1486886400000, 1486972800000, 1487059200000, 1487145600000, 1487232000000, 1487318400000, 1487404800000, 1487491200000, 1487577600000, 1487664000000, 1487750400000, 1487836800000, 1487923200000, 1488009600000, 1488096000000, 1488182400000, 1488268800000, 1488355200000, 1488441600000, 1488528000000, 1488614400000, 1488700800000, 1488787200000, 1488873600000, 1488960000000, 1489046400000, 1489132800000, 1489219200000, 1489305600000, 1489388400000, 1489474800000, 1489561200000, 1489647600000, 1489734000000, 1489820400000, 1489906800000, 1489993200000, 1490079600000, 1490166000000, 1490252400000, 1490338800000, 1490425200000, 1490511600000, 1490598000000, 1490684400000, 1490770800000, 1490857200000, 1490943600000, 1491030000000, 1491116400000, 1491202800000, 1491289200000, 1491375600000, 1491462000000, 1491548400000, 1491634800000, 1491721200000, 1491807600000, 1491894000000, 1491980400000, 1492066800000, 1492153200000, 1492239600000, 1492326000000, 1492412400000, 1492498800000, 1492585200000, 1492671600000, 1492758000000, 1492844400000, 1492930800000, 1493017200000, 1493103600000, 1493190000000, 1493276400000, 1493362800000, 1493449200000, 1493535600000, 1493622000000, 1493708400000, 1493794800000, 1493881200000, 1493967600000, 1494054000000, 1494140400000, 1494226800000, 1494313200000, 1494399600000, 1494486000000, 1494572400000, 1494658800000, 1494745200000, 1494831600000, 1494918000000, 1495004400000, 1495090800000, 1495177200000, 1495263600000, 1495350000000, 1495436400000]}, "views": {"daily": {"data": [114449, 189701, 143328, 132129, 107519, 95466, 83360, 81263, 85787, 82666, 83546, 84256, 84860, 86832, 84169, 80819, 80278, 79768, 79963, 79493, 77897, 76758, 72772, 68823, 84182, 89078, 92642, 91082, 87194, 87144, 86923, 86321, 83349, 85183, 84127, 82948, 78711, 80660, 88099, 92197, 91184, 91946, 87751, 83841, 83500, 92676, 91379, 92956, 88849, 86045, 78749, 77484, 90218, 141993, 156673, 157955, 155606, 147058, 149350, 168648, 168397, 146529, 156544, 160712, 148920, 143752, 147204, 145523, 143030, 142328, 138404, 131517, 133186, 136604, 137007, 138962, 137285, 129551, 126189, 120871, 130725, 155182, 163100, 156363, 141275, 136065, 129672, 139294, 145422, 142398, 139949, 139596, 130326, 125677, 141160, 139998, 137504, 137069, 136763, 132680, 127616, 130950, 135933, 139226, 138665, 139912, 140687, 135157, 135966, 150596, 151449, 104340, 84259, 84127, 80220, 77861, 76152, 75848, 77580, 78609, 83367, 82724, 81318, 73331, 71270, 68432, 69025, 75952, 73693, 64762, 64978, 69510, 66734, 68068, 73201, 74838, 69816, 64604, 65393, 79720, 67908, 72718, 67508, 58807, 59368, 62304, 59959, 61407, 67581, 63419, 56348, 57545, 60659, 60980, 60857, 73224, 70318, 62427, 54058, 55786, 56472, 56644, 58073, 53803, 49758, 46620, 48237, 49267, 52296, 53796, 52565, 47254, 47795, 47858, 46535, 47295, 49999, 47672, 46263, 45591, 39984, 47179, 52248, 53858, 55622, 47858, 45173, 45958, 45601, 44779, 47034, 43916, 41737, 39336, 41600, 40764, 43149, 46546, 43970, 46155, 45928, 47264, 40255, 38088, 42348, 38942, 39339, 36186, 34481, 42164, 35481, 36611, 34941, 33027, 32953, 33783, 33930, 32080, 36899, 36967, 35673, 34098, 34906, 34799, 33873, 34526, 29947, 29914, 32641, 31483, 31703, 30002, 30880, 31644, 27165, 25369, 30169, 34314, 31392, 29159, 26799, 29188, 25074, 29184, 29183, 29314, 29646, 27818, 26495, 27772, 30857, 30426, 28440, 31085, 27255, 25164, 28133, 26440, 29688, 30380, 31942, 28195, 29222, 16375, 32855, 33298, 31086, 29254, 26854, 24132, 21374, 20696, 21182, 21211, 22212, 19876, 21020, 21064, 20769, 27944, 27105, 30190, 29384, 27522, 25773, 21327, 23692, 21232, 22864, 22313, 24366, 21720, 21873, 22970, 23018, 23569, 21014, 19188, 20733, 20196, 23166, 23629, 25213, 21520, 21853, 19985, 19253, 20737, 19134, 20985, 19431, 19932, 19037, 20691, 20689, 19629, 21244, 17766, 16131, 17901, 19383, 19138, 18647, 20655, 19117, 18322, 18766, 17210, 16038, 16265, 16325, 15161, 15625, 17075, 16509, 14715, 15221, 16302, 16894, 14986, 15857, 16376, 18245, 18167, 19173, 17414, 16254, 16708, 16052, 16958, 16659, 16769, 14891, 14675, 14816, 15865, 15092, 15362, 16563, 16020, 15382, 15476, 14418, 13750, 14751, 15706, 14391, 13997, 14620, 14725, 15357, 14980, 16546, 15112, 14488, 15009, 14792, 14835, 13795, 14352, 12275, 13457, 13074, 12789, 13482, 13300, 12986, 13049, 13134, 13525, 13551, 13258, 12410, 12529, 11471, 10912, 11459, 12395, 13567, 12994, 11974, 11959, 12386, 12709, 12331, 12966, 11904, 10502, 9709, 10945, 11283, 10909, 11850, 11105, 10336, 9375, 12161, 12836, 13052, 14311, 13866, 12752, 12522, 13851, 14767, 12495, 11268, 10683, 9889, 10087, 11060, 11546, 11404, 9179, 9564, 9379, 9768, 10685, 10511, 11846, 12936, 12360, 11673, 11680, 12651, 12908, 12306, 12134, 12042, 11161, 11152, 12297, 12474, 12505, 12458, 11554, 10447, 10169, 11004, 11518, 11673, 11841, 12290, 11328, 10844, 12127, 12143, 12086, 12140, 11793, 11200, 11000, 11610, 11889, 11866, 12060, 12092, 12223, 11629, 11739, 11867, 11822, 11820, 11795, 11622, 11534, 11147, 10820, 11159, 10787, 10507, 11293, 10858, 10424, 10473, 10641, 9621, 9878, 10604, 10630, 10156, 10157, 11240, 11288, 11694, 12439, 12474, 11275, 11278, 11744, 11261, 11676, 12188, 10909, 9863, 10100, 10660, 10869, 10743, 11287, 11762, 10894, 10867, 11245, 11388, 11090, 11737, 12080, 11608, 10937, 11528, 12262, 12875, 13680, 13269, 12495, 11910, 12521, 13307, 13213, 13572, 13898, 13188, 12858, 12515, 12004, 13146, 13493, 13694, 12432, 12289, 12591, 12827, 12389, 13556, 12367, 12877, 11469, 11526, 11260, 11535, 12685, 12267, 10876, 11005, 11421, 10993, 11388, 12028, 11480, 10997, 11026, 11713, 11038, 11751, 12463, 11917, 11683, 12508, 13913, 13289, 13974, 14676, 13791, 12470, 11494, 10775, 9956, 10858, 11145, 10798, 10548, 9394, 10454, 10560, 11223, 20586, 20976, 21292, 20913, 20996, 22970, 23625, 22810, 22893, 24128, 22614, 21825, 24771, 24618, 24381, 23520, 21984, 22830, 23131, 24208, 24259, 26064, 24478, 21386, 21829, 21910, 22397, 22750, 25490, 24109, 23489, 22440, 22498, 22796, 22561, 24168, 22945, 20588, 21857, 21492, 21189, 21466, 23213, 19455, 17647, 17681, 21800, 21603, 21281, 24055, 23337, 20918, 21372, 22409, 22899, 24283, 24928, 24122, 23410, 22606, 22542, 20833, 22004, 23260, 23074, 21020, 21776, 21845, 22399, 22592, 24417, 23422, 21921, 21120, 21351, 21305, 20945, 22062, 20808, 20081, 19485, 21021, 24090, 24430, 24569, 25212, 22966, 22128, 23272, 23339, 24203, 27638, 26692, 24354, 25123, 26331, 27494, 28717, 30849, 30925, 27926, 28899, 29957, 31783, 32664, 34086, 33436, 30964, 31958, 33687, 25880, 31061, 26687, 25470, 24135, 24389, 23812, 24374, 25113, 24375, 22846, 24008, 23479, 24557, 30215, 31717, 33273, 29798, 23120, 23212, 23193, 25537, 24508, 24432, 25554, 23712, 24877, 24938, 24905, 24192, 24419, 23427, 22077, 22727, 24238, 25573, 23587, 24289, 23736, 21930, 22209, 22719, 26984, 27770, 28621, 29422, 29359, 29286, 19989, 23929, 22694, 22750, 22723, 21536, 20546, 21585, 22354, 20856, 20589, 20572, 21101, 21042, 21599, 21404, 20983, 20612, 18102, 18500, 18844, 19190, 20634, 21398, 19645, 19352, 19838, 20029, 22413, 27978, 28391, 25536, 26309, 28116, 26398, 27383, 27087, 22580, 22426, 24163, 24652, 21582, 20467, 23909, 24337, 24391, 24845, 26458, 24268, 22476, 22253, 22661, 21361, 20590, 18268, 18525, 18031, 20012, 19897, 19042, 19335, 20910, 21680, 21249, 21336, 21505, 20766, 20980, 21932, 21817, 21128, 21145, 20892, 21577, 22214, 24132, 23872, 23799, 21926, 22059, 21270, 17936, 18033, 17287, 18168, 17355, 17966, 19095, 17726, 16839, 16304, 15945, 18221, 18531, 18621, 18733, 18325, 16395, 16373, 18749, 19791, 23207, 22814, 20837, 21894, 21297, 23339, 24821, 25385, 22415, 20183, 20421, 20199, 18650, 19116, 20306, 17129, 15853, 15824, 15448, 16175, 16050, 16895, 16293, 14952, 14650, 15276, 15694, 15981, 17425, 17126, 15861, 16118, 17154, 18781, 18167, 20780, 20961, 18584, 19262, 20488, 19320, 19001, 20360, 19664, 16735, 16843, 16539, 17434, 17389, 18680, 17962, 17624, 17078, 17824, 19018, 17582, 20102, 19792, 17765, 18062, 18016, 16374, 16773, 18249, 17956, 17606, 18117, 17081, 17052, 17441, 19464, 17490, 15644, 15423, 15664, 16283, 16129, 17944, 17776, 15956, 16137, 17079, 17335, 17505, 17148, 16681, 15275, 15201, 15176, 14910, 15806, 17557, 17073, 15800, 15886, 15986, 15721, 15378, 16511, 15687, 14722, 15097, 15720, 15736, 15934, 16371, 15941, 15789, 16327, 15288, 14601, 15795, 15871, 15668, 16405, 16702, 17541, 21353, 25452, 24174, 24796, 21722, 21929, 23799, 24159, 24690, 27113, 24649, 21511, 21461, 22196, 22583, 20317, 21467, 18224, 17492, 15967, 19026, 18538, 20526, 20295, 18088, 16163, 16806, 16893, 16945, 17416, 19043, 17483, 16629, 16784, 17347, 17612, 18067, 19708, 18681, 17124, 17239, 17248, 18001, 18662, 20716, 18752, 18564, 17335, 17160, 18685, 18822, 19630, 19023, 19758, 20306, 21006, 22161, 20329, 22265, 21497, 19062, 19163, 20891, 23016, 23909, 25734, 23382, 21344, 22026, 21574, 20869, 20994, 23200, 22586, 20010, 20766, 21041, 21687, 22035, 24285, 23911, 22231, 22408, 22408, 22359, 21849, 23654, 22538, 20376, 21063, 21406, 21263, 22073, 22556, 21771, 22494, 22360, 23261, 23657, 23374, 24815, 23733, 22028, 21815, 22381, 23545, 23256, 22785, 21707, 20262, 20204, 20979, 21024, 20661, 23180, 22901, 20251, 20814, 21293, 21200, 22052, 22109, 22728, 21978, 22089, 22379, 24368, 23606, 24614, 22710, 22208, 22423, 22959, 21966, 21417, 22284, 20950, 19658, 20091, 20605, 18922, 19025, 19234, 19322, 18718, 17496, 17573, 18261, 19070, 20038, 19411, 20075, 20570, 20918, 20831, 19858, 19595, 18490, 17951, 19023, 19409, 20035, 20778, 20605, 20289, 20203, 20685, 21612, 20678, 21648, 20997, 20195, 20712, 20641, 20435, 19646, 19885, 18924, 18062, 18699, 18375, 18496, 19102, 18380, 16566, 17334, 19049, 18742, 19441, 20418, 19981, 18182, 17512, 18155, 18225, 17602, 18987, 20025, 18876, 19182, 20014, 20955, 21745, 22204, 22156, 20255, 19659, 21424, 21817, 22176, 21909, 20963, 19657, 19725, 20926, 20871, 20513, 20575, 19394, 17976, 17955, 18301, 18239, 18420, 18971, 18731, 18116, 17781, 17822, 18307, 18887, 19092, 18364, 17883, 18849, 18468, 17953, 18757, 19729, 19102, 19401, 18574, 16824, 17844, 18319, 18204, 18658, 18954, 18529, 17923, 16651, 17479, 17778, 17992, 19484, 18562, 16844, 17048, 17355, 17188, 17262, 18935, 18692, 16340, 16533, 16864, 16780, 16670, 17647, 16718, 15924, 16481, 16872, 17018, 17501, 18630, 17877, 16600, 16790, 17603, 17198, 16945, 17819, 17348, 16684, 16332, 16246, 16407, 16850, 17909, 17443, 16713, 16626, 16742, 17140, 17729, 18723, 18127, 17076, 17156, 17679, 18281, 18519, 17803, 19589, 17783, 18086, 17602, 18878, 19106, 20352, 19467, 18242, 18819, 19446, 18597, 18711, 19819, 19170, 17467, 17926, 18403, 18741, 18686, 19791, 18796, 17721, 18042, 18533, 17821, 17605, 18832, 18423, 16824, 17050, 16923, 16913, 16888, 17846, 16699, 15844, 16217, 16232, 16478, 16761, 17820, 17085, 16194, 16456, 16201, 16896, 16746, 17339, 16672, 17029, 17164, 17192, 16377, 15320, 16689, 16539, 17315, 17589, 17856, 16578, 15790, 17528, 16747, 15830, 15989, 16498, 17469, 17458, 18623, 17347, 15666, 16506, 17187, 17829, 18217, 19369, 18354, 18065, 17595, 17528, 18112, 19237, 20668, 18924, 17885, 18825, 18948, 18880, 19836, 20829, 19357, 17677, 18242, 19028, 19172, 19906, 21347, 19145, 18064, 19031, 19352, 19709, 20063, 20773, 21180, 19053, 17714, 17670, 17958, 18674, 18692, 18054, 16905, 17410, 17779, 17928, 18384, 18720, 17871, 16321, 16800, 16972, 17493, 17963, 19009, 17942, 16475, 16194, 16025, 16481, 16661, 17281, 15925, 15714, 15815, 16027, 16207, 16913, 17381, 16874, 16189, 16266, 16316, 17358, 17570, 16587, 15583, 15850, 16303, 16663, 16509, 16755, 17208, 15786, 15746, 15795, 16053, 17229, 17561, 18292, 17526, 15792, 16714, 16200, 16661, 17008, 18149, 16109, 14931, 16082, 15989, 16639, 16333, 16467, 15266, 14749, 15050, 14858, 15706, 14530, 15582, 15362, 14549, 14205, 14513, 14774, 14703, 14811, 13882, 13427, 14044, 14289, 13866, 14326, 14863, 14427, 13667, 14606, 13899, 14452, 14740, 15298, 15328, 13820, 14643, 15318, 15625, 15423, 15571, 15588, 14906, 15119, 15719, 15635, 15386, 15889, 15661, 14661, 15418, 15552, 15825, 15290, 15620, 14963, 14702, 15234, 15073, 14622, 14523, 14786, 14098, 14331, 15089, 15076, 15446, 15198, 14945, 14091, 14738, 15120, 15515, 15515, 15445, 14923, 14364, 14062, 14988, 15117, 15079, 15507, 15944, 15335, 15712, 16428, 16216, 15833, 16639, 16326, 15414, 15327, 15640, 16258, 16630, 16500, 16710, 16617, 17619, 18175, 17672, 17327, 17615, 17086, 16622, 17447, 18937, 19979, 17219, 16866, 16248, 15614, 16478, 16527, 18365, 16376, 18849, 19819, 19021, 20003, 17309, 17045, 17281, 17010, 19761, 17173, 17519, 17341, 16609, 21397, 23326, 24036, 20411, 19277, 17520, 16859, 17854, 17127, 15591, 14970, 14547, 14273, 16153, 18483, 19540, 17426, 15566, 14079, 14598, 14947, 17138, 16921, 18474, 16939, 15147, 21288, 23740, 24251, 21033, 20274, 18284, 19117, 21144, 21031, 20310, 24056, 24608, 23918, 21943, 18555, 18876, 17601, 17219, 19566, 18285, 18438, 16713, 16755, 17681, 18348, 19493, 18235, 18071, 19107, 18206, 18210, 18844, 19241, 18009, 16917, 17464, 17499, 17871, 17760, 17731, 16023, 14808, 16373, 16831, 17028, 17404, 17319, 18905, 17903, 18195, 17836, 17879, 18407, 18982, 19026, 19021, 19615, 19389, 19165, 19538, 19701, 18677, 17844, 17620, 18789, 17601, 16971, 18052, 17932, 17696, 17895, 18877, 18483, 19926, 21275, 18199, 17661, 17468, 19555, 20778, 20086, 21204, 18827, 18281, 18894, 19322, 19749, 20850, 20653, 18565, 18199, 19140, 19220, 20491, 20487, 18723, 16833, 18382, 19121, 19197, 20848, 20312, 18824, 16851, 18691, 19697, 19059, 20491, 19131, 19164, 19625, 19477, 20454, 20927, 20704, 21775, 23370, 23488, 24436, 22581, 22413, 22210, 22898, 23437, 22908, 21641, 22440, 22192, 23167, 23053, 23134, 21971, 20267, 20326, 21928, 23248, 24827, 26170, 21506, 18393, 19120, 20380, 20532, 20424, 22499, 21573, 20473, 22937, 21272, 22105, 28006, 25795, 23374, 22626, 21331, 20226, 24085, 25105, 24353, 23621, 22238, 22643, 23208, 23189, 22297, 22548, 22047, 20702, 21051, 21398, 21117, 23600, 23361, 21997, 22362, 21751, 21694, 23818, 23676, 24800, 22498, 21746, 23060, 24075, 26033, 28713, 28097, 26910, 24680, 25912, 27350, 26534, 28964, 26548, 26258, 24291, 24266, 24819, 24396, 22876, 23278, 21923, 22577, 23107, 23432, 23913, 23662, 21863, 22648, 22513, 21466, 19464, 18883, 20926, 21307, 20615, 19672, 20692, 22576, 24542, 23505, 22179, 22666, 22429, 22068, 22687, 23408, 23797, 23686, 25024, 24607, 25103, 24946, 25839, 27145, 27366, 24357, 23962, 23725, 24719, 26142, 24999, 24416, 20955, 20870], "opt": {"pointSize": 0, "chartArea": {"left": 74.0, "top": 30}, "legend": {"position": "none"}, "colors": ["#73c421"], "tooltip": {"trigger": "none"}, "enableInteractivity": false, "vAxis": {"gridlines": {"color": "#f0f0f0"}, "minValue": 0, "textStyle": {"color": "#666"}, "titleTextStyle": {"color": "#666"}, "maxValue": 189702, "baselineColor": "#e2e2e2"}, "hAxis": {"gridlines": {"color": "transparent"}, "textStyle": {"color": "#666"}, "baselineColor": "transparent", "viewWindow": {}, "slantedText": false}}}}}]]></graph_data></root>