<?xml version="1.0" encoding="utf-8"?><root><html_content><![CDATA[

      <div id="watch-actions-stats" class="watch-actions-stats-rats stats-cumulative top-selected-views" data-current-mode-css="stats-mode-daily" data-current-top-site-css="top-selected-views" data-current-metric-css="stats-metric-views">
        <div class="stats-header">
    <h1>
      <span class="stats-header-text yt-card-title">Video statistics</span>
<span class="stats-sub-header">Through Jan 3, 2017  
  <span class="yt-uix-clickcard">
    <button class="yt-uix-clickcard-target" aria-label="Learn more." aria-haspopup="true" data-position="topleft" type="button">
      <span class="yt-help-icon yt-sprite"></span>
    </button>
    <span class="yt-uix-clickcard-content" role="dialog" aria-label="Learn more." aria-describedby="8438569731893782563">
      <button class="yt-uix-clickcard-close" aria-label="Close learn more dialog."></button>
      <p id="8438569731893782563">The video statistics shown below are updated daily. They may lag behind the view count shown directly beneath the video, which updates many times a day.
      </p>
    </span>
  </span>

</span>
    </h1>

  </div>

        <table class="stats-bragbar-container yt-uix-button-group yt-uix-tabs" data-uix-tabs-selected-extra-class="yt-uix-button-toggled">
    <tr>
          <td class="stats-bragbar stats-bragbar-views yt-uix-button yt-uix-tabs-tab  yt-uix-tabs-selected yt-uix-button-toggled" data-uix-tabs-target-id="stats-chart-tab-views" data-top-site-css="top-selected-views" data-metric-css="stats-metric-views" style="border-bottom-color: #73c421">
    <span class="metric-label">Views</span>
    <div class="bragbar-metric-large">30,947,485</div>
  </td>

          <td class="stats-bragbar stats-bragbar-subscribers yt-uix-button yt-uix-tabs-tab " data-uix-tabs-target-id="stats-chart-tab-subscribers" data-top-site-css="top-selected-views" data-metric-css="stats-metric-subscribers" style="border-bottom-color: #e62117">
    <span class="metric-label">Subscriptions driven</span>
    <div class="bragbar-metric-large">18,284</div>
  </td>

          <td class="stats-bragbar stats-bragbar-shares yt-uix-button yt-uix-tabs-tab " data-uix-tabs-target-id="stats-chart-tab-shares" data-top-site-css="top-selected-views" data-metric-css="stats-metric-shares" style="border-bottom-color: #8882ef">
    <span class="metric-label">Shares</span>
    <div class="bragbar-metric-large">95,423</div>
  </td>

    </tr>
  </table>

  <div class="stats-charts-container">
      <div id="stats-chart-tab-views" class="stats-chart-menu ">
      </div>
      <div id="stats-chart-tab-subscribers" class="stats-chart-menu  hid">
      </div>
      <div id="stats-chart-tab-shares" class="stats-chart-menu  hid">
      </div>

    <div class="stats-chart-gviz"></div>

  </div>



  </div>

]]></html_content><graph_data><![CDATA[{"shares": {"daily": {"opt": {"enableInteractivity": false, "colors": ["#8882ef"], "chartArea": {"top": 30, "left": 53.0}, "pointSize": 0, "hAxis": {"textStyle": {"color": "#666"}, "gridlines": {"color": "transparent"}, "slantedText": false, "viewWindow": {}, "baselineColor": "transparent"}, "vAxis": {"textStyle": {"color": "#666"}, "maxValue": 177, "minValue": 0, "gridlines": {"color": "#f0f0f0"}, "titleTextStyle": {"color": "#666"}, "baselineColor": "#e2e2e2"}, "legend": {"position": "none"}, "tooltip": {"trigger": "none"}}, "data": [13, 14, 15, 15, 15, 21, 23, 34, 35, 35, 28, 17, 22, 42, 40, 24, 62, 50, 34, 35, 71, 36, 44, 27, 35, 28, 32, 54, 30, 47, 45, 42, 39, 47, 48, 55, 55, 31, 36, 27, 25, 39, 37, 38, 47, 32, 22, 22, 31, 28, 20, 33, 28, 30, 31, 40, 30, 28, 29, 46, 33, 41, 20, 29, 41, 26, 26, 15, 13, 21, 41, 30, 27, 25, 22, 20, 30, 22, 35, 25, 35, 26, 18, 33, 28, 23, 33, 27, 26, 22, 21, 22, 21, 20, 25, 22, 23, 34, 32, 28, 37, 23, 26, 26, 26, 29, 52, 31, 42, 17, 15, 18, 23, 25, 22, 11, 22, 27, 20, 19, 28, 29, 31, 31, 30, 15, 23, 24, 23, 23, 26, 30, 20, 23, 23, 24, 33, 19, 24, 31, 23, 27, 26, 21, 30, 22, 20, 22, 42, 16, 20, 11, 10, 7, 8, 17, 10, 21, 9, 12, 11, 11, 8, 8, 14, 5, 4, 8, 13, 13, 6, 5, 9, 8, 7, 9, 7, 31, 20, 24, 12, 24, 27, 21, 17, 25, 20, 13, 15, 13, 14, 14, 12, 11, 11, 14, 14, 15, 10, 6, 14, 14, 13, 5, 14, 12, 14, 13, 11, 9, 17, 14, 20, 17, 29, 18, 16, 9, 11, 15, 18, 19, 26, 6, 15, 19, 13, 14, 16, 21, 30, 27, 36, 36, 29, 27, 25, 14, 19, 26, 24, 30, 30, 29, 28, 21, 32, 23, 21, 16, 18, 27, 26, 30, 24, 35, 36, 43, 28, 18, 19, 24, 31, 26, 29, 40, 22, 24, 24, 18, 20, 20, 17, 14, 19, 16, 21, 24, 22, 29, 14, 17, 17, 17, 15, 18, 14, 21, 17, 21, 22, 28, 18, 18, 30, 16, 16, 18, 20, 15, 21, 13, 16, 14, 14, 16, 13, 12, 12, 16, 11, 12, 8, 16, 29, 16, 16, 20, 27, 26, 18, 20, 15, 19, 26, 13, 15, 12, 18, 120, 101, 53, 74, 25, 16, 13, 12, 10, 9, 17, 14, 8, 9, 9, 9, 11, 7, 38, 25, 23, 31, 22, 21, 35, 32, 31, 39, 31, 33, 33, 27, 29, 26, 24, 23, 28, 47, 26, 36, 26, 29, 29, 42, 35, 31, 32, 29, 36, 33, 35, 29, 29, 21, 29, 40, 31, 40, 46, 36, 34, 31, 34, 29, 27, 44, 28, 43, 37, 30, 25, 38, 26, 32, 22, 27, 25, 30, 28, 24, 25, 14, 22, 36, 29, 30, 35, 38, 30, 27, 26, 14, 26, 50, 27, 28, 25, 25, 32, 25, 29, 29, 17, 23, 38, 35, 34, 42, 38, 33, 32, 16, 27, 30, 18, 38, 27, 33, 30, 30, 39, 28, 25, 28, 27, 37, 25, 22, 24, 26, 18, 31, 13, 23, 20, 25, 19, 17, 22, 25, 32, 26, 22, 26, 28, 26, 31, 33, 35, 27, 37, 41, 25, 27, 28, 31, 24, 35, 31, 22, 29, 31, 24, 23, 30, 20, 31, 25, 19, 23, 27, 29, 21, 17, 23, 30, 32, 30, 29, 25, 10, 27, 24, 22, 29, 18, 21, 26, 27, 23, 26, 23, 35, 25, 24, 19, 30, 29, 32, 33, 48, 33, 43, 18, 22, 22, 32, 28, 27, 26, 21, 32, 18, 31, 22, 31, 22, 24, 29, 34, 29, 31, 37, 30, 29, 19, 30, 60, 60, 51, 34, 47, 52, 36, 54, 57, 44, 57, 44, 52, 46, 43, 50, 37, 47, 50, 43, 45, 48, 52, 43, 42, 35, 39, 55, 52, 47, 59, 48, 47, 45, 36, 41, 40, 43, 38, 35, 30, 41, 46, 54, 38, 46, 28, 35, 50, 54, 43, 45, 34, 31, 29, 42, 45, 44, 39, 31, 46, 46, 44, 44, 47, 47, 50, 48, 45, 53, 43, 45, 41, 44, 46, 46, 50, 32, 42, 48, 52, 39, 37, 35, 39, 43, 33, 38, 26, 41, 30, 51, 35, 34, 27, 16, 27, 36, 47, 36, 39, 34, 28, 28, 40, 35, 31, 32, 26, 33, 22, 33, 30, 27, 21, 23, 28, 24, 32, 26, 32, 30, 26, 29, 26, 26, 30, 21, 38, 17, 25, 38, 31, 31, 22, 20, 17, 20, 22, 26, 34, 22, 16, 25, 27, 16, 33, 20, 23, 9, 16, 12, 20, 16, 18, 12, 10, 22, 18, 23, 20, 21, 22, 22, 30, 17, 26, 24, 19, 28, 20, 28, 28, 28, 21, 21, 15, 23, 22, 27, 15, 18, 26, 18, 19, 14, 14, 25, 23, 19, 26, 21, 14, 25, 20, 27, 29, 19, 27, 24, 23, 15, 32, 16, 21, 15, 20, 13, 13, 21, 18, 24, 15, 11, 20, 17, 21, 20, 12, 16, 12, 13, 18, 10, 20, 15, 18, 13, 25, 11, 21, 16, 15, 15, 24, 24, 24, 25, 24, 22, 16, 25, 18, 28, 19, 12, 15, 10, 17, 14, 15, 23, 27, 15, 17, 14, 16, 18, 19, 19, 18, 15, 15, 11, 18, 11, 19, 27, 22, 16, 32, 29, 42, 17, 17, 19, 29, 19, 21, 20, 17, 28, 21, 11, 21, 11, 15, 25, 12, 11, 22, 15, 20, 20, 12, 32, 20, 19, 20, 24, 30, 24, 16, 20, 28, 16, 20, 12, 16, 18, 12, 16, 22, 25, 16, 13, 9, 9, 17, 18, 22, 13, 30, 27, 16, 21, 13, 49, 20, 21, 21, 12, 15, 26, 25, 26, 23, 29, 9, 18, 14, 19, 20, 16, 22, 23, 22, 22, 19, 12, 16, 9, 15, 15, 15, 17, 18, 19, 17, 19, 14, 13, 10, 12, 14, 20, 21, 17, 16, 14, 14, 21, 20, 15, 23, 15, 6, 11, 16, 12, 18, 18, 10, 13, 13, 20, 17, 13, 17, 16, 14, 17, 18, 12, 16, 9, 21, 17, 12, 22, 22, 21, 15, 11, 6, 11, 18, 18, 23, 11, 14, 8, 13, 10, 10, 9, 15, 14, 13, 8, 9, 13, 9, 13, 16, 3, 8, 17, 16, 43, 33, 15, 19, 19, 27, 36, 31, 27, 29, 27, 31, 23, 39, 40, 24, 33, 35, 26, 36, 31, 32, 35, 35, 39, 30, 30, 29, 23, 32, 30, 28, 34, 23, 27, 23, 27, 29, 34, 31, 35, 25, 33, 33, 44, 54, 43, 52, 44, 48, 30, 45, 24, 34, 30, 42, 49, 42, 23, 28, 51, 49, 43, 39, 38, 39, 40, 49, 32, 25, 29, 30, 26, 32, 36, 34, 31, 28, 28, 37, 33, 50, 41, 37, 42, 34, 33, 39, 32, 31, 44, 36, 29, 39, 36, 41, 38, 43, 39, 30, 42, 28, 26, 39, 38, 25, 38, 35, 33, 31, 44, 40, 40, 36, 45, 62, 61, 57, 69, 59, 65, 49, 70, 68, 53, 63, 65, 64, 72, 82, 73, 81, 63, 72, 64, 67, 45, 75, 49, 59, 48, 66, 66, 55, 73, 90, 50, 52, 60, 86, 47, 70, 63, 70, 61, 75, 76, 78, 57, 70, 88, 68, 57, 62, 77, 54, 71, 71, 56, 61, 53, 49, 63, 74, 51, 72, 71, 60, 47, 77, 55, 65, 78, 76, 63, 65, 50, 48, 64, 58, 55, 67, 59, 58, 50, 67, 59, 59, 64, 71, 73, 61, 64, 60, 72, 53, 65, 89, 77, 66, 55, 55, 66, 61, 80, 84, 57, 67, 69, 91, 77, 76, 74, 76, 68, 82, 72, 87, 79, 78, 79, 73, 66, 84, 59, 87, 86, 77, 82, 84, 77, 77, 57, 57, 68, 63, 79, 68, 68, 71, 91, 84, 78, 80, 84, 85, 80, 89, 76, 92, 81, 81, 98, 96, 99, 80, 81, 68, 77, 90, 95, 72, 95, 96, 81, 75, 87, 95, 57, 69, 74, 64, 78, 87, 84, 77, 68, 74, 72, 68, 71, 71, 72, 91, 98, 81, 80, 92, 115, 95, 86, 118, 93, 123, 105, 118, 93, 121, 112, 115, 115, 119, 87, 117, 114, 98, 117, 110, 116, 97, 125, 97, 123, 105, 120, 114, 110, 112, 100, 113, 103, 105, 104, 119, 91, 77, 129, 92, 123, 111, 102, 99, 122, 101, 108, 130, 117, 87, 104, 123, 139, 124, 121, 130, 162, 148, 158, 142, 118, 145, 128, 156, 129, 131, 140, 161, 139, 123, 137, 130, 148, 148, 147, 130, 145, 138, 147, 166, 169, 136, 126, 162, 135, 108, 131, 143, 132, 127, 121, 119, 106, 119, 126, 118, 133, 103, 110, 134, 105, 135, 116, 130, 131, 140, 118, 132, 134, 139, 130, 119, 127, 135, 99, 133, 129, 157, 163, 128, 136, 133, 160, 104, 128, 162, 130, 113, 131, 118, 129, 122, 141, 125, 107, 111, 121, 125, 124, 131, 138, 143, 106, 148, 125, 117, 133, 158, 127, 145, 144, 135, 110, 121, 98, 118, 104, 120, 120, 117, 112, 137, 139, 136, 143, 129, 99, 129, 155, 138, 144, 152, 152, 134, 143, 132, 138, 132, 145, 129, 151, 162, 146, 165, 145, 138, 157, 131, 151, 163, 111, 139, 133, 128, 138, 120, 154, 176, 165, 160, 149, 162, 135, 140, 129, 129, 154, 137, 156, 161, 125, 133, 135, 141, 163, 138, 147, 135, 146, 141, 127, 157, 137, 173, 144, 126, 130, 126, 121, 136, 140, 149, 132, 114, 129, 136, 151, 149, 124, 161, 137, 133, 132, 131, 130, 120, 114, 112, 126, 124, 133, 135, 140, 134, 112, 127, 133, 128, 124, 147, 142, 114, 123, 132, 115, 129, 128, 119, 138, 111, 136, 136, 144, 147, 146, 121, 112, 131, 138, 110, 132, 122, 127, 111, 130, 140, 121, 148, 154, 139, 135, 121, 139, 131, 126, 123, 132, 146, 126, 132, 120, 126, 140, 138, 162, 106, 141, 107, 138, 125, 120, 133, 117, 139, 139, 130, 119, 104, 121, 128, 121, 137, 129, 137, 123, 152, 169, 149, 152, 144, 108, 118, 140, 126, 123, 105, 130, 142, 118, 126, 122, 112, 116, 134, 111, 111, 134, 104, 117, 93, 128, 113, 95, 112, 93, 137, 133, 137, 128, 126, 161, 125, 145, 159, 116, 135, 117, 142, 136, 127, 118, 143, 139, 123, 140, 104, 148, 130, 112, 123, 112, 115, 113, 113, 135, 113, 124, 115, 131, 104, 123, 108, 107, 113, 115, 116, 115, 135, 132, 127, 135, 116, 116, 135, 125, 123, 156, 111, 108, 124, 134, 126, 120, 123, 124, 90, 87, 133, 131]}}, "day": {"data": [1336435200000, 1336521600000, 1336608000000, 1336694400000, 1336780800000, 1336867200000, 1336953600000, 1337040000000, 1337126400000, 1337212800000, 1337299200000, 1337385600000, 1337472000000, 1337558400000, 1337644800000, 1337731200000, 1337817600000, 1337904000000, 1337990400000, 1338076800000, 1338163200000, 1338249600000, 1338336000000, 1338422400000, 1338508800000, 1338595200000, 1338681600000, 1338768000000, 1338854400000, 1338940800000, 1339027200000, 1339113600000, 1339200000000, 1339286400000, 1339372800000, 1339459200000, 1339545600000, 1339632000000, 1339718400000, 1339804800000, 1339891200000, 1339977600000, 1340064000000, 1340150400000, 1340236800000, 1340323200000, 1340409600000, 1340496000000, 1340582400000, 1340668800000, 1340755200000, 1340841600000, 1340928000000, 1341014400000, 1341100800000, 1341187200000, 1341273600000, 1341360000000, 1341446400000, 1341532800000, 1341619200000, 1341705600000, 1341792000000, 1341878400000, 1341964800000, 1342051200000, 1342137600000, 1342224000000, 1342310400000, 1342396800000, 1342483200000, 1342569600000, 1342656000000, 1342742400000, 1342828800000, 1342915200000, 1343001600000, 1343088000000, 1343174400000, 1343260800000, 1343347200000, 1343433600000, 1343520000000, 1343606400000, 1343692800000, 1343779200000, 1343865600000, 1343952000000, 1344038400000, 1344124800000, 1344211200000, 1344297600000, 1344384000000, 1344470400000, 1344556800000, 1344643200000, 1344729600000, 1344816000000, 1344902400000, 1344988800000, 1345075200000, 1345161600000, 1345248000000, 1345334400000, 1345420800000, 1345507200000, 1345593600000, 1345680000000, 1345766400000, 1345852800000, 1345939200000, 1346025600000, 1346112000000, 1346198400000, 1346284800000, 1346371200000, 1346457600000, 1346544000000, 1346630400000, 1346716800000, 1346803200000, 1346889600000, 1346976000000, 1347062400000, 1347148800000, 1347235200000, 1347321600000, 1347408000000, 1347494400000, 1347580800000, 1347667200000, 1347753600000, 1347840000000, 1347926400000, 1348012800000, 1348099200000, 1348185600000, 1348272000000, 1348358400000, 1348444800000, 1348531200000, 1348617600000, 1348704000000, 1348790400000, 1348876800000, 1348963200000, 1349049600000, 1349136000000, 1349222400000, 1349308800000, 1349395200000, 1349481600000, 1349568000000, 1349654400000, 1349740800000, 1349827200000, 1349913600000, 1350000000000, 1350086400000, 1350172800000, 1350259200000, 1350345600000, 1350432000000, 1350518400000, 1350604800000, 1350691200000, 1350777600000, 1350864000000, 1350950400000, 1351036800000, 1351123200000, 1351209600000, 1351296000000, 1351382400000, 1351468800000, 1351555200000, 1351641600000, 1351728000000, 1351814400000, 1351900800000, 1351987200000, 1352073600000, 1352160000000, 1352246400000, 1352332800000, 1352419200000, 1352505600000, 1352592000000, 1352678400000, 1352764800000, 1352851200000, 1352937600000, 1353024000000, 1353110400000, 1353196800000, 1353283200000, 1353369600000, 1353456000000, 1353542400000, 1353628800000, 1353715200000, 1353801600000, 1353888000000, 1353974400000, 1354060800000, 1354147200000, 1354233600000, 1354320000000, 1354406400000, 1354492800000, 1354579200000, 1354665600000, 1354752000000, 1354838400000, 1354924800000, 1355011200000, 1355097600000, 1355184000000, 1355270400000, 1355356800000, 1355443200000, 1355529600000, 1355616000000, 1355702400000, 1355788800000, 1355875200000, 1355961600000, 1356048000000, 1356134400000, 1356220800000, 1356307200000, 1356393600000, 1356480000000, 1356566400000, 1356652800000, 1356739200000, 1356825600000, 1356912000000, 1356998400000, 1357084800000, 1357171200000, 1357257600000, 1357344000000, 1357430400000, 1357516800000, 1357603200000, 1357689600000, 1357776000000, 1357862400000, 1357948800000, 1358035200000, 1358121600000, 1358208000000, 1358294400000, 1358380800000, 1358467200000, 1358553600000, 1358640000000, 1358726400000, 1358812800000, 1358899200000, 1358985600000, 1359072000000, 1359158400000, 1359244800000, 1359331200000, 1359417600000, 1359504000000, 1359590400000, 1359676800000, 1359763200000, 1359849600000, 1359936000000, 1360022400000, 1360108800000, 1360195200000, 1360281600000, 1360368000000, 1360454400000, 1360540800000, 1360627200000, 1360713600000, 1360800000000, 1360886400000, 1360972800000, 1361059200000, 1361145600000, 1361232000000, 1361318400000, 1361404800000, 1361491200000, 1361577600000, 1361664000000, 1361750400000, 1361836800000, 1361923200000, 1362009600000, 1362096000000, 1362182400000, 1362268800000, 1362355200000, 1362441600000, 1362528000000, 1362614400000, 1362700800000, 1362787200000, 1362873600000, 1362960000000, 1363046400000, 1363132800000, 1363219200000, 1363305600000, 1363392000000, 1363478400000, 1363564800000, 1363651200000, 1363737600000, 1363824000000, 1363910400000, 1363996800000, 1364083200000, 1364169600000, 1364256000000, 1364342400000, 1364428800000, 1364515200000, 1364601600000, 1364688000000, 1364774400000, 1364860800000, 1364947200000, 1365033600000, 1365120000000, 1365206400000, 1365292800000, 1365379200000, 1365465600000, 1365552000000, 1365638400000, 1365724800000, 1365811200000, 1365897600000, 1365984000000, 1366070400000, 1366156800000, 1366243200000, 1366329600000, 1366416000000, 1366502400000, 1366588800000, 1366675200000, 1366761600000, 1366848000000, 1366934400000, 1367020800000, 1367107200000, 1367193600000, 1367280000000, 1367366400000, 1367452800000, 1367539200000, 1367625600000, 1367712000000, 1367798400000, 1367884800000, 1367971200000, 1368057600000, 1368144000000, 1368230400000, 1368316800000, 1368403200000, 1368489600000, 1368576000000, 1368662400000, 1368748800000, 1368835200000, 1368921600000, 1369008000000, 1369094400000, 1369180800000, 1369267200000, 1369353600000, 1369440000000, 1369526400000, 1369612800000, 1369699200000, 1369785600000, 1369872000000, 1369958400000, 1370044800000, 1370131200000, 1370217600000, 1370304000000, 1370390400000, 1370476800000, 1370563200000, 1370649600000, 1370736000000, 1370822400000, 1370908800000, 1370995200000, 1371081600000, 1371168000000, 1371254400000, 1371340800000, 1371427200000, 1371513600000, 1371600000000, 1371686400000, 1371772800000, 1371859200000, 1371945600000, 1372032000000, 1372118400000, 1372204800000, 1372291200000, 1372377600000, 1372464000000, 1372550400000, 1372636800000, 1372723200000, 1372809600000, 1372896000000, 1372982400000, 1373068800000, 1373155200000, 1373241600000, 1373328000000, 1373414400000, 1373500800000, 1373587200000, 1373673600000, 1373760000000, 1373846400000, 1373932800000, 1374019200000, 1374105600000, 1374192000000, 1374278400000, 1374364800000, 1374451200000, 1374537600000, 1374624000000, 1374710400000, 1374796800000, 1374883200000, 1374969600000, 1375056000000, 1375142400000, 1375228800000, 1375315200000, 1375401600000, 1375488000000, 1375574400000, 1375660800000, 1375747200000, 1375833600000, 1375920000000, 1376006400000, 1376092800000, 1376179200000, 1376265600000, 1376352000000, 1376438400000, 1376524800000, 1376611200000, 1376697600000, 1376784000000, 1376870400000, 1376956800000, 1377043200000, 1377129600000, 1377216000000, 1377302400000, 1377388800000, 1377475200000, 1377561600000, 1377648000000, 1377734400000, 1377820800000, 1377907200000, 1377993600000, 1378080000000, 1378166400000, 1378252800000, 1378339200000, 1378425600000, 1378512000000, 1378598400000, 1378684800000, 1378771200000, 1378857600000, 1378944000000, 1379030400000, 1379116800000, 1379203200000, 1379289600000, 1379376000000, 1379462400000, 1379548800000, 1379635200000, 1379721600000, 1379808000000, 1379894400000, 1379980800000, 1380067200000, 1380153600000, 1380240000000, 1380326400000, 1380412800000, 1380499200000, 1380585600000, 1380672000000, 1380758400000, 1380844800000, 1380931200000, 1381017600000, 1381104000000, 1381190400000, 1381276800000, 1381363200000, 1381449600000, 1381536000000, 1381622400000, 1381708800000, 1381795200000, 1381881600000, 1381968000000, 1382054400000, 1382140800000, 1382227200000, 1382313600000, 1382400000000, 1382486400000, 1382572800000, 1382659200000, 1382745600000, 1382832000000, 1382918400000, 1383004800000, 1383091200000, 1383177600000, 1383264000000, 1383350400000, 1383436800000, 1383523200000, 1383609600000, 1383696000000, 1383782400000, 1383868800000, 1383955200000, 1384041600000, 1384128000000, 1384214400000, 1384300800000, 1384387200000, 1384473600000, 1384560000000, 1384646400000, 1384732800000, 1384819200000, 1384905600000, 1384992000000, 1385078400000, 1385164800000, 1385251200000, 1385337600000, 1385424000000, 1385510400000, 1385596800000, 1385683200000, 1385769600000, 1385856000000, 1385942400000, 1386028800000, 1386115200000, 1386201600000, 1386288000000, 1386374400000, 1386460800000, 1386547200000, 1386633600000, 1386720000000, 1386806400000, 1386892800000, 1386979200000, 1387065600000, 1387152000000, 1387238400000, 1387324800000, 1387411200000, 1387497600000, 1387584000000, 1387670400000, 1387756800000, 1387843200000, 1387929600000, 1388016000000, 1388102400000, 1388188800000, 1388275200000, 1388361600000, 1388448000000, 1388534400000, 1388620800000, 1388707200000, 1388793600000, 1388880000000, 1388966400000, 1389052800000, 1389139200000, 1389225600000, 1389312000000, 1389398400000, 1389484800000, 1389571200000, 1389657600000, 1389744000000, 1389830400000, 1389916800000, 1390003200000, 1390089600000, 1390176000000, 1390262400000, 1390348800000, 1390435200000, 1390521600000, 1390608000000, 1390694400000, 1390780800000, 1390867200000, 1390953600000, 1391040000000, 1391126400000, 1391212800000, 1391299200000, 1391385600000, 1391472000000, 1391558400000, 1391644800000, 1391731200000, 1391817600000, 1391904000000, 1391990400000, 1392076800000, 1392163200000, 1392249600000, 1392336000000, 1392422400000, 1392508800000, 1392595200000, 1392681600000, 1392768000000, 1392854400000, 1392940800000, 1393027200000, 1393113600000, 1393200000000, 1393286400000, 1393372800000, 1393459200000, 1393545600000, 1393632000000, 1393718400000, 1393804800000, 1393891200000, 1393977600000, 1394064000000, 1394150400000, 1394236800000, 1394323200000, 1394409600000, 1394496000000, 1394582400000, 1394668800000, 1394755200000, 1394841600000, 1394928000000, 1395014400000, 1395100800000, 1395187200000, 1395273600000, 1395360000000, 1395446400000, 1395532800000, 1395619200000, 1395705600000, 1395792000000, 1395878400000, 1395964800000, 1396051200000, 1396137600000, 1396224000000, 1396310400000, 1396396800000, 1396483200000, 1396569600000, 1396656000000, 1396742400000, 1396828800000, 1396915200000, 1397001600000, 1397088000000, 1397174400000, 1397260800000, 1397347200000, 1397433600000, 1397520000000, 1397606400000, 1397692800000, 1397779200000, 1397865600000, 1397952000000, 1398038400000, 1398124800000, 1398211200000, 1398297600000, 1398384000000, 1398470400000, 1398556800000, 1398643200000, 1398729600000, 1398816000000, 1398902400000, 1398988800000, 1399075200000, 1399161600000, 1399248000000, 1399334400000, 1399420800000, 1399507200000, 1399593600000, 1399680000000, 1399766400000, 1399852800000, 1399939200000, 1400025600000, 1400112000000, 1400198400000, 1400284800000, 1400371200000, 1400457600000, 1400544000000, 1400630400000, 1400716800000, 1400803200000, 1400889600000, 1400976000000, 1401062400000, 1401148800000, 1401235200000, 1401321600000, 1401408000000, 1401494400000, 1401580800000, 1401667200000, 1401753600000, 1401840000000, 1401926400000, 1402012800000, 1402099200000, 1402185600000, 1402272000000, 1402358400000, 1402444800000, 1402531200000, 1402617600000, 1402704000000, 1402790400000, 1402876800000, 1402963200000, 1403049600000, 1403136000000, 1403222400000, 1403308800000, 1403395200000, 1403481600000, 1403568000000, 1403654400000, 1403740800000, 1403827200000, 1403913600000, 1404000000000, 1404086400000, 1404172800000, 1404259200000, 1404345600000, 1404432000000, 1404518400000, 1404604800000, 1404691200000, 1404777600000, 1404864000000, 1404950400000, 1405036800000, 1405123200000, 1405209600000, 1405296000000, 1405382400000, 1405468800000, 1405555200000, 1405641600000, 1405728000000, 1405814400000, 1405900800000, 1405987200000, 1406073600000, 1406160000000, 1406246400000, 1406332800000, 1406419200000, 1406505600000, 1406592000000, 1406678400000, 1406764800000, 1406851200000, 1406937600000, 1407024000000, 1407110400000, 1407196800000, 1407283200000, 1407369600000, 1407456000000, 1407542400000, 1407628800000, 1407715200000, 1407801600000, 1407888000000, 1407974400000, 1408060800000, 1408147200000, 1408233600000, 1408320000000, 1408406400000, 1408492800000, 1408579200000, 1408665600000, 1408752000000, 1408838400000, 1408924800000, 1409011200000, 1409097600000, 1409184000000, 1409270400000, 1409356800000, 1409443200000, 1409529600000, 1409616000000, 1409702400000, 1409788800000, 1409875200000, 1409961600000, 1410048000000, 1410134400000, 1410220800000, 1410307200000, 1410393600000, 1410480000000, 1410566400000, 1410652800000, 1410739200000, 1410825600000, 1410912000000, 1410998400000, 1411084800000, 1411171200000, 1411257600000, 1411344000000, 1411430400000, 1411516800000, 1411603200000, 1411689600000, 1411776000000, 1411862400000, 1411948800000, 1412035200000, 1412121600000, 1412208000000, 1412294400000, 1412380800000, 1412467200000, 1412553600000, 1412640000000, 1412726400000, 1412812800000, 1412899200000, 1412985600000, 1413072000000, 1413158400000, 1413244800000, 1413331200000, 1413417600000, 1413504000000, 1413590400000, 1413676800000, 1413763200000, 1413849600000, 1413936000000, 1414022400000, 1414108800000, 1414195200000, 1414281600000, 1414368000000, 1414454400000, 1414540800000, 1414627200000, 1414713600000, 1414800000000, 1414886400000, 1414972800000, 1415059200000, 1415145600000, 1415232000000, 1415318400000, 1415404800000, 1415491200000, 1415577600000, 1415664000000, 1415750400000, 1415836800000, 1415923200000, 1416009600000, 1416096000000, 1416182400000, 1416268800000, 1416355200000, 1416441600000, 1416528000000, 1416614400000, 1416700800000, 1416787200000, 1416873600000, 1416960000000, 1417046400000, 1417132800000, 1417219200000, 1417305600000, 1417392000000, 1417478400000, 1417564800000, 1417651200000, 1417737600000, 1417824000000, 1417910400000, 1417996800000, 1418083200000, 1418169600000, 1418256000000, 1418342400000, 1418428800000, 1418515200000, 1418601600000, 1418688000000, 1418774400000, 1418860800000, 1418947200000, 1419033600000, 1419120000000, 1419206400000, 1419292800000, 1419379200000, 1419465600000, 1419552000000, 1419638400000, 1419724800000, 1419811200000, 1419897600000, 1419984000000, 1420070400000, 1420156800000, 1420243200000, 1420329600000, 1420416000000, 1420502400000, 1420588800000, 1420675200000, 1420761600000, 1420848000000, 1420934400000, 1421020800000, 1421107200000, 1421193600000, 1421280000000, 1421366400000, 1421452800000, 1421539200000, 1421625600000, 1421712000000, 1421798400000, 1421884800000, 1421971200000, 1422057600000, 1422144000000, 1422230400000, 1422316800000, 1422403200000, 1422489600000, 1422576000000, 1422662400000, 1422748800000, 1422835200000, 1422921600000, 1423008000000, 1423094400000, 1423180800000, 1423267200000, 1423353600000, 1423440000000, 1423526400000, 1423612800000, 1423699200000, 1423785600000, 1423872000000, 1423958400000, 1424044800000, 1424131200000, 1424217600000, 1424304000000, 1424390400000, 1424476800000, 1424563200000, 1424649600000, 1424736000000, 1424822400000, 1424908800000, 1424995200000, 1425081600000, 1425168000000, 1425254400000, 1425340800000, 1425427200000, 1425513600000, 1425600000000, 1425686400000, 1425772800000, 1425859200000, 1425945600000, 1426032000000, 1426118400000, 1426204800000, 1426291200000, 1426377600000, 1426464000000, 1426550400000, 1426636800000, 1426723200000, 1426809600000, 1426896000000, 1426982400000, 1427068800000, 1427155200000, 1427241600000, 1427328000000, 1427414400000, 1427500800000, 1427587200000, 1427673600000, 1427760000000, 1427846400000, 1427932800000, 1428019200000, 1428105600000, 1428192000000, 1428278400000, 1428364800000, 1428451200000, 1428537600000, 1428624000000, 1428710400000, 1428796800000, 1428883200000, 1428969600000, 1429056000000, 1429142400000, 1429228800000, 1429315200000, 1429401600000, 1429488000000, 1429574400000, 1429660800000, 1429747200000, 1429833600000, 1429920000000, 1430006400000, 1430092800000, 1430179200000, 1430265600000, 1430352000000, 1430438400000, 1430524800000, 1430611200000, 1430697600000, 1430784000000, 1430870400000, 1430956800000, 1431043200000, 1431129600000, 1431216000000, 1431302400000, 1431388800000, 1431475200000, 1431561600000, 1431648000000, 1431734400000, 1431820800000, 1431907200000, 1431993600000, 1432080000000, 1432166400000, 1432252800000, 1432339200000, 1432425600000, 1432512000000, 1432598400000, 1432684800000, 1432771200000, 1432857600000, 1432944000000, 1433030400000, 1433116800000, 1433203200000, 1433289600000, 1433376000000, 1433462400000, 1433548800000, 1433635200000, 1433721600000, 1433808000000, 1433894400000, 1433980800000, 1434067200000, 1434153600000, 1434240000000, 1434326400000, 1434412800000, 1434499200000, 1434585600000, 1434672000000, 1434758400000, 1434844800000, 1434931200000, 1435017600000, 1435104000000, 1435190400000, 1435276800000, 1435363200000, 1435449600000, 1435536000000, 1435622400000, 1435708800000, 1435795200000, 1435881600000, 1435968000000, 1436054400000, 1436140800000, 1436227200000, 1436313600000, 1436400000000, 1436486400000, 1436572800000, 1436659200000, 1436745600000, 1436832000000, 1436918400000, 1437004800000, 1437091200000, 1437177600000, 1437264000000, 1437350400000, 1437436800000, 1437523200000, 1437609600000, 1437696000000, 1437782400000, 1437868800000, 1437955200000, 1438041600000, 1438128000000, 1438214400000, 1438300800000, 1438387200000, 1438473600000, 1438560000000, 1438646400000, 1438732800000, 1438819200000, 1438905600000, 1438992000000, 1439078400000, 1439164800000, 1439251200000, 1439337600000, 1439424000000, 1439510400000, 1439596800000, 1439683200000, 1439769600000, 1439856000000, 1439942400000, 1440028800000, 1440115200000, 1440201600000, 1440288000000, 1440374400000, 1440460800000, 1440547200000, 1440633600000, 1440720000000, 1440806400000, 1440892800000, 1440979200000, 1441065600000, 1441152000000, 1441238400000, 1441324800000, 1441411200000, 1441497600000, 1441584000000, 1441670400000, 1441756800000, 1441843200000, 1441929600000, 1442016000000, 1442102400000, 1442188800000, 1442275200000, 1442361600000, 1442448000000, 1442534400000, 1442620800000, 1442707200000, 1442793600000, 1442880000000, 1442966400000, 1443052800000, 1443139200000, 1443225600000, 1443312000000, 1443398400000, 1443484800000, 1443571200000, 1443657600000, 1443744000000, 1443830400000, 1443916800000, 1444003200000, 1444089600000, 1444176000000, 1444262400000, 1444348800000, 1444435200000, 1444521600000, 1444608000000, 1444694400000, 1444780800000, 1444867200000, 1444953600000, 1445040000000, 1445126400000, 1445212800000, 1445299200000, 1445385600000, 1445472000000, 1445558400000, 1445644800000, 1445731200000, 1445817600000, 1445904000000, 1445990400000, 1446076800000, 1446163200000, 1446249600000, 1446336000000, 1446422400000, 1446508800000, 1446595200000, 1446681600000, 1446768000000, 1446854400000, 1446940800000, 1447027200000, 1447113600000, 1447200000000, 1447286400000, 1447372800000, 1447459200000, 1447545600000, 1447632000000, 1447718400000, 1447804800000, 1447891200000, 1447977600000, 1448064000000, 1448150400000, 1448236800000, 1448323200000, 1448409600000, 1448496000000, 1448582400000, 1448668800000, 1448755200000, 1448841600000, 1448928000000, 1449014400000, 1449100800000, 1449187200000, 1449273600000, 1449360000000, 1449446400000, 1449532800000, 1449619200000, 1449705600000, 1449792000000, 1449878400000, 1449964800000, 1450051200000, 1450137600000, 1450224000000, 1450310400000, 1450396800000, 1450483200000, 1450569600000, 1450656000000, 1450742400000, 1450828800000, 1450915200000, 1451001600000, 1451088000000, 1451174400000, 1451260800000, 1451347200000, 1451433600000, 1451520000000, 1451606400000, 1451692800000, 1451779200000, 1451865600000, 1451952000000, 1452038400000, 1452124800000, 1452211200000, 1452297600000, 1452384000000, 1452470400000, 1452556800000, 1452643200000, 1452729600000, 1452816000000, 1452902400000, 1452988800000, 1453075200000, 1453161600000, 1453248000000, 1453334400000, 1453420800000, 1453507200000, 1453593600000, 1453680000000, 1453766400000, 1453852800000, 1453939200000, 1454025600000, 1454112000000, 1454198400000, 1454284800000, 1454371200000, 1454457600000, 1454544000000, 1454630400000, 1454716800000, 1454803200000, 1454889600000, 1454976000000, 1455062400000, 1455148800000, 1455235200000, 1455321600000, 1455408000000, 1455494400000, 1455580800000, 1455667200000, 1455753600000, 1455840000000, 1455926400000, 1456012800000, 1456099200000, 1456185600000, 1456272000000, 1456358400000, 1456444800000, 1456531200000, 1456617600000, 1456704000000, 1456790400000, 1456876800000, 1456963200000, 1457049600000, 1457136000000, 1457222400000, 1457308800000, 1457395200000, 1457481600000, 1457568000000, 1457654400000, 1457740800000, 1457827200000, 1457913600000, 1458000000000, 1458086400000, 1458172800000, 1458259200000, 1458345600000, 1458432000000, 1458518400000, 1458604800000, 1458691200000, 1458777600000, 1458864000000, 1458950400000, 1459036800000, 1459123200000, 1459209600000, 1459296000000, 1459382400000, 1459468800000, 1459555200000, 1459641600000, 1459728000000, 1459814400000, 1459900800000, 1459987200000, 1460073600000, 1460160000000, 1460246400000, 1460332800000, 1460419200000, 1460505600000, 1460592000000, 1460678400000, 1460764800000, 1460851200000, 1460937600000, 1461024000000, 1461110400000, 1461196800000, 1461283200000, 1461369600000, 1461456000000, 1461542400000, 1461628800000, 1461715200000, 1461801600000, 1461888000000, 1461974400000, 1462060800000, 1462147200000, 1462233600000, 1462320000000, 1462406400000, 1462492800000, 1462579200000, 1462665600000, 1462752000000, 1462838400000, 1462924800000, 1463011200000, 1463097600000, 1463184000000, 1463270400000, 1463356800000, 1463443200000, 1463529600000, 1463616000000, 1463702400000, 1463788800000, 1463875200000, 1463961600000, 1464048000000, 1464134400000, 1464220800000, 1464307200000, 1464393600000, 1464480000000, 1464566400000, 1464652800000, 1464739200000, 1464825600000, 1464912000000, 1464998400000, 1465084800000, 1465171200000, 1465257600000, 1465344000000, 1465430400000, 1465516800000, 1465603200000, 1465689600000, 1465776000000, 1465862400000, 1465948800000, 1466035200000, 1466121600000, 1466208000000, 1466294400000, 1466380800000, 1466467200000, 1466553600000, 1466640000000, 1466726400000, 1466812800000, 1466899200000, 1466985600000, 1467072000000, 1467158400000, 1467244800000, 1467331200000, 1467417600000, 1467504000000, 1467590400000, 1467676800000, 1467763200000, 1467849600000, 1467936000000, 1468022400000, 1468108800000, 1468195200000, 1468281600000, 1468368000000, 1468454400000, 1468540800000, 1468627200000, 1468713600000, 1468800000000, 1468886400000, 1468972800000, 1469059200000, 1469145600000, 1469232000000, 1469318400000, 1469404800000, 1469491200000, 1469577600000, 1469664000000, 1469750400000, 1469836800000, 1469923200000, 1470009600000, 1470096000000, 1470182400000, 1470268800000, 1470355200000, 1470441600000, 1470528000000, 1470614400000, 1470700800000, 1470787200000, 1470873600000, 1470960000000, 1471046400000, 1471132800000, 1471219200000, 1471305600000, 1471392000000, 1471478400000, 1471564800000, 1471651200000, 1471737600000, 1471824000000, 1471910400000, 1471996800000, 1472083200000, 1472169600000, 1472256000000, 1472342400000, 1472428800000, 1472515200000, 1472601600000, 1472688000000, 1472774400000, 1472860800000, 1472947200000, 1473033600000, 1473120000000, 1473206400000, 1473292800000, 1473379200000, 1473465600000, 1473552000000, 1473638400000, 1473724800000, 1473811200000, 1473897600000, 1473984000000, 1474070400000, 1474156800000, 1474243200000, 1474329600000, 1474416000000, 1474502400000, 1474588800000, 1474675200000, 1474761600000, 1474848000000, 1474934400000, 1475020800000, 1475107200000, 1475193600000, 1475280000000, 1475366400000, 1475452800000, 1475539200000, 1475625600000, 1475712000000, 1475798400000, 1475884800000, 1475971200000, 1476057600000, 1476144000000, 1476230400000, 1476316800000, 1476403200000, 1476489600000, 1476576000000, 1476662400000, 1476748800000, 1476835200000, 1476921600000, 1477008000000, 1477094400000, 1477180800000, 1477267200000, 1477353600000, 1477440000000, 1477526400000, 1477612800000, 1477699200000, 1477785600000, 1477872000000, 1477958400000, 1478044800000, 1478131200000, 1478217600000, 1478304000000, 1478390400000, 1478476800000, 1478563200000, 1478649600000, 1478736000000, 1478822400000, 1478908800000, 1478995200000, 1479081600000, 1479168000000, 1479254400000, 1479340800000, 1479427200000, 1479513600000, 1479600000000, 1479686400000, 1479772800000, 1479859200000, 1479945600000, 1480032000000, 1480118400000, 1480204800000, 1480291200000, 1480377600000, 1480464000000, 1480550400000, 1480636800000, 1480723200000, 1480809600000, 1480896000000, 1480982400000, 1481068800000, 1481155200000, 1481241600000, 1481328000000, 1481414400000, 1481500800000, 1481587200000, 1481673600000, 1481760000000, 1481846400000, 1481932800000, 1482019200000, 1482105600000, 1482192000000, 1482278400000, 1482364800000, 1482451200000, 1482537600000, 1482624000000, 1482710400000, 1482796800000, 1482883200000, 1482969600000, 1483056000000, 1483142400000, 1483228800000, 1483315200000, 1483401600000]}, "views": {"daily": {"opt": {"enableInteractivity": false, "colors": ["#73c421"], "chartArea": {"top": 30, "left": 67.0}, "pointSize": 0, "hAxis": {"textStyle": {"color": "#666"}, "gridlines": {"color": "transparent"}, "slantedText": false, "viewWindow": {}, "baselineColor": "transparent"}, "vAxis": {"textStyle": {"color": "#666"}, "maxValue": 72764, "minValue": 0, "gridlines": {"color": "#f0f0f0"}, "titleTextStyle": {"color": "#666"}, "baselineColor": "#e2e2e2"}, "legend": {"position": "none"}, "tooltip": {"trigger": "none"}}, "data": [2070, 2310, 2406, 3259, 2882, 4495, 5115, 5572, 5863, 6276, 5753, 5879, 6157, 6092, 5959, 5723, 7001, 7469, 6827, 6434, 6716, 5991, 5553, 5580, 5865, 5524, 5716, 6690, 6258, 8111, 10495, 7581, 6461, 8818, 8022, 8801, 8992, 7818, 8770, 8275, 6589, 7070, 6578, 7224, 8394, 7752, 6602, 6034, 7632, 7237, 7200, 6383, 7601, 7554, 7285, 8211, 7607, 8138, 8539, 10072, 8896, 8916, 8536, 8144, 7463, 7380, 7090, 6883, 6092, 7354, 7749, 8001, 7878, 8334, 8283, 7418, 7920, 8801, 9442, 9369, 9761, 9333, 8168, 7870, 8132, 8406, 9024, 8323, 8484, 7566, 7774, 8398, 7446, 7439, 8033, 8835, 8683, 10330, 10748, 10732, 10810, 11931, 10317, 10232, 10864, 11718, 13258, 10442, 11013, 10664, 8601, 9455, 10302, 8955, 9764, 9502, 9484, 9939, 9877, 9154, 9058, 9409, 10863, 10833, 10127, 9471, 9831, 10119, 10722, 12038, 12505, 11078, 10577, 9148, 10196, 10650, 12797, 12777, 11050, 10739, 9563, 10274, 12230, 12333, 12142, 9767, 9459, 8987, 9214, 9320, 10391, 5293, 3974, 3806, 3981, 4282, 4261, 4826, 5048, 4215, 4140, 3955, 4243, 3762, 4790, 5148, 4238, 4189, 4293, 4590, 4264, 4761, 4766, 3990, 4212, 5134, 10096, 10598, 12581, 12609, 10236, 10882, 10932, 11315, 12531, 14106, 14522, 12568, 12952, 11732, 11316, 11412, 11343, 11943, 10617, 10093, 9943, 10561, 9287, 9762, 9435, 7802, 8200, 8104, 8605, 8620, 9307, 8924, 7622, 6776, 11780, 14020, 12785, 16043, 19336, 16384, 11410, 7711, 7443, 8408, 13184, 15437, 13845, 8019, 8273, 9280, 9529, 13543, 15365, 14358, 19283, 16815, 17982, 19173, 19529, 18464, 16804, 19411, 16027, 18008, 18964, 20499, 19823, 17918, 12696, 13409, 19965, 16143, 15220, 13959, 12697, 15860, 22816, 23667, 21046, 26209, 29608, 26260, 23533, 18466, 18773, 19214, 21603, 22674, 21083, 18828, 19049, 19435, 20344, 18866, 17671, 15159, 14793, 15598, 15390, 17429, 19538, 17595, 15072, 14595, 12801, 15539, 15288, 16934, 16674, 15442, 16345, 15394, 15917, 16121, 15542, 15639, 12564, 14413, 14976, 12510, 9165, 13941, 14766, 12579, 12934, 11508, 12602, 10831, 10325, 10887, 10757, 10629, 12169, 12166, 9553, 10008, 11065, 10603, 13114, 13396, 13344, 12862, 14377, 14948, 12441, 10781, 10096, 10701, 13787, 13993, 9462, 9042, 14269, 72763, 71913, 36608, 49068, 11406, 9134, 8068, 9043, 9147, 9874, 11614, 10683, 6704, 6400, 6715, 7447, 7278, 9938, 17637, 15214, 14843, 13352, 16084, 15943, 19482, 19201, 15584, 16272, 14939, 17386, 17816, 20099, 20006, 16683, 15578, 16462, 17119, 18191, 17885, 19466, 16066, 15923, 15811, 19842, 18526, 21739, 21196, 16173, 18446, 17807, 18652, 18657, 19816, 20223, 18071, 18237, 19626, 20141, 21206, 21667, 22447, 18919, 18154, 18722, 20452, 23441, 26170, 26867, 23295, 21078, 21149, 21499, 20782, 20944, 20563, 18569, 18539, 18617, 18043, 18079, 18146, 17226, 16107, 16930, 18292, 18358, 18955, 19656, 17698, 15877, 16836, 16645, 18477, 21351, 19406, 18062, 16886, 17908, 18222, 17786, 17033, 17303, 17992, 16510, 19120, 18742, 20533, 19842, 21113, 20643, 19231, 18718, 18974, 19113, 19609, 22078, 21148, 19332, 19265, 19325, 19146, 18459, 19881, 18616, 17318, 18061, 19157, 19014, 19090, 19017, 18763, 17822, 19111, 19189, 18740, 18989, 19714, 18521, 18009, 18631, 19285, 19875, 20531, 21795, 21737, 20168, 20559, 20583, 20575, 21302, 22935, 22820, 21382, 20384, 19639, 19611, 19600, 21985, 24051, 20754, 19243, 19641, 18954, 19363, 21801, 21824, 18990, 18066, 18062, 17624, 17655, 21598, 21653, 18419, 18260, 18220, 18816, 20780, 23385, 23983, 21058, 22571, 24217, 23275, 22183, 23557, 25084, 21664, 21339, 19796, 21149, 22328, 23587, 24214, 22332, 21653, 20702, 21205, 23731, 25805, 25981, 22455, 21524, 20132, 21392, 22476, 24118, 25203, 21591, 20980, 20191, 20321, 22408, 25264, 24850, 22310, 21734, 20599, 20615, 22460, 25328, 29346, 25039, 24345, 21674, 21803, 21919, 24229, 26236, 22661, 20939, 20264, 20936, 20958, 22656, 23939, 21002, 20514, 20972, 20703, 20792, 22180, 23101, 19343, 19715, 20327, 22150, 22760, 23390, 23899, 20806, 19687, 19729, 18254, 19085, 22964, 22898, 19741, 19272, 17881, 18479, 20277, 20163, 18172, 17165, 19053, 18205, 17504, 17645, 18862, 18598, 16848, 18000, 22277, 15556, 20044, 18836, 17887, 16656, 16176, 17554, 18726, 19469, 21633, 22630, 20015, 19232, 19335, 20190, 20748, 21986, 22340, 19115, 19371, 19571, 18567, 19571, 20704, 21083, 19373, 18709, 18577, 19097, 19306, 21162, 22334, 18147, 17725, 17009, 17232, 18955, 19442, 20142, 16743, 16185, 16743, 17266, 17852, 19771, 20505, 17749, 16976, 16914, 16758, 18040, 19574, 19858, 17190, 16328, 16813, 16883, 17757, 19455, 19846, 16835, 16245, 16286, 16480, 16511, 18377, 19464, 15650, 16056, 15598, 15281, 16067, 16861, 18307, 15519, 15148, 14902, 15108, 15869, 17225, 18020, 14795, 14749, 14863, 15996, 15797, 17280, 17554, 14388, 14433, 14316, 14792, 15676, 17369, 17754, 15293, 14047, 14354, 14475, 13925, 17111, 13858, 11328, 11258, 11068, 11353, 12109, 12614, 12239, 10638, 10357, 12051, 11780, 14175, 15553, 16128, 13864, 12859, 12366, 12925, 13930, 15155, 15200, 13040, 12987, 13523, 14282, 14591, 15912, 16071, 13757, 13856, 14013, 14016, 11976, 13016, 13161, 11122, 11128, 11177, 11658, 11563, 11970, 11263, 10683, 10123, 10302, 10197, 13555, 15054, 15155, 13419, 13112, 13048, 13115, 14109, 15038, 14992, 13406, 13545, 13642, 13652, 13877, 14151, 13887, 9507, 9607, 10975, 10262, 10017, 10850, 10331, 9689, 9682, 9707, 12150, 11669, 11895, 10987, 10159, 10859, 10470, 11194, 11459, 11202, 11043, 10363, 10972, 13235, 12925, 13442, 14305, 14022, 12341, 13011, 13454, 13317, 13824, 14424, 14085, 12129, 10497, 10958, 11400, 12605, 12521, 12530, 11837, 12145, 12376, 12237, 12447, 13303, 13032, 11739, 12308, 12408, 13329, 12977, 15500, 15229, 13665, 14567, 14789, 15366, 15626, 15627, 15316, 11845, 11876, 11210, 11417, 11513, 12642, 12352, 10699, 10458, 11035, 11549, 11228, 12386, 12791, 11419, 11803, 11299, 11992, 14194, 15931, 17196, 14732, 13902, 14548, 14940, 15268, 17204, 17391, 15073, 14953, 14382, 14602, 15489, 17116, 17921, 12340, 11442, 11744, 11870, 12160, 13439, 13551, 11800, 11677, 11549, 11680, 13475, 16091, 16178, 13805, 13028, 13017, 14155, 16452, 17645, 18627, 15823, 14733, 15090, 15610, 16459, 17675, 18527, 15221, 12251, 12410, 12484, 13069, 13965, 14237, 12393, 12397, 12267, 12655, 13629, 15034, 14074, 12714, 12131, 11902, 12641, 14113, 15847, 16363, 14139, 13845, 13653, 13683, 14481, 15680, 16099, 14079, 13800, 13374, 14026, 15418, 17141, 17768, 15258, 14794, 14928, 15331, 14995, 16005, 16723, 14446, 14598, 15121, 15007, 17033, 18630, 18827, 16182, 16040, 16265, 16549, 16807, 18359, 18874, 16145, 16241, 16014, 16914, 18043, 19626, 19554, 17916, 17330, 18272, 17747, 16101, 16699, 13979, 12835, 13895, 14427, 19467, 12728, 13892, 14409, 13003, 13480, 13912, 13137, 14326, 15633, 16492, 14132, 13804, 13594, 13772, 14746, 16792, 17808, 24874, 24371, 18855, 17316, 18329, 20281, 21875, 18507, 19189, 19035, 18430, 20540, 22202, 22806, 18562, 18501, 18970, 19276, 20160, 23873, 24453, 20329, 19616, 20249, 21722, 22769, 23459, 23793, 21831, 21189, 20549, 19984, 20185, 22807, 22756, 20122, 20038, 20407, 21095, 22410, 24491, 25053, 21863, 20787, 20086, 21820, 23984, 25696, 25994, 21593, 21662, 21395, 21600, 22667, 24119, 25165, 22040, 20778, 21467, 21625, 22781, 25372, 25309, 22165, 21461, 22043, 22410, 22390, 23812, 24714, 21399, 21129, 21473, 22594, 23601, 23947, 23514, 21337, 21409, 21665, 21649, 22249, 23628, 24119, 21367, 20752, 21142, 21524, 22690, 25004, 25630, 22244, 21719, 21676, 21093, 21326, 23128, 23098, 20131, 18617, 18763, 18198, 19352, 22128, 22310, 19407, 19678, 20178, 19809, 21029, 23899, 24956, 21831, 21751, 21114, 21073, 21686, 23899, 23682, 21178, 21913, 22538, 24799, 25773, 26950, 27057, 24534, 23932, 25597, 24667, 26333, 27952, 27830, 24448, 24094, 24197, 25805, 25786, 27109, 25040, 22690, 22885, 23103, 23550, 23955, 25516, 21384, 21105, 21568, 20509, 21464, 23157, 25198, 24987, 22230, 23426, 23128, 23524, 23862, 26803, 27002, 24055, 22647, 23109, 23928, 23386, 24154, 22079, 20894, 22017, 21376, 21819, 21906, 22527, 21532, 19137, 20156, 20022, 20068, 20896, 22440, 21311, 19072, 20074, 20745, 20254, 20108, 21818, 20558, 19119, 20821, 21715, 20915, 20239, 21171, 21214, 19676, 20334, 20247, 20272, 20318, 21433, 20844, 19190, 20136, 19980, 20690, 20410, 21926, 20188, 18598, 19139, 19655, 21549, 21688, 23137, 22766, 21029, 19836, 20489, 20404, 20011, 22051, 22101, 19903, 20757, 21642, 21310, 20755, 21814, 23315, 22231, 20368, 19982, 20717, 21408, 23763, 26138, 22753, 21194, 20663, 21263, 22003, 24307, 24991, 21663, 20869, 21550, 21840, 23010, 24401, 24985, 21274, 20793, 20333, 21316, 21706, 24254, 26132, 21628, 21991, 23102, 23738, 21787, 22580, 23218, 19900, 19152, 19214, 19862, 19928, 22159, 22467, 20045, 20371, 20761, 19903, 20428, 22204, 22166, 19318, 19321, 20936, 20807, 21158, 22362, 22599, 19064, 18796, 18805, 18973, 20057, 21764, 22105, 19205, 19083, 20675, 23668, 23530, 25308, 25536, 23169, 23399, 24311, 25357, 26065, 28016, 28901, 25376, 25964, 26015, 27161, 25658, 27404, 29222, 25813, 26506, 28220, 27853, 29090, 30824, 30528, 26705, 27667, 26952, 26032, 27404, 29614, 29763, 26252, 27116, 26924, 26733, 28177, 29497, 28770, 26094, 27039, 27096, 27813, 26599, 24417, 26463, 25689, 26486, 27514, 28478, 35421, 25944, 28307, 26379, 26622, 28141, 28934, 29432, 32141, 31899, 28320, 27933, 28695, 29467, 30811, 32991, 33502, 29215, 30645, 31661, 31239, 31935, 33502, 33837, 29020, 29792, 29527, 31335, 33478, 35319, 34213, 29466, 29861, 29140, 29988, 30919, 32699, 32783, 27155, 27271, 28342, 28739, 29944, 32341, 31385, 27825, 28009, 28471, 28458, 29942, 32566, 32128, 27468, 26991, 26954, 28020, 28650, 31725, 31204, 26563, 26427, 28315, 28853, 31228, 32677, 32256, 28637, 28249, 30362, 30081, 30530, 31600, 31911, 26830, 27598, 27703, 28717, 29840, 30789, 31634, 27824, 28214, 28667, 28426, 29907, 30572, 29655, 26778, 25677, 26182, 27718, 27669, 30016, 29527, 26011, 25762, 25444, 26454, 27776, 30062, 30434, 26259, 26230, 25931, 24848, 25859, 27450, 28246, 25734, 24925, 25364, 24809, 26466, 27968, 26832, 24121, 23587, 23330, 24394, 24782, 24007, 24162, 20761, 22277, 21494, 21447, 22594, 22179, 22870, 19078, 19454, 19800, 21260, 22195, 23195, 23103, 20445, 20448, 20192, 20590, 21779, 23291, 22716, 20269, 20421, 21191, 21950, 22811, 24388, 22414, 21091, 20641, 21257, 21298, 21903, 23274, 23125, 20596, 21130, 21692, 21182, 21775, 22698, 22983, 20374, 19873, 20583, 20466, 21210, 21956, 21279, 18749, 19873, 20742, 19846, 20353, 20859, 19813, 17738, 18247, 18739, 19236, 19047, 20356, 19400, 18316, 18403, 18934, 18665, 18399, 19996, 19853, 17271, 18075, 18481, 18066, 18808, 19560, 18952, 16941, 17580, 17925, 18006, 18576, 19392, 19470, 17873, 18083, 18125, 18025, 19196, 19276, 18811, 17275, 17764, 18143, 17998, 16933, 18786, 18898, 16860, 17456, 17465, 17966, 18073, 18314, 17646, 16355, 16429, 17276, 17768, 19418, 19343, 19605, 17029, 18058, 18264, 18816, 21033, 24466, 23821, 20158, 19728, 20875, 19715, 19289, 20094, 19623, 16908, 16779, 16186, 17456, 17618, 20151, 20410, 17703, 16367, 16930, 16858, 17530, 19936, 19613, 17658, 17090, 18317, 18477, 18809, 20832, 19700, 16602, 17524, 19088, 20487, 19511, 21786, 21373, 19662, 20398, 19733, 21858, 20508, 19642, 21682, 19315, 18936, 18573, 19963, 20638, 22832, 23701, 20568, 18975, 18533, 18703, 19783, 22401, 22188, 20766, 19734, 19492, 19415, 20828, 22161, 21130, 19237, 20084, 19155, 20755, 21756, 24625, 25760, 22263, 20557, 20029, 21772, 22541, 25274, 24775, 21888, 21200, 19878, 20804, 21883, 23344, 22330, 19394, 19297, 19773, 19621, 17957, 18720, 19614, 17157, 16883, 17927, 20257, 20628, 20599, 20534, 19333, 18960, 19191, 18731, 17761, 18595, 18501, 15772, 16559, 17102, 17686, 17531, 19811, 19827, 16043, 17123, 17873, 18428, 22165, 20621, 18988, 17061, 16893, 17975, 16721, 17415, 20311, 25936, 16889, 17331, 17028]}}, "subscribers": {"daily": {"opt": {"enableInteractivity": false, "colors": ["#e62117"], "chartArea": {"top": 30, "left": 53.0}, "pointSize": 0, "hAxis": {"textStyle": {"color": "#666"}, "gridlines": {"color": "transparent"}, "slantedText": false, "viewWindow": {}, "baselineColor": "transparent"}, "vAxis": {"textStyle": {"color": "#666"}, "maxValue": 100, "minValue": 0, "gridlines": {"color": "#f0f0f0"}, "titleTextStyle": {"color": "#666"}, "baselineColor": "#e2e2e2"}, "legend": {"position": "none"}, "tooltip": {"trigger": "none"}}, "data": [7, 3, 3, 6, 2, 0, 4, 1, 6, 6, 6, 7, 9, 29, 12, 9, 9, 11, 8, 6, 7, 3, 9, 8, 3, 7, 8, 18, 6, 11, 12, 9, 7, 11, 12, 11, 14, 12, 4, 12, 7, 6, 9, 13, 9, 10, 10, 10, 8, 11, 6, 11, 9, 4, 8, 13, 10, 19, 5, 18, 11, 12, 10, 11, 8, 15, 3, 14, 8, 6, 13, 7, 5, 6, 4, 7, 9, 8, 15, 11, 11, 4, 6, 5, 4, 8, 8, 14, 5, 3, 9, 6, 5, 5, 9, 2, 13, 7, 15, 5, 8, 10, 8, 8, 6, 5, 13, 12, 9, 7, 4, 10, 6, 7, 5, 7, 4, 4, 7, 2, 8, 9, 8, 7, 4, 14, 8, 9, 9, 15, 14, 14, 8, 3, 8, 6, 8, 17, 11, 15, 6, 12, 7, 10, 5, 7, 12, 4, 7, 6, 3, 3, 1, 3, 3, 1, 0, 6, 2, 3, 4, 2, 2, 2, 1, 4, 1, 3, 3, 0, 1, 0, 1, 3, 1, 3, 5, 3, 8, 7, 3, 5, 9, 5, 5, 5, 6, 6, 10, 12, 5, 4, 5, 3, 6, 8, 2, 11, 5, 6, 7, 9, 3, 3, 3, 4, 6, 4, 9, 2, 15, 9, 15, 18, 7, 9, 8, 6, 3, 7, 9, 7, 16, 6, 2, 2, 8, 10, 15, 19, 12, 12, 7, 12, 11, 16, 18, 8, 14, 11, 19, 18, 12, 16, 8, 6, 18, 11, 9, 8, 5, 9, 14, 20, 14, 20, 21, 19, 8, 5, 7, 10, 11, 12, 14, 10, 9, 6, 6, 13, 10, 9, 6, 10, 9, 6, 10, 5, 11, 10, 7, 12, 6, 11, 9, 10, 9, 10, 5, 13, 11, 15, 9, 4, 6, 10, 8, 3, 9, 9, 8, 6, 16, 12, 10, 6, 9, 7, 11, 8, 5, 10, 4, 7, 5, 12, 7, 6, 10, 7, 9, 7, 6, 9, 9, 8, 7, 10, 15, 84, 99, 41, 64, 19, 12, 10, 9, 9, 7, 3, 4, 4, 6, 2, 2, 4, 7, 17, 19, 13, 12, 13, 12, 14, 11, 18, 19, 12, 11, 8, 15, 17, 13, 14, 12, 18, 14, 13, 19, 11, 11, 15, 20, 11, 14, 17, 16, 13, 14, 16, 9, 8, 13, 12, 11, 8, 11, 12, 10, 12, 18, 12, 10, 15, 15, 11, 30, 15, 9, 15, 9, 7, 11, 12, 14, 12, 8, 11, 15, 24, 16, 10, 15, 13, 10, 16, 8, 7, 8, 13, 10, 10, 30, 7, 11, 7, 15, 14, 20, 12, 16, 16, 13, 19, 15, 12, 14, 16, 12, 18, 14, 15, 12, 21, 23, 15, 18, 25, 16, 11, 16, 13, 8, 10, 22, 13, 12, 8, 16, 9, 10, 22, 10, 19, 17, 12, 14, 15, 9, 18, 13, 14, 21, 21, 18, 26, 10, 26, 17, 15, 16, 19, 21, 11, 11, 9, 12, 8, 20, 12, 12, 18, 13, 14, 14, 19, 11, 12, 15, 17, 9, 19, 23, 10, 17, 15, 15, 18, 15, 15, 9, 12, 17, 20, 13, 16, 22, 12, 16, 11, 16, 13, 17, 19, 13, 15, 18, 18, 22, 17, 21, 13, 15, 19, 21, 11, 17, 14, 16, 24, 13, 14, 22, 19, 19, 21, 16, 24, 19, 13, 25, 22, 16, 18, 19, 11, 14, 22, 19, 10, 11, 18, 20, 10, 10, 9, 11, 12, 18, 19, 13, 22, 10, 17, 19, 16, 7, 16, 19, 8, 16, 11, 14, 12, 21, 17, 14, 21, 13, 11, 13, 10, 13, 14, 19, 8, 12, 17, 12, 14, 10, 20, 7, 15, 34, 15, 15, 13, 12, 13, 13, 18, 17, 16, 15, 19, 16, 12, 17, 25, 22, 20, 17, 20, 8, 18, 16, 8, 11, 18, 17, 18, 19, 17, 20, 17, 13, 11, 21, 20, 20, 12, 13, 9, 13, 10, 17, 10, 11, 14, 12, 9, 17, 10, 21, 16, 17, 12, 8, 10, 23, 15, 19, 12, 8, 15, 7, 13, 14, 15, 11, 10, 9, 11, 13, 12, 15, 14, 7, 9, 11, 20, 17, 15, 18, 15, 17, 6, 17, 10, 8, 18, 6, 3, 13, 11, 12, 17, 8, 11, 6, 12, 11, 13, 10, 8, 9, 6, 15, 13, 8, 10, 7, 3, 10, 11, 14, 9, 4, 13, 11, 10, 8, 12, 12, 20, 8, 10, 11, 5, 3, 10, 14, 11, 9, 9, 10, 12, 12, 10, 10, 14, 8, 10, 10, 8, 8, 7, 7, 6, 10, 10, 8, 6, 4, 6, 7, 11, 8, 9, 9, 8, 10, 9, 7, 11, 6, 14, 6, 7, 8, 5, 6, 8, 6, 9, 12, 8, 28, 17, 8, 2, 10, 15, 12, 14, 9, 4, 9, 5, 9, 10, 12, 8, 7, 14, 8, 14, 10, 9, 11, 10, 10, 14, 7, 9, 9, 6, 13, 9, 7, 6, 15, 13, 10, 10, 4, 5, 6, 6, 14, 15, 8, 4, 13, 9, 13, 8, 12, 10, 4, 9, 7, 12, 12, 8, 8, 9, 8, 14, 4, 10, 13, 5, 5, 8, 7, 10, 12, 7, 7, 14, 11, 18, 12, 11, 11, 18, 12, 12, 9, 8, 18, 15, 11, 16, 13, 10, 11, 14, 10, 5, 7, 8, 13, 4, 11, 15, 12, 16, 13, 10, 16, 9, 9, 10, 10, 8, 12, 8, 17, 9, 16, 11, 9, 9, 12, 12, 14, 11, 9, 13, 8, 11, 11, 14, 9, 8, 11, 16, 11, 7, 13, 20, 11, 7, 11, 8, 9, 13, 11, 11, 8, 11, 8, 15, 11, 14, 9, 14, 8, 7, 8, 12, 9, 7, 5, 6, 6, 8, 14, 14, 10, 11, 9, 9, 14, 12, 9, 5, 10, 17, 19, 8, 7, 8, 8, 11, 5, 8, 3, 7, 10, 5, 10, 5, 4, 8, 11, 18, 7, 8, 5, 10, 9, 13, 10, 10, 13, 7, 4, 2, 2, 9, 8, 10, 16, 14, 9, 8, 6, 7, 5, 13, 14, 12, 10, 6, 11, 9, 8, 20, 9, 12, 13, 10, 10, 14, 13, 15, 11, 10, 10, 5, 16, 6, 11, 10, 13, 13, 9, 8, 7, 10, 13, 11, 11, 10, 8, 13, 9, 15, 4, 9, 8, 7, 22, 12, 8, 9, 9, 14, 9, 6, 9, 15, 10, 10, 12, 13, 10, 6, 15, 11, 9, 11, 6, 12, 10, 13, 9, 11, 13, 7, 6, 9, 16, 8, 10, 5, 9, 10, 9, 10, 18, 13, 4, 10, 6, 9, 11, 10, 10, 13, 7, 5, 13, 5, 13, 10, 9, 9, 5, 5, 8, 7, 6, 9, 7, 13, 10, 3, 13, 6, 14, 12, 8, 11, 9, 9, 16, 16, 23, 18, 6, 12, 14, 11, 9, 11, 13, 8, 8, 5, 7, 9, 15, 14, 9, 11, 9, 5, 10, 5, 10, 14, 4, 7, 9, 9, 7, 9, 5, 6, 9, 7, 8, 9, 6, 8, 10, 9, 9, 10, 11, 10, 9, 7, 10, 8, 8, 7, 8, 9, 9, 8, 5, 10, 8, 16, 9, 7, 11, 6, 8, 12, 7, 7, 6, 5, 6, 5, 9, 7, 11, 12, 16, 11, 5, 8, 6, 11, 7, 7, 9, 9, 7, 6, 11, 8, 15, 13, 12, 8, 13, 3, 11, 15, 9, 5, 11, 11, 15, 10, 7, 16, 13, 9, 11, 12, 3, 6, 11, 7, 12, 3, 5, 13, 14, 10, 8, 7, 7, 8, 11, 11, 12, 16, 15, 12, 9, 9, 8, 10, 9, 10, 8, 6, 9, 9, 4, 10, 7, 4, 7, 6, 8, 11, 10, 9, 7, 6, 10, 18, 6, 13, 18, 10, 13, 11, 9, 5, 9, 15, 4, 11, 6, 6, 6, 6, 6, 11, 12, 11, 16, 14, 10, 8, 13, 15, 21, 18, 20, 15, 11, 14, 18, 16, 18, 11, 15, 17, 15, 9, 15, 19, 11, 15, 21, 16, 10, 11, 23, 16, 12, 15, 10, 13, 11, 15, 7, 10, 12, 17, 11, 10, 14, 4, 13, 10, 16, 18, 13, 17, 17, 14, 12, 17, 16, 16, 20, 11, 17, 17, 19, 17, 17, 18, 17, 19, 17, 24, 19, 22, 18, 18, 15, 16, 14, 13, 14, 22, 16, 15, 11, 17, 16, 11, 18, 10, 15, 15, 11, 18, 22, 16, 15, 10, 14, 12, 17, 10, 17, 18, 20, 9, 11, 16, 22, 21, 20, 13, 10, 15, 20, 12, 15, 16, 15, 17, 12, 8, 19, 12, 13, 8, 9, 15, 15, 14, 17, 12, 16, 12, 17, 8, 14, 10, 11, 17, 8, 14, 12, 6, 15, 13, 9, 13, 14, 16, 10, 10, 13, 8, 11, 11, 9, 5, 14, 11, 11, 10, 13, 9, 12, 8, 8, 13, 12, 11, 8, 11, 9, 8, 4, 12, 10, 10, 11, 12, 6, 15, 8, 12, 11, 14, 13, 6, 9, 14, 12, 16, 11, 13, 5, 13, 11, 10, 8, 17, 14, 8, 13, 5, 17, 14, 13, 9, 11, 13, 5, 10, 8, 9, 8, 8, 15, 9, 8, 7, 15, 6, 10, 13, 5, 8, 6, 15, 4, 12, 9, 14, 10, 11, 14, 5, 4, 10, 6, 7, 14, 10, 7, 5, 10, 6, 4, 5, 5, 12, 7, 7, 5, 3, 2, 10, 5, 3, 9, 7, 2, 4, 5, 11, 3, 11, 1, 9, 6, 6, 5, 6, 4, 5, 1, 9, 6, 7, 5, 11, 5, 5, 8, 10, 6, 7, 4, 5, 8, 3, 5, 8, 10, 14, 10, 7, 8, 7, 6, 8, 6, 7, 7, 13, 3, 3, 7, 7, 3, 3, 3, 8, 6, 14, 8, 8, 5, 8, 8, 4, 4, 5, 5, 16, 10, 11, 9, 4, 10, 11, 11, 8, 11, 7, 9, 8, 9, 12, 4, 7, 9, 11, 4, 3, 5, 9, 5, 8, 6, 12, 11, 9, 13, 5, 7, 4, 10, 9, 8, 12, 9, 8, 5, 13, 9, 14, 9, 16, 11, 14, 9, 5, 4, 4, 7, 11, 7, 8, 7, 6, 5, 7, 10, 9, 8, 6, 17, 8, 7, 8, 4, 10, 8, 11, 5, 12, 5, 6, 6, 7, 4, 8, 0, 8, 7, 9, 5, 5, 5, 12, 8, 7, 8, 4, 8, 5, 7, 4, 13, 7, 6, 4]}}}]]></graph_data><return_code><![CDATA[0]]></return_code></root>