<?xml version="1.0" encoding="utf-8"?><root><html_content><![CDATA[

      <div id="watch-actions-stats" class="watch-actions-stats-rats stats-cumulative top-selected-views" data-current-mode-css="stats-mode-daily" data-current-top-site-css="top-selected-views" data-current-metric-css="stats-metric-views">
        <div class="stats-header">
    <h1>
      <span class="stats-header-text yt-card-title">Video statistics</span>
<span class="stats-sub-header">Through May 22, 2017  
  <span class="yt-uix-clickcard">
    <button class="yt-uix-clickcard-target" aria-label="Learn more." aria-haspopup="true" data-position="topleft" type="button">
      <span class="yt-help-icon yt-sprite"></span>
    </button>
    <span class="yt-uix-clickcard-content" role="dialog" aria-label="Learn more." aria-describedby="322628700567777278">
      <button class="yt-uix-clickcard-close" aria-label="Close learn more dialog."></button>
      <p id="322628700567777278">The video statistics shown below are updated daily. They may lag behind the view count shown directly beneath the video, which updates many times a day.
      </p>
    </span>
  </span>

</span>
    </h1>

  </div>

        <table class="stats-bragbar-container yt-uix-button-group yt-uix-tabs" data-uix-tabs-selected-extra-class="yt-uix-button-toggled">
    <tr>
          <td class="stats-bragbar stats-bragbar-views yt-uix-button yt-uix-tabs-tab  yt-uix-tabs-selected yt-uix-button-toggled" data-uix-tabs-target-id="stats-chart-tab-views" data-top-site-css="top-selected-views" data-metric-css="stats-metric-views" style="border-bottom-color: #73c421">
    <span class="metric-label">Views</span>
    <div class="bragbar-metric-large">1,065,883,722</div>
  </td>

          <td class="stats-bragbar stats-bragbar-subscribers yt-uix-button yt-uix-tabs-tab " data-uix-tabs-target-id="stats-chart-tab-subscribers" data-top-site-css="top-selected-views" data-metric-css="stats-metric-subscribers" style="border-bottom-color: #e62117">
    <span class="metric-label">Subscriptions driven</span>
    <div class="bragbar-metric-large">617,884</div>
  </td>

          <td class="stats-bragbar stats-bragbar-shares yt-uix-button yt-uix-tabs-tab " data-uix-tabs-target-id="stats-chart-tab-shares" data-top-site-css="top-selected-views" data-metric-css="stats-metric-shares" style="border-bottom-color: #8882ef">
    <span class="metric-label">Shares</span>
    <div class="bragbar-metric-large">2,604,179</div>
  </td>

    </tr>
  </table>

  <div class="stats-charts-container">
      <div id="stats-chart-tab-views" class="stats-chart-menu ">
      </div>
      <div id="stats-chart-tab-subscribers" class="stats-chart-menu  hid">
      </div>
      <div id="stats-chart-tab-shares" class="stats-chart-menu  hid">
      </div>

    <div class="stats-chart-gviz"></div>

  </div>



  </div>

]]></html_content><return_code><![CDATA[0]]></return_code><graph_data><![CDATA[{"subscribers": {"daily": {"data": [647, 557, 403, 319, 227, 185, 162, 135, 150, 99, 125, 165, 268, 164, 189, 111, 81, 124, 112, 109, 92, 73, 91, 85, 110, 93, 91, 75, 82, 90, 77, 86, 176, 150, 196, 210, 172, 158, 258, 299, 258, 223, 211, 218, 204, 176, 198, 165, 129, 148, 160, 147, 173, 171, 174, 161, 176, 161, 138, 179, 163, 167, 150, 143, 171, 169, 139, 192, 171, 137, 119, 166, 156, 163, 168, 156, 228, 195, 191, 185, 193, 192, 220, 205, 186, 198, 214, 228, 292, 249, 228, 263, 283, 260, 264, 249, 268, 289, 316, 410, 466, 415, 424, 379, 367, 365, 418, 389, 386, 337, 344, 319, 373, 375, 386, 348, 378, 300, 277, 279, 334, 298, 325, 363, 298, 356, 364, 386, 419, 436, 400, 418, 476, 509, 608, 524, 604, 581, 613, 686, 700, 872, 911, 934, 853, 763, 796, 922, 960, 997, 1083, 988, 1034, 996, 1146, 1154, 1249, 1549, 2117, 2064, 1754, 1856, 1777, 1783, 1944, 1803, 1643, 1630, 1727, 1797, 1876, 2000, 1864, 1673, 1564, 1452, 1478, 1624, 1712, 1459, 1319, 1404, 1465, 1402, 1678, 1911, 1718, 1469, 1425, 1452, 1405, 1700, 1877, 1548, 1257, 1230, 1423, 1499, 1627, 1804, 1431, 1310, 1355, 1368, 1413, 1803, 1935, 1758, 1557, 1441, 1608, 1679, 1742, 1663, 1589, 1497, 1481, 1554, 1544, 1627, 1824, 1504, 1300, 1346, 1358, 1420, 1554, 1758, 1523, 1428, 1252, 1372, 1498, 1454, 1673, 1391, 1271, 1236, 1269, 1178, 1374, 1534, 1414, 1203, 1263, 1382, 1238, 1310, 1386, 1222, 1079, 1107, 1230, 1192, 1168, 1349, 1103, 1056, 1004, 1170, 1036, 1145, 1232, 1070, 945, 987, 962, 995, 1085, 1106, 957, 895, 956, 899, 969, 980, 985, 934, 837, 853, 978, 899, 911, 930, 936, 778, 807, 782, 828, 886, 831, 826, 768, 747, 833, 819, 810, 857, 802, 856, 909, 874, 837, 863, 840, 743, 794, 737, 735, 757, 830, 725, 652, 790, 809, 1064, 948, 838, 701, 685, 778, 751, 710, 738, 738, 723, 656, 721, 685, 715, 699, 693, 725, 644, 713, 663, 660, 631, 657, 658, 564, 622, 623, 621, 567, 626, 645, 620, 620, 628, 625, 653, 603, 583, 551, 544, 548, 485, 555, 634, 646, 637, 743, 712, 662, 645, 698, 699, 663, 588, 546, 554, 532, 570, 605, 503, 529, 494, 531, 542, 560, 571, 531, 494, 452, 481, 441, 498, 592, 493, 411, 374, 425, 366, 461, 510, 476, 415, 371, 389, 379, 455, 506, 445, 390, 382, 436, 432, 419, 485, 434, 408, 377, 385, 368, 437, 470, 411, 307, 336, 383, 410, 467, 515, 538, 496, 421, 396, 410, 525, 660, 647, 466, 412, 395, 382, 417, 458, 445, 387, 380, 363, 395, 446, 523, 355, 347, 336, 334, 362, 381, 431, 419, 378, 342, 365, 340, 396, 447, 363, 298, 344, 352, 377, 381, 458, 375, 374, 338, 606, 397, 424, 465, 389, 368, 362, 354, 381, 395, 406, 332, 378, 299, 294, 365, 418, 369, 369, 393, 392, 353, 397, 379, 397, 344, 345, 352, 325, 332, 392, 392, 373, 338, 306, 367, 336, 359, 418, 387, 355, 357, 335, 355, 422, 417, 559, 671, 560, 451, 417, 427, 475, 398, 317, 372, 394, 380, 366, 423, 344, 300, 336, 346, 268, 354, 393, 331, 292, 304, 304, 312, 341, 370, 297, 309, 343, 320, 336, 301, 372, 275, 250, 268, 260, 248, 315, 298, 279, 220, 247, 263, 271, 296, 335, 292, 249, 272, 252, 292, 256, 324, 280, 253, 336, 327, 357, 361, 311, 305, 228, 252, 275, 284, 284, 287, 249, 246, 238, 266, 270, 258, 297, 250, 229, 250, 272, 256, 266, 233, 220, 233, 238, 241, 272, 268, 315, 260, 248, 221, 267, 322, 278, 300, 227, 262, 210, 235, 239, 250, 282, 247, 259, 230, 243, 261, 259, 281, 252, 229, 201, 243, 224, 244, 269, 240, 221, 245, 232, 276, 261, 301, 202, 265, 277, 305, 321, 377, 341, 322, 299, 304, 293, 264, 315, 336, 247, 265, 292, 285, 309, 296, 311, 261, 274, 267, 261, 239, 268, 260, 213, 252, 253, 254, 270, 259, 257, 239, 241, 280, 257, 267, 268, 248, 221, 227, 258, 255, 252, 274, 217, 224, 243, 255, 273, 271, 268, 229, 247, 262, 236, 270, 264, 285, 296, 230, 252, 247, 244, 263, 275, 276, 239, 236, 245, 235, 220, 253, 253, 241, 235, 239, 219, 232, 252, 253, 215, 201, 220, 183, 206, 194, 226, 207, 187, 184, 181, 230, 238, 260, 207, 189, 196, 211, 199, 231, 243, 203, 180, 165, 172, 191, 196, 235, 195, 195, 175, 188, 207, 193, 232, 185, 164, 176, 168, 163, 204, 200, 207, 184, 191, 194, 176, 212, 222, 185, 146, 188, 162, 178, 211, 204, 200, 198, 174, 194, 186, 215, 251, 215, 196, 192, 224, 196, 200, 246, 168, 192, 189, 204, 241, 247, 308, 256, 228, 242, 220, 238, 257, 268, 232, 223, 224, 195, 236, 258, 280, 218, 218, 242, 249, 218, 250, 254, 198, 217, 218, 257, 242, 263, 249, 200, 214, 246, 228, 238, 248, 268, 247, 211, 236, 222, 239, 253, 247, 237, 244, 243, 224, 191, 224, 245, 213, 211, 224, 235, 197, 228, 233, 221, 245, 238, 223, 229, 289, 288, 251, 244, 226, 58, 217, 292, 286, 295, 256, 244, 252, 249, 299, 313, 257, 243, 258, 275, 274, 273, 269, 253, 230, 227, 272, 261, 265, 306, 280, 268, 250, 237, 247, 272, 253, 250, 219, 199, 227, 224, 232, 257, 236, 228, 225, 250, 237, 303, 295, 230, 204, 223, 237, 271, 299, 341, 255, 229, 248, 226, 232, 232, 300, 227, 220, 231, 234, 265, 229, 311, 265, 238, 212, 240, 194, 225, 281, 217, 205, 245, 320, 340, 293, 286, 257, 253, 229, 297, 274, 266, 302, 259, 217, 223, 209, 220, 246, 259, 254, 260, 224, 229, 223, 214, 260, 235, 196, 212, 253, 247, 267, 223, 188, 218, 197, 218, 232, 258, 259, 205, 221, 231, 234, 227, 222, 254, 242, 231, 213, 200, 221, 210, 256, 217, 217, 194, 198, 187, 231, 232, 195, 202, 206, 240, 268, 216, 238, 192, 233, 215, 215, 210, 205, 229, 185, 202, 172, 188, 212, 202, 255, 193, 219, 216, 195, 222, 210, 205, 194, 184, 211, 208, 201, 199, 225, 203, 198, 206, 200, 202, 180, 166, 176, 175, 156, 191, 162, 172, 166, 161, 153, 181, 174, 163, 191, 174, 147, 149, 157, 159, 216, 183, 193, 151, 149, 165, 156, 168, 192, 197, 139, 162, 179, 164, 135, 188, 256, 195, 212, 225, 217, 202, 209, 173, 154, 198, 191, 206, 206, 237, 250, 237, 280, 281, 246, 263, 254, 296, 230, 236, 224, 235, 241, 239, 281, 250, 206, 196, 226, 259, 276, 283, 197, 203, 206, 229, 239, 268, 233, 236, 197, 203, 229, 224, 261, 294, 222, 221, 217, 225, 263, 282, 324, 273, 260, 260, 270, 259, 282, 311, 290, 245, 223, 259, 284, 300, 313, 257, 239, 269, 265, 289, 310, 254, 232, 252, 215, 215, 215, 253, 278, 238, 225, 234, 226, 225, 237, 261, 226, 199, 209, 219, 237, 243, 276, 223, 255, 250, 241, 275, 280, 266, 241, 250, 268, 265, 264, 233, 248, 237, 250, 291, 351, 400, 333, 365, 275, 331, 314, 298, 303, 358, 295, 252, 278, 262, 302, 212, 186, 226, 198, 218, 233, 254, 245, 203, 237, 199, 250, 285, 263, 229, 256, 252, 215, 219, 193, 270, 231, 209, 261, 215, 210, 220, 231, 200, 305, 295, 218, 203, 247, 226, 193, 218, 241, 232, 216, 199, 195, 174, 206, 219, 182, 171, 194, 195, 227, 222, 252, 171, 187, 201, 207, 208, 218, 231, 206, 186, 187, 269, 208, 207, 277, 233, 176, 208, 207, 226, 222, 265, 262, 178, 184, 206, 199, 205, 203, 209, 142, 199, 188, 238, 219, 258, 189, 177, 190, 185, 200, 210, 210, 182, 197, 183, 208, 210, 190, 223, 199, 178, 153, 168, 191, 182, 202, 167, 197, 167, 167, 148, 175, 215, 185, 180, 182, 227, 219, 207, 184, 184, 161, 153, 142, 186, 176, 201, 172, 190, 205, 178, 183, 195, 224, 201, 170, 184, 200, 236, 212, 217, 191, 163, 166, 245, 200, 263, 219, 195, 203, 210, 212, 230, 196, 225, 211, 222, 214, 233, 210, 226, 253, 246, 219, 204, 177, 233, 223, 231, 233, 237, 219, 206, 179, 178, 247, 231, 222, 206, 186, 236, 265, 227, 223, 261, 214, 246, 197, 256, 198, 233, 213, 179, 205, 197, 235, 218, 203, 221, 242, 220, 229, 240, 230, 168, 229, 281, 220, 173, 224, 240, 213, 213, 205, 239, 194, 195, 183, 156, 247, 224, 212, 209, 205, 208, 175, 207, 210, 188, 226, 216, 225, 187, 180, 179, 202, 193, 245, 231, 199, 190, 191, 156, 147, 196, 208, 173, 190, 190, 206, 180, 199, 211, 215, 191, 163, 153, 175, 155, 214, 161, 176, 108, 115, 185, 177, 185, 163, 154, 164, 170, 154, 151, 210, 149, 124, 171, 171, 163, 191, 206, 186, 145, 143, 164, 162, 158, 220, 182, 163, 111, 130, 116, 158, 186, 137, 94, 86, 129, 120, 187, 191, 177, 130, 147, 170, 167, 160, 184, 179, 112, 144, 158, 140, 153, 192, 150, 139, 120, 122, 149, 187, 197, 161, 124, 161, 157, 172, 186, 218, 152, 150, 151, 152, 170, 195, 214, 171, 150, 165, 167, 164, 174, 210, 179, 159, 137, 157, 209, 163, 184, 163, 131, 145, 125, 166, 139, 179, 116, 150, 148, 155, 111, 148, 137, 156, 149, 163, 139, 154, 163, 157, 132, 135, 116, 177, 115, 384, 443, 186, 149, 166, 140, 135, 123, 158, 109, 131, 0, 0, 0, 0, 0, 0, 0, 0, 0, 0, 0, 126, 82, 116, 155, 163, 172, 218, 182, 200, 177, 189, 188, 202, 218, 197, 206, 158, 165, 175, 157, 203, 221, 197, 160, 177, 149, 199, 227, 197, 140, 155, 169, 165, 174, 179, 183, 182, 164, 141, 132, 149, 154, 198, 187, 117, 145, 159, 148, 182, 205, 112, 121, 162, 152, 147, 192, 204, 152, 115, 117, 124, 158, 180, 168, 151, 148, 126, 156, 171, 158, 167, 149, 136, 145, 136, 152, 173, 147, 126, 134, 173, 157, 136, 157, 172, 102, 146, 135, 164, 178, 178, 179, 133, 141, 114, 110, 171, 151, 152, 161, 142, 159, 164, 153, 190, 191, 141, 149, 133, 154, 112, 216, 230, 149, 142], "opt": {"chartArea": {"top": 30, "left": 60.0}, "legend": {"position": "none"}, "pointSize": 0, "tooltip": {"trigger": "none"}, "colors": ["#e62117"], "enableInteractivity": false, "hAxis": {"baselineColor": "transparent", "gridlines": {"color": "transparent"}, "textStyle": {"color": "#666"}, "slantedText": false, "viewWindow": {}}, "vAxis": {"gridlines": {"color": "#f0f0f0"}, "maxValue": 2118, "minValue": 0, "titleTextStyle": {"color": "#666"}, "baselineColor": "#e2e2e2", "textStyle": {"color": "#666"}}}}}, "views": {"daily": {"data": [181354, 287477, 217502, 198207, 166548, 157537, 144873, 126623, 124416, 120092, 106466, 114970, 231625, 213110, 171328, 154622, 150583, 142099, 131344, 126277, 107359, 108478, 102989, 83206, 83399, 81081, 80607, 75371, 105679, 119676, 124754, 128028, 280938, 193397, 191811, 209818, 209305, 212156, 213555, 211000, 220717, 253902, 252995, 256824, 265417, 258754, 236418, 240118, 221242, 244576, 242063, 257499, 256761, 242271, 245335, 243375, 253395, 262554, 261574, 262764, 234753, 232323, 242229, 235316, 253914, 298388, 291525, 286685, 277304, 263552, 279576, 308908, 354757, 371607, 341400, 353527, 369438, 386967, 406698, 461237, 473051, 427518, 451792, 472327, 500924, 406465, 422657, 448725, 428622, 446634, 446679, 425925, 454091, 512815, 517650, 476886, 497245, 496390, 513448, 539319, 597708, 591753, 511691, 517407, 527983, 532455, 556732, 588747, 598643, 515135, 544108, 576795, 586214, 606412, 665145, 664932, 640411, 625056, 567825, 544065, 551920, 582854, 583359, 571804, 697183, 529923, 622283, 662081, 739895, 750578, 673965, 691448, 723638, 801904, 913060, 942265, 994906, 883909, 869379, 946152, 995873, 1137493, 1384066, 1468360, 1306477, 1252210, 989336, 1263282, 1386103, 1594640, 1865624, 1545592, 1474783, 1467985, 1588816, 1686837, 1986660, 2209662, 2002661, 2001017, 2029542, 2159396, 2210334, 2524594, 2723484, 2333317, 2102312, 2048088, 2145741, 2132412, 2532563, 2722449, 2383651, 2168788, 2028427, 2021710, 2010640, 2331718, 2492614, 2036677, 1851709, 1866183, 1906849, 1952430, 2404235, 2660981, 2241847, 2010528, 2003790, 2004929, 2172971, 2560953, 2821756, 2278091, 1618834, 1568542, 1837550, 1903738, 2376071, 3048718, 2162095, 2178380, 2092572, 1971137, 2213731, 2466645, 2797757, 2403880, 2223795, 2462342, 2493843, 2603552, 2996110, 2797720, 2434127, 2579738, 2567437, 2127999, 1983251, 2112674, 2647156, 2311699, 2213498, 1691960, 2026516, 2136687, 2365187, 2566490, 2332884, 2204098, 2396593, 2273485, 2309204, 2500277, 2936111, 2546357, 2125453, 2043573, 2034606, 2183389, 2416803, 2566940, 2135327, 1767130, 1927945, 1940657, 1638407, 1889955, 1983930, 2183835, 1940356, 1787105, 1802818, 2092207, 2264124, 2385672, 1805466, 1614911, 1412306, 1371494, 1374207, 1538690, 1693113, 1512917, 1356985, 1343519, 1284922, 1285886, 1436288, 1610762, 1376440, 1252069, 1220670, 1266164, 1310387, 1405410, 1503356, 1300607, 1230635, 1252666, 1336420, 1331133, 1349957, 1429872, 1256972, 1136059, 1097812, 1017086, 1033172, 1094804, 1168909, 1001742, 957224, 971226, 980275, 986350, 1038013, 1074225, 962704, 939799, 947642, 1043298, 1135007, 1150797, 1238479, 1132767, 1201224, 1109887, 1104418, 1131612, 1163318, 1171905, 1029571, 1064266, 1032127, 1036388, 1053441, 1089018, 1063147, 942408, 991033, 958465, 965924, 958834, 1003191, 983448, 857693, 898551, 886023, 865926, 875972, 914811, 896616, 787111, 845068, 840392, 852715, 848997, 901020, 857438, 773666, 801703, 799780, 819115, 833802, 1171820, 1343277, 741901, 801905, 786669, 790071, 768315, 824203, 807822, 712954, 740174, 728759, 745757, 747758, 799673, 817965, 768328, 822625, 813255, 787595, 792828, 847666, 871510, 775912, 736761, 691640, 695446, 700913, 743943, 817717, 693378, 647527, 643391, 659495, 636121, 725373, 779981, 655490, 578702, 563905, 568496, 583513, 653869, 741616, 614904, 550049, 547905, 549384, 551604, 643999, 731303, 611976, 521233, 523544, 548625, 550037, 623297, 709505, 581955, 512371, 519198, 536309, 559456, 614992, 683944, 584516, 522327, 493220, 516565, 533866, 602621, 649589, 542397, 487111, 486436, 504754, 526218, 591572, 642563, 552558, 506947, 501219, 499730, 516799, 583532, 633377, 555117, 478450, 464559, 471855, 475314, 554469, 623254, 502506, 466962, 435487, 450468, 466233, 520905, 597875, 485392, 420708, 416203, 430631, 433250, 490486, 543484, 471036, 417806, 412448, 440306, 450991, 487079, 523778, 423141, 390284, 419894, 437216, 437513, 487269, 550388, 450488, 406174, 397816, 427670, 422107, 464821, 516492, 431953, 381975, 378714, 401087, 422469, 452335, 468398, 415749, 436112, 457185, 388951, 418131, 437970, 447988, 419106, 461894, 661234, 397145, 442544, 451769, 455639, 401629, 395144, 428093, 489482, 486258, 533298, 584686, 492220, 462005, 458271, 498180, 478906, 452856, 503527, 431527, 406184, 403780, 400164, 406342, 459954, 494172, 536270, 623913, 529729, 479313, 464292, 490034, 527137, 439571, 405419, 397832, 402419, 405145, 430041, 481287, 393419, 357720, 354854, 384046, 385083, 414637, 451495, 378987, 350149, 348337, 364540, 368862, 419248, 450594, 373983, 345613, 342070, 352516, 373496, 419203, 436315, 344210, 323929, 324025, 321502, 320419, 356134, 375196, 304443, 290617, 283554, 288039, 308261, 331469, 380778, 314954, 288951, 281574, 289669, 313333, 325648, 381572, 321074, 293739, 301915, 303714, 313654, 338345, 347623, 287896, 251464, 246770, 270776, 276198, 308543, 338242, 278318, 254401, 264684, 279190, 270379, 310003, 334354, 284374, 276032, 278840, 284047, 295242, 290182, 299182, 265816, 265540, 265319, 267599, 279537, 319792, 353892, 303461, 284943, 288287, 319136, 335484, 341573, 335676, 286824, 268827, 279737, 297176, 305807, 332972, 355038, 298443, 334715, 345586, 348467, 358600, 376455, 396852, 339262, 327253, 330273, 334610, 339689, 359755, 358189, 314868, 303195, 327672, 356643, 378712, 399767, 403099, 341791, 352712, 378429, 417732, 425464, 461621, 468972, 406080, 415913, 416829, 429949, 407243, 421462, 434350, 368360, 377990, 385720, 398415, 417296, 435938, 425427, 380765, 391273, 404761, 403786, 408001, 444736, 395966, 352167, 384037, 384365, 408864, 419878, 400580, 390227, 355165, 394833, 396957, 394755, 421320, 435132, 412366, 346160, 396852, 411130, 414260, 414823, 432055, 397187, 344121, 378617, 400960, 409316, 415411, 432367, 426527, 367214, 411001, 410780, 398798, 408290, 461912, 440851, 382583, 413277, 414516, 407614, 416220, 449377, 436379, 390231, 417798, 408369, 414331, 424405, 441441, 428531, 376822, 398647, 397350, 399494, 412982, 421942, 426127, 380639, 369647, 385024, 392352, 398526, 421895, 429011, 373417, 376238, 370893, 395925, 403987, 432041, 458401, 388673, 374023, 388531, 398329, 411624, 419765, 434061, 370387, 348725, 339249, 343322, 291853, 385830, 422674, 350109, 347360, 371864, 399408, 400127, 417548, 437922, 368580, 346653, 332462, 354957, 382443, 413211, 443459, 378504, 355675, 367928, 377810, 383351, 410656, 435642, 375815, 359329, 351835, 371342, 387283, 429414, 455161, 388082, 373213, 384730, 389018, 404212, 465340, 490521, 431099, 418415, 430697, 443220, 456648, 485040, 506423, 459054, 423927, 428476, 447356, 478619, 521932, 574629, 488490, 465888, 478538, 490313, 525570, 553282, 596310, 507920, 476461, 478370, 495891, 504754, 549385, 591114, 504649, 477481, 490288, 517415, 518957, 546842, 571530, 490865, 485447, 513543, 521591, 542451, 577458, 615239, 529322, 507349, 523105, 538143, 543406, 567457, 604331, 509595, 490554, 491272, 440004, 534465, 587014, 595292, 533780, 538326, 569827, 574645, 471246, 532051, 531084, 489679, 543362, 572237, 739441, 467133, 540957, 551630, 494989, 514077, 514021, 514921, 522212, 581657, 651404, 527466, 494574, 524310, 539055, 547213, 598602, 646684, 564012, 555552, 535885, 543227, 558760, 608176, 651534, 547348, 546406, 567263, 580746, 595294, 637795, 654328, 549355, 535561, 548972, 565771, 592755, 615292, 654681, 561924, 546135, 564192, 574386, 583729, 616206, 632422, 544641, 542095, 537975, 541137, 563955, 606198, 635433, 541216, 531646, 551786, 556202, 587605, 625749, 658449, 563304, 546386, 559566, 562363, 598995, 644017, 695486, 542708, 531362, 546148, 541518, 547286, 583054, 641013, 535586, 523569, 509223, 534246, 571123, 593636, 664326, 557527, 526405, 534518, 554348, 561521, 615374, 639843, 532837, 531177, 523734, 611941, 653052, 634169, 637625, 567739, 573876, 572060, 561701, 578891, 588682, 635822, 549674, 523487, 530446, 540529, 562308, 609282, 636951, 552307, 532326, 535035, 532588, 543568, 573503, 611493, 532533, 503512, 519885, 535525, 572161, 619424, 579416, 518021, 510343, 497475, 495617, 518482, 551346, 586543, 501475, 497321, 507202, 515237, 540570, 561761, 570856, 509922, 497407, 519464, 506792, 505004, 524578, 545525, 482841, 467690, 453167, 457265, 465109, 498517, 514483, 452951, 445528, 472499, 492231, 506337, 505231, 505748, 449897, 448975, 473872, 481183, 489809, 510458, 517138, 456872, 455009, 462258, 473002, 473449, 503658, 512991, 450365, 472912, 490545, 487257, 495915, 510014, 498126, 444305, 456672, 466267, 462988, 478687, 489126, 469133, 425840, 455271, 464195, 473099, 487296, 488166, 472049, 411221, 440771, 443431, 449298, 460360, 484486, 469646, 419587, 439275, 442491, 445466, 443805, 447931, 428656, 372085, 404422, 421373, 453919, 457472, 483880, 472494, 404261, 428222, 435236, 434657, 452354, 470936, 446382, 401874, 431096, 441349, 441685, 456020, 477751, 474520, 427432, 447172, 461730, 471108, 453028, 474166, 468519, 357600, 428375, 438336, 438227, 455926, 505293, 479493, 431663, 440379, 464566, 461538, 451273, 477010, 506130, 435408, 426454, 423040, 434267, 443136, 467988, 502664, 431413, 409498, 409001, 429229, 479488, 531098, 529875, 446076, 420655, 432651, 451494, 461287, 510458, 511489, 433033, 407888, 410742, 430296, 438536, 491113, 522341, 456061, 433804, 454728, 467733, 531039, 605294, 650109, 554160, 537026, 548111, 576969, 578551, 620921, 643725, 549145, 529078, 535264, 567947, 601590, 653375, 660027, 565991, 549853, 542028, 557194, 583796, 625207, 591660, 513872, 503427, 491987, 502525, 516952, 561862, 600075, 505265, 486177, 518225, 536102, 537946, 557180, 582521, 500942, 480415, 482458, 491808, 529960, 566419, 593258, 509763, 495529, 543453, 567483, 587106, 594550, 605093, 518057, 530424, 600965, 607802, 631874, 642908, 639562, 561469, 579349, 651767, 813057, 856947, 865900, 853243, 728286, 769009, 780659, 784914, 763109, 788179, 755607, 625977, 688791, 689518, 704847, 640017, 494246, 549972, 509267, 595604, 623292, 684517, 884086, 526386, 581883, 550967, 665503, 707446, 705760, 668479, 644248, 657484, 570105, 589954, 618877, 630334, 623528, 694057, 703948, 574424, 639155, 670890, 669868, 657515, 713265, 730741, 619987, 645093, 673670, 659045, 631839, 681211, 693339, 590387, 606093, 599898, 609378, 625558, 660621, 670856, 555075, 570655, 600761, 617669, 637504, 688242, 712531, 600358, 633201, 639303, 651078, 662041, 713269, 731355, 624540, 659282, 652548, 618329, 626024, 697320, 684481, 583483, 604099, 645066, 658186, 650759, 705593, 720309, 642191, 646207, 592518, 578953, 598284, 635699, 694004, 574548, 611427, 635146, 664923, 683019, 685575, 718510, 603153, 589587, 565719, 581912, 592277, 551466, 585414, 536968, 537696, 530614, 547045, 547959, 585284, 599460, 504257, 502398, 506750, 499845, 512430, 571237, 595129, 501866, 449392, 489677, 478485, 514619, 546341, 585157, 471436, 474270, 508572, 518114, 529959, 547229, 559304, 467579, 431007, 452188, 444797, 457469, 497821, 507185, 436437, 446217, 478916, 487839, 517242, 545584, 548305, 519425, 441468, 478817, 496724, 520090, 543758, 569558, 497451, 467819, 471997, 497277, 492718, 528564, 546334, 480912, 469493, 507813, 526961, 529621, 553562, 542677, 505309, 586770, 542151, 530456, 509201, 543382, 619818, 553523, 540929, 502544, 510879, 520954, 524161, 559353, 497238, 518538, 503087, 493159, 491215, 510352, 541094, 483590, 502979, 491477, 496487, 531022, 560476, 524966, 451617, 498544, 506443, 529315, 538427, 547018, 528375, 475242, 520621, 504394, 512231, 512838, 546493, 546713, 474376, 534088, 527493, 518242, 522271, 538982, 530065, 482215, 545506, 547899, 542617, 532668, 561988, 551027, 490716, 520784, 538151, 539527, 489082, 501271, 494563, 415175, 477652, 488166, 497054, 465926, 499887, 486940, 422084, 475853, 474795, 478076, 485127, 514547, 514123, 450799, 461829, 473516, 485014, 487670, 525459, 512933, 452260, 468464, 447212, 447316, 451030, 497331, 510447, 460856, 470892, 472466, 482253, 479165, 522952, 530813, 459879, 417773, 413442, 422653, 445788, 489836, 532457, 467275, 429920, 420204, 423214, 448540, 487905, 530189, 432799, 404582, 418969, 426641, 431586, 494209, 546912, 453620, 412341, 416925, 422350, 433679, 504676, 537369, 445959, 416762, 411764, 433946, 430294, 432040, 520592, 429492, 374257, 337593, 347225, 339720, 379324, 436348, 357792, 313394, 317618, 336445, 338718, 385063, 410938, 343689, 313951, 328817, 353302, 369666, 405965, 424378, 364686, 341161, 346440, 362414, 375999, 412237, 453801, 377582, 344569, 345298, 361931, 399600, 455321, 469194, 375369, 365126, 374195, 386869, 398690, 437327, 456482, 376887, 355445, 357296, 381694, 389430, 440715, 475377, 394004, 357023, 370332, 362796, 382182, 441386, 486783, 400368, 359577, 354245, 378373, 397352, 414179, 435442, 360694, 329178, 338042, 348075, 364793, 402872, 435435, 344504, 343962, 352983, 361398, 386896, 396329, 403719, 326684, 343615, 358465, 394179, 408423, 417485, 573832, 334225, 350455, 347715, 360663, 378324, 538722, 557962, 412359, 373684, 372598, 388391, 376761, 429205, 515705, 409126, 389130, 389776, 378187, 392518, 419912, 477367, 389824, 345961, 354720, 361256, 376668, 414836, 346111, 282486, 290756, 352099, 361123, 377956, 443723, 597774, 489062, 454130, 454772, 444788, 421777, 472029, 503655, 423652, 367674, 361401, 374267, 384363, 442145, 494243, 393268, 362659, 365387, 356506, 415812, 467915, 492669, 396762, 370529, 378511, 375319, 411458, 474633, 504790, 418325, 370720, 362317, 373186, 382863, 421956, 484401, 400058, 344005, 374943, 383308, 389626, 433610, 504051, 372808, 348844, 366947, 371018, 374014, 422910, 483678, 389034, 338857, 346523, 361275, 381385, 436334, 462729, 385271, 359384, 347651, 371872, 406506, 444446, 471545, 395784, 371976, 370670, 373930, 387816, 405217, 415152, 355636, 344192, 340183, 342327, 372810, 402435, 419426, 328061, 302753, 320212, 335702, 364371, 408515, 430156, 369343, 368150, 331308, 338751, 346623, 404318, 439838, 356849, 337353, 344796, 355821, 365601, 411562, 442926, 372047, 328586, 335405, 345377, 375132, 457713, 487827, 387886, 349431], "opt": {"chartArea": {"top": 30, "left": 81.0}, "legend": {"position": "none"}, "pointSize": 0, "tooltip": {"trigger": "none"}, "colors": ["#73c421"], "enableInteractivity": false, "hAxis": {"baselineColor": "transparent", "gridlines": {"color": "transparent"}, "textStyle": {"color": "#666"}, "slantedText": false, "viewWindow": {}}, "vAxis": {"gridlines": {"color": "#f0f0f0"}, "maxValue": 3048719, "minValue": 0, "titleTextStyle": {"color": "#666"}, "baselineColor": "#e2e2e2", "textStyle": {"color": "#666"}}}}}, "shares": {"daily": {"data": [1856, 1730, 1078, 701, 546, 500, 480, 307, 397, 328, 260, 280, 937, 738, 464, 401, 355, 243, 282, 236, 307, 268, 270, 301, 275, 234, 342, 244, 329, 271, 242, 254, 780, 502, 490, 466, 420, 437, 440, 480, 518, 618, 608, 510, 519, 432, 388, 487, 458, 701, 722, 663, 596, 670, 670, 693, 520, 501, 533, 469, 473, 468, 493, 453, 522, 596, 434, 631, 595, 543, 550, 624, 664, 586, 665, 657, 869, 853, 835, 848, 733, 724, 817, 855, 785, 672, 801, 852, 970, 1042, 1039, 940, 1005, 1081, 993, 1066, 1110, 1170, 1106, 1104, 1043, 986, 1009, 1095, 1128, 1146, 1282, 1056, 1053, 1048, 1130, 1085, 1196, 1217, 1267, 1198, 1176, 1043, 831, 1051, 1103, 1238, 1222, 1291, 1010, 955, 1314, 1506, 1643, 1548, 1477, 1672, 1899, 2121, 2162, 2337, 2146, 2041, 2232, 2608, 2470, 2871, 3330, 3004, 2819, 2930, 2676, 3096, 3383, 3728, 3697, 3512, 3695, 3696, 3901, 4216, 4404, 4524, 4980, 5718, 5165, 5088, 5130, 5359, 5382, 4851, 4920, 4594, 5041, 4600, 5215, 5615, 5072, 4714, 4775, 4462, 4461, 4736, 4784, 4399, 4451, 4320, 4309, 4560, 5923, 5871, 5644, 5555, 4769, 4566, 4673, 4693, 5374, 4944, 4643, 4212, 4511, 4779, 5370, 5423, 4936, 5006, 4824, 4973, 4931, 5504, 5687, 5734, 5528, 5142, 5317, 5686, 5453, 5175, 4609, 4779, 5016, 4652, 4699, 5071, 5060, 5014, 4578, 4486, 4270, 4199, 4492, 4450, 4242, 4117, 3894, 3760, 3807, 3853, 4057, 3850, 3639, 3430, 3253, 3218, 3615, 3559, 3443, 3227, 3126, 3120, 3144, 2964, 2930, 2752, 2835, 2938, 2715, 2789, 2826, 2966, 2571, 2627, 2437, 2449, 2431, 2512, 2630, 2558, 2443, 2326, 2308, 2321, 2391, 2460, 2292, 2138, 2129, 2003, 2086, 2149, 2022, 1903, 1970, 1791, 1813, 1800, 1892, 1888, 1826, 1738, 1680, 1730, 1645, 1672, 1571, 1496, 1607, 1649, 1645, 1602, 1623, 1698, 1621, 1664, 1594, 1611, 1541, 1610, 1656, 1466, 1513, 1464, 1418, 1464, 1417, 1477, 1321, 1362, 1275, 1324, 1358, 1469, 1290, 1220, 1353, 1248, 1282, 1364, 1360, 1257, 1190, 1270, 1191, 1179, 955, 1264, 1204, 1069, 1178, 1133, 1089, 1209, 1123, 1184, 999, 1026, 1105, 1005, 1042, 1069, 1061, 955, 995, 1008, 1046, 988, 1079, 1075, 941, 958, 942, 936, 930, 1039, 1021, 1043, 1023, 1142, 1022, 980, 1081, 1074, 979, 945, 843, 922, 953, 904, 944, 832, 738, 783, 840, 813, 873, 893, 804, 779, 805, 779, 581, 855, 811, 717, 715, 659, 665, 652, 737, 746, 709, 630, 587, 575, 643, 629, 743, 631, 523, 671, 579, 642, 688, 654, 607, 606, 557, 549, 574, 624, 598, 596, 568, 574, 556, 573, 601, 725, 629, 633, 596, 524, 569, 637, 742, 756, 559, 497, 515, 544, 590, 555, 569, 541, 513, 540, 979, 1535, 1731, 1551, 1318, 1294, 1369, 1304, 1434, 1569, 1388, 1371, 1286, 1319, 1273, 1442, 1399, 1144, 1114, 1177, 1242, 1233, 1352, 1524, 1204, 1314, 1138, 1267, 1213, 1333, 1428, 1218, 1145, 1096, 1135, 1116, 1173, 1152, 1108, 1085, 968, 887, 1086, 1154, 1118, 1162, 1196, 1411, 1026, 1111, 1247, 1279, 1069, 1078, 1019, 1089, 1041, 1195, 1126, 1031, 964, 1000, 1016, 1020, 1114, 1150, 1041, 954, 1039, 985, 1018, 1145, 1135, 1344, 1797, 1492, 1297, 1213, 1204, 1235, 1027, 1028, 939, 1071, 947, 1004, 1095, 909, 900, 875, 904, 809, 806, 947, 763, 736, 764, 854, 765, 912, 919, 874, 786, 795, 816, 689, 858, 877, 743, 739, 726, 755, 762, 807, 824, 685, 663, 658, 643, 667, 707, 738, 641, 632, 657, 640, 615, 703, 798, 656, 730, 698, 709, 724, 784, 699, 649, 545, 564, 628, 589, 646, 661, 578, 529, 557, 631, 548, 677, 467, 442, 440, 478, 560, 510, 513, 589, 484, 526, 518, 537, 611, 633, 611, 541, 554, 552, 594, 526, 596, 550, 464, 490, 556, 481, 567, 681, 582, 565, 514, 582, 496, 533, 552, 556, 431, 452, 428, 460, 534, 529, 614, 506, 445, 503, 493, 599, 603, 533, 436, 492, 545, 523, 585, 620, 681, 582, 557, 582, 590, 558, 546, 596, 513, 548, 498, 514, 575, 616, 555, 500, 496, 516, 522, 480, 543, 495, 476, 447, 466, 536, 549, 563, 524, 521, 495, 491, 482, 502, 517, 491, 407, 434, 437, 457, 481, 525, 479, 464, 495, 422, 440, 556, 506, 513, 440, 452, 476, 485, 517, 517, 502, 444, 434, 488, 489, 434, 456, 460, 376, 389, 515, 467, 505, 499, 512, 517, 454, 473, 487, 471, 398, 438, 415, 464, 443, 474, 392, 469, 462, 411, 395, 399, 420, 427, 468, 461, 379, 390, 424, 442, 393, 403, 404, 342, 318, 333, 356, 335, 357, 420, 375, 366, 366, 408, 444, 375, 415, 391, 334, 317, 290, 288, 361, 329, 275, 292, 294, 281, 314, 310, 330, 307, 328, 264, 279, 274, 306, 337, 277, 286, 264, 311, 318, 415, 390, 360, 355, 334, 327, 360, 364, 413, 391, 366, 361, 353, 407, 422, 459, 385, 314, 341, 380, 387, 456, 433, 342, 353, 360, 343, 347, 397, 456, 378, 385, 344, 372, 386, 429, 449, 362, 334, 415, 350, 347, 461, 419, 360, 348, 338, 364, 385, 448, 431, 335, 288, 337, 340, 361, 346, 403, 310, 329, 325, 320, 264, 354, 351, 305, 342, 339, 362, 238, 324, 323, 309, 309, 291, 313, 311, 380, 392, 343, 302, 314, 97, 286, 404, 354, 333, 382, 277, 302, 353, 491, 589, 572, 526, 568, 634, 675, 655, 622, 526, 545, 580, 586, 655, 637, 707, 623, 582, 603, 549, 536, 613, 547, 504, 505, 489, 573, 627, 636, 655, 582, 520, 514, 511, 556, 611, 608, 545, 473, 627, 921, 838, 910, 934, 842, 810, 780, 833, 773, 823, 965, 791, 713, 866, 743, 885, 892, 905, 865, 835, 810, 810, 868, 849, 760, 751, 597, 654, 1224, 1250, 1184, 1020, 911, 825, 822, 785, 1005, 1028, 1047, 784, 776, 832, 912, 920, 896, 970, 874, 884, 844, 851, 828, 834, 860, 806, 726, 787, 784, 811, 939, 785, 774, 676, 677, 662, 678, 862, 857, 745, 708, 831, 1048, 1052, 1093, 1129, 1121, 1037, 1074, 1071, 1078, 1126, 1046, 1064, 1028, 945, 930, 1034, 1038, 1132, 1074, 987, 1074, 1060, 1104, 1080, 1141, 998, 984, 1087, 1056, 1098, 1159, 1189, 1128, 1050, 1093, 1119, 1006, 1158, 1183, 1108, 1090, 1113, 1139, 1109, 1190, 1239, 1123, 1110, 1107, 1086, 1164, 1114, 1080, 1171, 1065, 1133, 1156, 1221, 1241, 1132, 1113, 1075, 1078, 1070, 1130, 1202, 1143, 1092, 1107, 1057, 1199, 1195, 1129, 1093, 1009, 1019, 1088, 1117, 1066, 1125, 1087, 1056, 1064, 1109, 1044, 1108, 1213, 1102, 1065, 1074, 1109, 1131, 1207, 1358, 1392, 1400, 1430, 1290, 1280, 1276, 1205, 1188, 1037, 1098, 1161, 1181, 1198, 1244, 1254, 1211, 1317, 1365, 1299, 1273, 1260, 1289, 1297, 1194, 1136, 1178, 1199, 1272, 1366, 1314, 1144, 1137, 1238, 1270, 1156, 1228, 1293, 1080, 1167, 1183, 1123, 1284, 1271, 1173, 1118, 1144, 1211, 1269, 1349, 1450, 1353, 1234, 1246, 1241, 1385, 1492, 1543, 1406, 1300, 1345, 1391, 1472, 1551, 1587, 1369, 1368, 1378, 1572, 1415, 1542, 1565, 1444, 1309, 1307, 1276, 1454, 1416, 1215, 1216, 1176, 1164, 1189, 1293, 1285, 1368, 1346, 1196, 1210, 1299, 1318, 1270, 1455, 1370, 1184, 1274, 1267, 1365, 1404, 1549, 1476, 1240, 1243, 1364, 1412, 1506, 1409, 1402, 1205, 1340, 1330, 1397, 1372, 1406, 1406, 1293, 1416, 1422, 1559, 1435, 1518, 1466, 1279, 1437, 1354, 1438, 1496, 1538, 1407, 1433, 1498, 1561, 1299, 1301, 1418, 1220, 1276, 1436, 1586, 1530, 1329, 1408, 1346, 1407, 1357, 1458, 1406, 1535, 1552, 1503, 1372, 1381, 1415, 1455, 1520, 1770, 1603, 1509, 1530, 1670, 1595, 1603, 1761, 1669, 1492, 1614, 1557, 1642, 1760, 1688, 1723, 1719, 1514, 1629, 1526, 1603, 1687, 1569, 1429, 1401, 1414, 1500, 1576, 1648, 1478, 1350, 1384, 1480, 1506, 1639, 1683, 1588, 1407, 1598, 1571, 1555, 1762, 1773, 1656, 1376, 1434, 1513, 1650, 1827, 1737, 1899, 1538, 1611, 1531, 1681, 1614, 1832, 1698, 1699, 1645, 1723, 1720, 1686, 1840, 1721, 1668, 1635, 1648, 1677, 1580, 1678, 1627, 1693, 1550, 1715, 1570, 1659, 1723, 1772, 1569, 1553, 1548, 1716, 1766, 1917, 1710, 1522, 1518, 1521, 1487, 1606, 1648, 1639, 1366, 1434, 1506, 1598, 1683, 1724, 1658, 1488, 1537, 1493, 1763, 1811, 1955, 1861, 1731, 1704, 1864, 2027, 2043, 2068, 2049, 1829, 1904, 2029, 2107, 2113, 2334, 2182, 1992, 2048, 2092, 2178, 2199, 2324, 2195, 1874, 2202, 2202, 2228, 2271, 2336, 2313, 2125, 2174, 2097, 2207, 2365, 2495, 2435, 2180, 2097, 2356, 2180, 2222, 2432, 2392, 2259, 2257, 2290, 2272, 2193, 2279, 2315, 2311, 2252, 2224, 2346, 2431, 2325, 2220, 2201, 2343, 2405, 2467, 2575, 2488, 2479, 2449, 2405, 2458, 2593, 2675, 2575, 2351, 2520, 2500, 2350, 2467, 2310, 2236, 2284, 2125, 2254, 2297, 2217, 2453, 2288, 2314, 2285, 2411, 2249, 2365, 2286, 2332, 2213, 2323, 2379, 2245, 2229, 2271, 2201, 2192, 2107, 2186, 2133, 2259, 2353, 2365, 2311, 2101, 2169, 2441, 2263, 2305, 2291, 2180, 2126, 2006, 2042, 1944, 2260, 2225, 2218, 2028, 2057, 2227, 2150, 2319, 2356, 2419, 2055, 1945, 1944, 2136, 2158, 2367, 2331, 2099, 2090, 2055, 2128, 2357, 2541, 2301, 1980, 1881, 2075, 2126, 2228, 2426, 2510, 2016, 2105, 2148, 2177, 2348, 2462, 2326, 2001, 1955, 2139, 2208, 2046, 2558, 2306, 1899, 1782, 1739, 1627, 1713, 2032, 1948, 1648, 1683, 1775, 1980, 2075, 2271, 1965, 1801, 1896, 2018, 2059, 2076, 2136, 2068, 1782, 1894, 1904, 1904, 2140, 2332, 2160, 1766, 1770, 1979, 2010, 2289, 2544, 2509, 2320, 2368, 2403, 2523, 2549, 2645, 2409, 2113, 2141, 2204, 2375, 2872, 2932, 2717, 2421, 2383, 2292, 2486, 2535, 2693, 2682, 2160, 2085, 2237, 2369, 2290, 2732, 2379, 2196, 2147, 2122, 2225, 2491, 2491, 2339, 2193, 2397, 2442, 2505, 2526, 2447, 2473, 2531, 2609, 2618, 2814, 2862, 2696, 2270, 2472, 2459, 2621, 2565, 4341, 4083, 3312, 2672, 2535, 2752, 2579, 2847, 3293, 2837, 2471, 2459, 2531, 2699, 2636, 2840, 2757, 2284, 2277, 2430, 2542, 2439, 2055, 1932, 2046, 2457, 2611, 2582, 2673, 2998, 2876, 2503, 2425, 2531, 2644, 2722, 3184, 2939, 2398, 2312, 2468, 2573, 2911, 3222, 2866, 2629, 2594, 2675, 2933, 3305, 3185, 2975, 2527, 2521, 2381, 2642, 2825, 3198, 3174, 2657, 2543, 2520, 2563, 2750, 3059, 2744, 2277, 2365, 2538, 2503, 2680, 3098, 2808, 2319, 2472, 2492, 2398, 2505, 3042, 2786, 2334, 2324, 2517, 2572, 2875, 3046, 2854, 2388, 2435, 2627, 2778, 3088, 2985, 2937, 2474, 2511, 2666, 2759, 2683, 2646, 2505, 2487, 2441, 2353, 2571, 2648, 2743, 2484, 2304, 2387, 2503, 2685, 2814, 2850, 2771, 2772, 2354, 2396, 2462, 2645, 2821, 2666, 2340, 2310, 2369, 2514, 2753, 2845, 2870, 2471, 2502, 2598, 2848, 3119, 3272, 2936, 2505], "opt": {"chartArea": {"top": 30, "left": 60.0}, "legend": {"position": "none"}, "pointSize": 0, "tooltip": {"trigger": "none"}, "colors": ["#8882ef"], "enableInteractivity": false, "hAxis": {"baselineColor": "transparent", "gridlines": {"color": "transparent"}, "textStyle": {"color": "#666"}, "slantedText": false, "viewWindow": {}}, "vAxis": {"gridlines": {"color": "#f0f0f0"}, "maxValue": 5924, "minValue": 0, "titleTextStyle": {"color": "#666"}, "baselineColor": "#e2e2e2", "textStyle": {"color": "#666"}}}}}, "day": {"data": [1346223600000, 1346310000000, 1346396400000, 1346482800000, 1346569200000, 1346655600000, 1346742000000, 1346828400000, 1346914800000, 1347001200000, 1347087600000, 1347174000000, 1347260400000, 1347346800000, 1347433200000, 1347519600000, 1347606000000, 1347692400000, 1347778800000, 1347865200000, 1347951600000, 1348038000000, 1348124400000, 1348210800000, 1348297200000, 1348383600000, 1348470000000, 1348556400000, 1348642800000, 1348729200000, 1348815600000, 1348902000000, 1348988400000, 1349074800000, 1349161200000, 1349247600000, 1349334000000, 1349420400000, 1349506800000, 1349593200000, 1349679600000, 1349766000000, 1349852400000, 1349938800000, 1350025200000, 1350111600000, 1350198000000, 1350284400000, 1350370800000, 1350457200000, 1350543600000, 1350630000000, 1350716400000, 1350802800000, 1350889200000, 1350975600000, 1351062000000, 1351148400000, 1351234800000, 1351321200000, 1351407600000, 1351494000000, 1351580400000, 1351666800000, 1351753200000, 1351839600000, 1351926000000, 1352012400000, 1352102400000, 1352188800000, 1352275200000, 1352361600000, 1352448000000, 1352534400000, 1352620800000, 1352707200000, 1352793600000, 1352880000000, 1352966400000, 1353052800000, 1353139200000, 1353225600000, 1353312000000, 1353398400000, 1353484800000, 1353571200000, 1353657600000, 1353744000000, 1353830400000, 1353916800000, 1354003200000, 1354089600000, 1354176000000, 1354262400000, 1354348800000, 1354435200000, 1354521600000, 1354608000000, 1354694400000, 1354780800000, 1354867200000, 1354953600000, 1355040000000, 1355126400000, 1355212800000, 1355299200000, 1355385600000, 1355472000000, 1355558400000, 1355644800000, 1355731200000, 1355817600000, 1355904000000, 1355990400000, 1356076800000, 1356163200000, 1356249600000, 1356336000000, 1356422400000, 1356508800000, 1356595200000, 1356681600000, 1356768000000, 1356854400000, 1356940800000, 1357027200000, 1357113600000, 1357200000000, 1357286400000, 1357372800000, 1357459200000, 1357545600000, 1357632000000, 1357718400000, 1357804800000, 1357891200000, 1357977600000, 1358064000000, 1358150400000, 1358236800000, 1358323200000, 1358409600000, 1358496000000, 1358582400000, 1358668800000, 1358755200000, 1358841600000, 1358928000000, 1359014400000, 1359100800000, 1359187200000, 1359273600000, 1359360000000, 1359446400000, 1359532800000, 1359619200000, 1359705600000, 1359792000000, 1359878400000, 1359964800000, 1360051200000, 1360137600000, 1360224000000, 1360310400000, 1360396800000, 1360483200000, 1360569600000, 1360656000000, 1360742400000, 1360828800000, 1360915200000, 1361001600000, 1361088000000, 1361174400000, 1361260800000, 1361347200000, 1361433600000, 1361520000000, 1361606400000, 1361692800000, 1361779200000, 1361865600000, 1361952000000, 1362038400000, 1362124800000, 1362211200000, 1362297600000, 1362384000000, 1362470400000, 1362556800000, 1362643200000, 1362729600000, 1362816000000, 1362902400000, 1362985200000, 1363071600000, 1363158000000, 1363244400000, 1363330800000, 1363417200000, 1363503600000, 1363590000000, 1363676400000, 1363762800000, 1363849200000, 1363935600000, 1364022000000, 1364108400000, 1364194800000, 1364281200000, 1364367600000, 1364454000000, 1364540400000, 1364626800000, 1364713200000, 1364799600000, 1364886000000, 1364972400000, 1365058800000, 1365145200000, 1365231600000, 1365318000000, 1365404400000, 1365490800000, 1365577200000, 1365663600000, 1365750000000, 1365836400000, 1365922800000, 1366009200000, 1366095600000, 1366182000000, 1366268400000, 1366354800000, 1366441200000, 1366527600000, 1366614000000, 1366700400000, 1366786800000, 1366873200000, 1366959600000, 1367046000000, 1367132400000, 1367218800000, 1367305200000, 1367391600000, 1367478000000, 1367564400000, 1367650800000, 1367737200000, 1367823600000, 1367910000000, 1367996400000, 1368082800000, 1368169200000, 1368255600000, 1368342000000, 1368428400000, 1368514800000, 1368601200000, 1368687600000, 1368774000000, 1368860400000, 1368946800000, 1369033200000, 1369119600000, 1369206000000, 1369292400000, 1369378800000, 1369465200000, 1369551600000, 1369638000000, 1369724400000, 1369810800000, 1369897200000, 1369983600000, 1370070000000, 1370156400000, 1370242800000, 1370329200000, 1370415600000, 1370502000000, 1370588400000, 1370674800000, 1370761200000, 1370847600000, 1370934000000, 1371020400000, 1371106800000, 1371193200000, 1371279600000, 1371366000000, 1371452400000, 1371538800000, 1371625200000, 1371711600000, 1371798000000, 1371884400000, 1371970800000, 1372057200000, 1372143600000, 1372230000000, 1372316400000, 1372402800000, 1372489200000, 1372575600000, 1372662000000, 1372748400000, 1372834800000, 1372921200000, 1373007600000, 1373094000000, 1373180400000, 1373266800000, 1373353200000, 1373439600000, 1373526000000, 1373612400000, 1373698800000, 1373785200000, 1373871600000, 1373958000000, 1374044400000, 1374130800000, 1374217200000, 1374303600000, 1374390000000, 1374476400000, 1374562800000, 1374649200000, 1374735600000, 1374822000000, 1374908400000, 1374994800000, 1375081200000, 1375167600000, 1375254000000, 1375340400000, 1375426800000, 1375513200000, 1375599600000, 1375686000000, 1375772400000, 1375858800000, 1375945200000, 1376031600000, 1376118000000, 1376204400000, 1376290800000, 1376377200000, 1376463600000, 1376550000000, 1376636400000, 1376722800000, 1376809200000, 1376895600000, 1376982000000, 1377068400000, 1377154800000, 1377241200000, 1377327600000, 1377414000000, 1377500400000, 1377586800000, 1377673200000, 1377759600000, 1377846000000, 1377932400000, 1378018800000, 1378105200000, 1378191600000, 1378278000000, 1378364400000, 1378450800000, 1378537200000, 1378623600000, 1378710000000, 1378796400000, 1378882800000, 1378969200000, 1379055600000, 1379142000000, 1379228400000, 1379314800000, 1379401200000, 1379487600000, 1379574000000, 1379660400000, 1379746800000, 1379833200000, 1379919600000, 1380006000000, 1380092400000, 1380178800000, 1380265200000, 1380351600000, 1380438000000, 1380524400000, 1380610800000, 1380697200000, 1380783600000, 1380870000000, 1380956400000, 1381042800000, 1381129200000, 1381215600000, 1381302000000, 1381388400000, 1381474800000, 1381561200000, 1381647600000, 1381734000000, 1381820400000, 1381906800000, 1381993200000, 1382079600000, 1382166000000, 1382252400000, 1382338800000, 1382425200000, 1382511600000, 1382598000000, 1382684400000, 1382770800000, 1382857200000, 1382943600000, 1383030000000, 1383116400000, 1383202800000, 1383289200000, 1383375600000, 1383462000000, 1383552000000, 1383638400000, 1383724800000, 1383811200000, 1383897600000, 1383984000000, 1384070400000, 1384156800000, 1384243200000, 1384329600000, 1384416000000, 1384502400000, 1384588800000, 1384675200000, 1384761600000, 1384848000000, 1384934400000, 1385020800000, 1385107200000, 1385193600000, 1385280000000, 1385366400000, 1385452800000, 1385539200000, 1385625600000, 1385712000000, 1385798400000, 1385884800000, 1385971200000, 1386057600000, 1386144000000, 1386230400000, 1386316800000, 1386403200000, 1386489600000, 1386576000000, 1386662400000, 1386748800000, 1386835200000, 1386921600000, 1387008000000, 1387094400000, 1387180800000, 1387267200000, 1387353600000, 1387440000000, 1387526400000, 1387612800000, 1387699200000, 1387785600000, 1387872000000, 1387958400000, 1388044800000, 1388131200000, 1388217600000, 1388304000000, 1388390400000, 1388476800000, 1388563200000, 1388649600000, 1388736000000, 1388822400000, 1388908800000, 1388995200000, 1389081600000, 1389168000000, 1389254400000, 1389340800000, 1389427200000, 1389513600000, 1389600000000, 1389686400000, 1389772800000, 1389859200000, 1389945600000, 1390032000000, 1390118400000, 1390204800000, 1390291200000, 1390377600000, 1390464000000, 1390550400000, 1390636800000, 1390723200000, 1390809600000, 1390896000000, 1390982400000, 1391068800000, 1391155200000, 1391241600000, 1391328000000, 1391414400000, 1391500800000, 1391587200000, 1391673600000, 1391760000000, 1391846400000, 1391932800000, 1392019200000, 1392105600000, 1392192000000, 1392278400000, 1392364800000, 1392451200000, 1392537600000, 1392624000000, 1392710400000, 1392796800000, 1392883200000, 1392969600000, 1393056000000, 1393142400000, 1393228800000, 1393315200000, 1393401600000, 1393488000000, 1393574400000, 1393660800000, 1393747200000, 1393833600000, 1393920000000, 1394006400000, 1394092800000, 1394179200000, 1394265600000, 1394352000000, 1394434800000, 1394521200000, 1394607600000, 1394694000000, 1394780400000, 1394866800000, 1394953200000, 1395039600000, 1395126000000, 1395212400000, 1395298800000, 1395385200000, 1395471600000, 1395558000000, 1395644400000, 1395730800000, 1395817200000, 1395903600000, 1395990000000, 1396076400000, 1396162800000, 1396249200000, 1396335600000, 1396422000000, 1396508400000, 1396594800000, 1396681200000, 1396767600000, 1396854000000, 1396940400000, 1397026800000, 1397113200000, 1397199600000, 1397286000000, 1397372400000, 1397458800000, 1397545200000, 1397631600000, 1397718000000, 1397804400000, 1397890800000, 1397977200000, 1398063600000, 1398150000000, 1398236400000, 1398322800000, 1398409200000, 1398495600000, 1398582000000, 1398668400000, 1398754800000, 1398841200000, 1398927600000, 1399014000000, 1399100400000, 1399186800000, 1399273200000, 1399359600000, 1399446000000, 1399532400000, 1399618800000, 1399705200000, 1399791600000, 1399878000000, 1399964400000, 1400050800000, 1400137200000, 1400223600000, 1400310000000, 1400396400000, 1400482800000, 1400569200000, 1400655600000, 1400742000000, 1400828400000, 1400914800000, 1401001200000, 1401087600000, 1401174000000, 1401260400000, 1401346800000, 1401433200000, 1401519600000, 1401606000000, 1401692400000, 1401778800000, 1401865200000, 1401951600000, 1402038000000, 1402124400000, 1402210800000, 1402297200000, 1402383600000, 1402470000000, 1402556400000, 1402642800000, 1402729200000, 1402815600000, 1402902000000, 1402988400000, 1403074800000, 1403161200000, 1403247600000, 1403334000000, 1403420400000, 1403506800000, 1403593200000, 1403679600000, 1403766000000, 1403852400000, 1403938800000, 1404025200000, 1404111600000, 1404198000000, 1404284400000, 1404370800000, 1404457200000, 1404543600000, 1404630000000, 1404716400000, 1404802800000, 1404889200000, 1404975600000, 1405062000000, 1405148400000, 1405234800000, 1405321200000, 1405407600000, 1405494000000, 1405580400000, 1405666800000, 1405753200000, 1405839600000, 1405926000000, 1406012400000, 1406098800000, 1406185200000, 1406271600000, 1406358000000, 1406444400000, 1406530800000, 1406617200000, 1406703600000, 1406790000000, 1406876400000, 1406962800000, 1407049200000, 1407135600000, 1407222000000, 1407308400000, 1407394800000, 1407481200000, 1407567600000, 1407654000000, 1407740400000, 1407826800000, 1407913200000, 1407999600000, 1408086000000, 1408172400000, 1408258800000, 1408345200000, 1408431600000, 1408518000000, 1408604400000, 1408690800000, 1408777200000, 1408863600000, 1408950000000, 1409036400000, 1409122800000, 1409209200000, 1409295600000, 1409382000000, 1409468400000, 1409554800000, 1409641200000, 1409727600000, 1409814000000, 1409900400000, 1409986800000, 1410073200000, 1410159600000, 1410246000000, 1410332400000, 1410418800000, 1410505200000, 1410591600000, 1410678000000, 1410764400000, 1410850800000, 1410937200000, 1411023600000, 1411110000000, 1411196400000, 1411282800000, 1411369200000, 1411455600000, 1411542000000, 1411628400000, 1411714800000, 1411801200000, 1411887600000, 1411974000000, 1412060400000, 1412146800000, 1412233200000, 1412319600000, 1412406000000, 1412492400000, 1412578800000, 1412665200000, 1412751600000, 1412838000000, 1412924400000, 1413010800000, 1413097200000, 1413183600000, 1413270000000, 1413356400000, 1413442800000, 1413529200000, 1413615600000, 1413702000000, 1413788400000, 1413874800000, 1413961200000, 1414047600000, 1414134000000, 1414220400000, 1414306800000, 1414393200000, 1414479600000, 1414566000000, 1414652400000, 1414738800000, 1414825200000, 1414911600000, 1415001600000, 1415088000000, 1415174400000, 1415260800000, 1415347200000, 1415433600000, 1415520000000, 1415606400000, 1415692800000, 1415779200000, 1415865600000, 1415952000000, 1416038400000, 1416124800000, 1416211200000, 1416297600000, 1416384000000, 1416470400000, 1416556800000, 1416643200000, 1416729600000, 1416816000000, 1416902400000, 1416988800000, 1417075200000, 1417161600000, 1417248000000, 1417334400000, 1417420800000, 1417507200000, 1417593600000, 1417680000000, 1417766400000, 1417852800000, 1417939200000, 1418025600000, 1418112000000, 1418198400000, 1418284800000, 1418371200000, 1418457600000, 1418544000000, 1418630400000, 1418716800000, 1418803200000, 1418889600000, 1418976000000, 1419062400000, 1419148800000, 1419235200000, 1419321600000, 1419408000000, 1419494400000, 1419580800000, 1419667200000, 1419753600000, 1419840000000, 1419926400000, 1420012800000, 1420099200000, 1420185600000, 1420272000000, 1420358400000, 1420444800000, 1420531200000, 1420617600000, 1420704000000, 1420790400000, 1420876800000, 1420963200000, 1421049600000, 1421136000000, 1421222400000, 1421308800000, 1421395200000, 1421481600000, 1421568000000, 1421654400000, 1421740800000, 1421827200000, 1421913600000, 1422000000000, 1422086400000, 1422172800000, 1422259200000, 1422345600000, 1422432000000, 1422518400000, 1422604800000, 1422691200000, 1422777600000, 1422864000000, 1422950400000, 1423036800000, 1423123200000, 1423209600000, 1423296000000, 1423382400000, 1423468800000, 1423555200000, 1423641600000, 1423728000000, 1423814400000, 1423900800000, 1423987200000, 1424073600000, 1424160000000, 1424246400000, 1424332800000, 1424419200000, 1424505600000, 1424592000000, 1424678400000, 1424764800000, 1424851200000, 1424937600000, 1425024000000, 1425110400000, 1425196800000, 1425283200000, 1425369600000, 1425456000000, 1425542400000, 1425628800000, 1425715200000, 1425801600000, 1425884400000, 1425970800000, 1426057200000, 1426143600000, 1426230000000, 1426316400000, 1426402800000, 1426489200000, 1426575600000, 1426662000000, 1426748400000, 1426834800000, 1426921200000, 1427007600000, 1427094000000, 1427180400000, 1427266800000, 1427353200000, 1427439600000, 1427526000000, 1427612400000, 1427698800000, 1427785200000, 1427871600000, 1427958000000, 1428044400000, 1428130800000, 1428217200000, 1428303600000, 1428390000000, 1428476400000, 1428562800000, 1428649200000, 1428735600000, 1428822000000, 1428908400000, 1428994800000, 1429081200000, 1429167600000, 1429254000000, 1429340400000, 1429426800000, 1429513200000, 1429599600000, 1429686000000, 1429772400000, 1429858800000, 1429945200000, 1430031600000, 1430118000000, 1430204400000, 1430290800000, 1430377200000, 1430463600000, 1430550000000, 1430636400000, 1430722800000, 1430809200000, 1430895600000, 1430982000000, 1431068400000, 1431154800000, 1431241200000, 1431327600000, 1431414000000, 1431500400000, 1431586800000, 1431673200000, 1431759600000, 1431846000000, 1431932400000, 1432018800000, 1432105200000, 1432191600000, 1432278000000, 1432364400000, 1432450800000, 1432537200000, 1432623600000, 1432710000000, 1432796400000, 1432882800000, 1432969200000, 1433055600000, 1433142000000, 1433228400000, 1433314800000, 1433401200000, 1433487600000, 1433574000000, 1433660400000, 1433746800000, 1433833200000, 1433919600000, 1434006000000, 1434092400000, 1434178800000, 1434265200000, 1434351600000, 1434438000000, 1434524400000, 1434610800000, 1434697200000, 1434783600000, 1434870000000, 1434956400000, 1435042800000, 1435129200000, 1435215600000, 1435302000000, 1435388400000, 1435474800000, 1435561200000, 1435647600000, 1435734000000, 1435820400000, 1435906800000, 1435993200000, 1436079600000, 1436166000000, 1436252400000, 1436338800000, 1436425200000, 1436511600000, 1436598000000, 1436684400000, 1436770800000, 1436857200000, 1436943600000, 1437030000000, 1437116400000, 1437202800000, 1437289200000, 1437375600000, 1437462000000, 1437548400000, 1437634800000, 1437721200000, 1437807600000, 1437894000000, 1437980400000, 1438066800000, 1438153200000, 1438239600000, 1438326000000, 1438412400000, 1438498800000, 1438585200000, 1438671600000, 1438758000000, 1438844400000, 1438930800000, 1439017200000, 1439103600000, 1439190000000, 1439276400000, 1439362800000, 1439449200000, 1439535600000, 1439622000000, 1439708400000, 1439794800000, 1439881200000, 1439967600000, 1440054000000, 1440140400000, 1440226800000, 1440313200000, 1440399600000, 1440486000000, 1440572400000, 1440658800000, 1440745200000, 1440831600000, 1440918000000, 1441004400000, 1441090800000, 1441177200000, 1441263600000, 1441350000000, 1441436400000, 1441522800000, 1441609200000, 1441695600000, 1441782000000, 1441868400000, 1441954800000, 1442041200000, 1442127600000, 1442214000000, 1442300400000, 1442386800000, 1442473200000, 1442559600000, 1442646000000, 1442732400000, 1442818800000, 1442905200000, 1442991600000, 1443078000000, 1443164400000, 1443250800000, 1443337200000, 1443423600000, 1443510000000, 1443596400000, 1443682800000, 1443769200000, 1443855600000, 1443942000000, 1444028400000, 1444114800000, 1444201200000, 1444287600000, 1444374000000, 1444460400000, 1444546800000, 1444633200000, 1444719600000, 1444806000000, 1444892400000, 1444978800000, 1445065200000, 1445151600000, 1445238000000, 1445324400000, 1445410800000, 1445497200000, 1445583600000, 1445670000000, 1445756400000, 1445842800000, 1445929200000, 1446015600000, 1446102000000, 1446188400000, 1446274800000, 1446361200000, 1446451200000, 1446537600000, 1446624000000, 1446710400000, 1446796800000, 1446883200000, 1446969600000, 1447056000000, 1447142400000, 1447228800000, 1447315200000, 1447401600000, 1447488000000, 1447574400000, 1447660800000, 1447747200000, 1447833600000, 1447920000000, 1448006400000, 1448092800000, 1448179200000, 1448265600000, 1448352000000, 1448438400000, 1448524800000, 1448611200000, 1448697600000, 1448784000000, 1448870400000, 1448956800000, 1449043200000, 1449129600000, 1449216000000, 1449302400000, 1449388800000, 1449475200000, 1449561600000, 1449648000000, 1449734400000, 1449820800000, 1449907200000, 1449993600000, 1450080000000, 1450166400000, 1450252800000, 1450339200000, 1450425600000, 1450512000000, 1450598400000, 1450684800000, 1450771200000, 1450857600000, 1450944000000, 1451030400000, 1451116800000, 1451203200000, 1451289600000, 1451376000000, 1451462400000, 1451548800000, 1451635200000, 1451721600000, 1451808000000, 1451894400000, 1451980800000, 1452067200000, 1452153600000, 1452240000000, 1452326400000, 1452412800000, 1452499200000, 1452585600000, 1452672000000, 1452758400000, 1452844800000, 1452931200000, 1453017600000, 1453104000000, 1453190400000, 1453276800000, 1453363200000, 1453449600000, 1453536000000, 1453622400000, 1453708800000, 1453795200000, 1453881600000, 1453968000000, 1454054400000, 1454140800000, 1454227200000, 1454313600000, 1454400000000, 1454486400000, 1454572800000, 1454659200000, 1454745600000, 1454832000000, 1454918400000, 1455004800000, 1455091200000, 1455177600000, 1455264000000, 1455350400000, 1455436800000, 1455523200000, 1455609600000, 1455696000000, 1455782400000, 1455868800000, 1455955200000, 1456041600000, 1456128000000, 1456214400000, 1456300800000, 1456387200000, 1456473600000, 1456560000000, 1456646400000, 1456732800000, 1456819200000, 1456905600000, 1456992000000, 1457078400000, 1457164800000, 1457251200000, 1457337600000, 1457424000000, 1457510400000, 1457596800000, 1457683200000, 1457769600000, 1457856000000, 1457938800000, 1458025200000, 1458111600000, 1458198000000, 1458284400000, 1458370800000, 1458457200000, 1458543600000, 1458630000000, 1458716400000, 1458802800000, 1458889200000, 1458975600000, 1459062000000, 1459148400000, 1459234800000, 1459321200000, 1459407600000, 1459494000000, 1459580400000, 1459666800000, 1459753200000, 1459839600000, 1459926000000, 1460012400000, 1460098800000, 1460185200000, 1460271600000, 1460358000000, 1460444400000, 1460530800000, 1460617200000, 1460703600000, 1460790000000, 1460876400000, 1460962800000, 1461049200000, 1461135600000, 1461222000000, 1461308400000, 1461394800000, 1461481200000, 1461567600000, 1461654000000, 1461740400000, 1461826800000, 1461913200000, 1461999600000, 1462086000000, 1462172400000, 1462258800000, 1462345200000, 1462431600000, 1462518000000, 1462604400000, 1462690800000, 1462777200000, 1462863600000, 1462950000000, 1463036400000, 1463122800000, 1463209200000, 1463295600000, 1463382000000, 1463468400000, 1463554800000, 1463641200000, 1463727600000, 1463814000000, 1463900400000, 1463986800000, 1464073200000, 1464159600000, 1464246000000, 1464332400000, 1464418800000, 1464505200000, 1464591600000, 1464678000000, 1464764400000, 1464850800000, 1464937200000, 1465023600000, 1465110000000, 1465196400000, 1465282800000, 1465369200000, 1465455600000, 1465542000000, 1465628400000, 1465714800000, 1465801200000, 1465887600000, 1465974000000, 1466060400000, 1466146800000, 1466233200000, 1466319600000, 1466406000000, 1466492400000, 1466578800000, 1466665200000, 1466751600000, 1466838000000, 1466924400000, 1467010800000, 1467097200000, 1467183600000, 1467270000000, 1467356400000, 1467442800000, 1467529200000, 1467615600000, 1467702000000, 1467788400000, 1467874800000, 1467961200000, 1468047600000, 1468134000000, 1468220400000, 1468306800000, 1468393200000, 1468479600000, 1468566000000, 1468652400000, 1468738800000, 1468825200000, 1468911600000, 1468998000000, 1469084400000, 1469170800000, 1469257200000, 1469343600000, 1469430000000, 1469516400000, 1469602800000, 1469689200000, 1469775600000, 1469862000000, 1469948400000, 1470034800000, 1470121200000, 1470207600000, 1470294000000, 1470380400000, 1470466800000, 1470553200000, 1470639600000, 1470726000000, 1470812400000, 1470898800000, 1470985200000, 1471071600000, 1471158000000, 1471244400000, 1471330800000, 1471417200000, 1471503600000, 1471590000000, 1471676400000, 1471762800000, 1471849200000, 1471935600000, 1472022000000, 1472108400000, 1472194800000, 1472281200000, 1472367600000, 1472454000000, 1472540400000, 1472626800000, 1472713200000, 1472799600000, 1472886000000, 1472972400000, 1473058800000, 1473145200000, 1473231600000, 1473318000000, 1473404400000, 1473490800000, 1473577200000, 1473663600000, 1473750000000, 1473836400000, 1473922800000, 1474009200000, 1474095600000, 1474182000000, 1474268400000, 1474354800000, 1474441200000, 1474527600000, 1474614000000, 1474700400000, 1474786800000, 1474873200000, 1474959600000, 1475046000000, 1475132400000, 1475218800000, 1475305200000, 1475391600000, 1475478000000, 1475564400000, 1475650800000, 1475737200000, 1475823600000, 1475910000000, 1475996400000, 1476082800000, 1476169200000, 1476255600000, 1476342000000, 1476428400000, 1476514800000, 1476601200000, 1476687600000, 1476774000000, 1476860400000, 1476946800000, 1477033200000, 1477119600000, 1477206000000, 1477292400000, 1477378800000, 1477465200000, 1477551600000, 1477638000000, 1477724400000, 1477810800000, 1477897200000, 1477983600000, 1478070000000, 1478156400000, 1478242800000, 1478329200000, 1478415600000, 1478505600000, 1478592000000, 1478678400000, 1478764800000, 1478851200000, 1478937600000, 1479024000000, 1479110400000, 1479196800000, 1479283200000, 1479369600000, 1479456000000, 1479542400000, 1479628800000, 1479715200000, 1479801600000, 1479888000000, 1479974400000, 1480060800000, 1480147200000, 1480233600000, 1480320000000, 1480406400000, 1480492800000, 1480579200000, 1480665600000, 1480752000000, 1480838400000, 1480924800000, 1481011200000, 1481097600000, 1481184000000, 1481270400000, 1481356800000, 1481443200000, 1481529600000, 1481616000000, 1481702400000, 1481788800000, 1481875200000, 1481961600000, 1482048000000, 1482134400000, 1482220800000, 1482307200000, 1482393600000, 1482480000000, 1482566400000, 1482652800000, 1482739200000, 1482825600000, 1482912000000, 1482998400000, 1483084800000, 1483171200000, 1483257600000, 1483344000000, 1483430400000, 1483516800000, 1483603200000, 1483689600000, 1483776000000, 1483862400000, 1483948800000, 1484035200000, 1484121600000, 1484208000000, 1484294400000, 1484380800000, 1484467200000, 1484553600000, 1484640000000, 1484726400000, 1484812800000, 1484899200000, 1484985600000, 1485072000000, 1485158400000, 1485244800000, 1485331200000, 1485417600000, 1485504000000, 1485590400000, 1485676800000, 1485763200000, 1485849600000, 1485936000000, 1486022400000, 1486108800000, 1486195200000, 1486281600000, 1486368000000, 1486454400000, 1486540800000, 1486627200000, 1486713600000, 1486800000000, 1486886400000, 1486972800000, 1487059200000, 1487145600000, 1487232000000, 1487318400000, 1487404800000, 1487491200000, 1487577600000, 1487664000000, 1487750400000, 1487836800000, 1487923200000, 1488009600000, 1488096000000, 1488182400000, 1488268800000, 1488355200000, 1488441600000, 1488528000000, 1488614400000, 1488700800000, 1488787200000, 1488873600000, 1488960000000, 1489046400000, 1489132800000, 1489219200000, 1489305600000, 1489388400000, 1489474800000, 1489561200000, 1489647600000, 1489734000000, 1489820400000, 1489906800000, 1489993200000, 1490079600000, 1490166000000, 1490252400000, 1490338800000, 1490425200000, 1490511600000, 1490598000000, 1490684400000, 1490770800000, 1490857200000, 1490943600000, 1491030000000, 1491116400000, 1491202800000, 1491289200000, 1491375600000, 1491462000000, 1491548400000, 1491634800000, 1491721200000, 1491807600000, 1491894000000, 1491980400000, 1492066800000, 1492153200000, 1492239600000, 1492326000000, 1492412400000, 1492498800000, 1492585200000, 1492671600000, 1492758000000, 1492844400000, 1492930800000, 1493017200000, 1493103600000, 1493190000000, 1493276400000, 1493362800000, 1493449200000, 1493535600000, 1493622000000, 1493708400000, 1493794800000, 1493881200000, 1493967600000, 1494054000000, 1494140400000, 1494226800000, 1494313200000, 1494399600000, 1494486000000, 1494572400000, 1494658800000, 1494745200000, 1494831600000, 1494918000000, 1495004400000, 1495090800000, 1495177200000, 1495263600000, 1495350000000, 1495436400000]}}]]></graph_data></root>