<?xml version="1.0" encoding="utf-8"?><root><html_content><![CDATA[

      <div id="watch-actions-stats" class="watch-actions-stats-rats stats-cumulative top-selected-views" data-current-mode-css="stats-mode-daily" data-current-top-site-css="top-selected-views" data-current-metric-css="stats-metric-views">
        <div class="stats-header">
    <h1>
      <span class="stats-header-text yt-card-title">Video statistics</span>
<span class="stats-sub-header">Through May 22, 2017  
  <span class="yt-uix-clickcard">
    <button class="yt-uix-clickcard-target" aria-label="Learn more." aria-haspopup="true" data-position="topleft" type="button">
      <span class="yt-help-icon yt-sprite"></span>
    </button>
    <span class="yt-uix-clickcard-content" role="dialog" aria-label="Learn more." aria-describedby="-3138827539186277163">
      <button class="yt-uix-clickcard-close" aria-label="Close learn more dialog."></button>
      <p id="-3138827539186277163">The video statistics shown below are updated daily. They may lag behind the view count shown directly beneath the video, which updates many times a day.
      </p>
    </span>
  </span>

</span>
    </h1>

  </div>

        <table class="stats-bragbar-container yt-uix-button-group yt-uix-tabs" data-uix-tabs-selected-extra-class="yt-uix-button-toggled">
    <tr>
          <td class="stats-bragbar stats-bragbar-views yt-uix-button yt-uix-tabs-tab  yt-uix-tabs-selected yt-uix-button-toggled" data-uix-tabs-target-id="stats-chart-tab-views" data-top-site-css="top-selected-views" data-metric-css="stats-metric-views" style="border-bottom-color: #73c421">
    <span class="metric-label">Views</span>
    <div class="bragbar-metric-large">377,131,912</div>
  </td>

          <td class="stats-bragbar stats-bragbar-subscribers yt-uix-button yt-uix-tabs-tab " data-uix-tabs-target-id="stats-chart-tab-subscribers" data-top-site-css="top-selected-views" data-metric-css="stats-metric-subscribers" style="border-bottom-color: #e62117">
    <span class="metric-label">Subscriptions driven</span>
    <div class="bragbar-metric-large">188,497</div>
  </td>

          <td class="stats-bragbar stats-bragbar-shares yt-uix-button yt-uix-tabs-tab " data-uix-tabs-target-id="stats-chart-tab-shares" data-top-site-css="top-selected-views" data-metric-css="stats-metric-shares" style="border-bottom-color: #8882ef">
    <span class="metric-label">Shares</span>
    <div class="bragbar-metric-large">871,024</div>
  </td>

    </tr>
  </table>

  <div class="stats-charts-container">
      <div id="stats-chart-tab-views" class="stats-chart-menu ">
      </div>
      <div id="stats-chart-tab-subscribers" class="stats-chart-menu  hid">
      </div>
      <div id="stats-chart-tab-shares" class="stats-chart-menu  hid">
      </div>

    <div class="stats-chart-gviz"></div>

  </div>



  </div>

]]></html_content><return_code><![CDATA[0]]></return_code><graph_data><![CDATA[{"subscribers": {"daily": {"data": [9441, 3915, 3151, 2720, 1903, 1326, 1596, 1203, 1022, 1114, 1174, 1012, 1169, 957, 838, 822, 923, 796, 746, 668, 722, 662, 637, 677, 770, 685, 605, 579, 535, 651, 673, 680, 618, 503, 438, 447, 396, 507, 685, 501, 413, 373, 428, 371, 449, 578, 457, 395, 361, 364, 393, 404, 543, 420, 353, 350, 395, 352, 411, 491, 450, 350, 331, 364, 360, 443, 451, 413, 340, 277, 298, 335, 588, 525, 413, 310, 301, 278, 264, 356, 401, 342, 236, 243, 271, 270, 233, 332, 301, 266, 233, 188, 261, 325, 277, 270, 208, 222, 212, 214, 232, 298, 223, 211, 214, 218, 204, 221, 263, 223, 207, 202, 199, 213, 234, 267, 219, 181, 209, 170, 198, 184, 203, 178, 119, 121, 148, 177, 270, 285, 208, 165, 223, 206, 203, 240, 254, 213, 230, 199, 209, 194, 207, 210, 189, 145, 165, 212, 228, 215, 209, 199, 187, 156, 195, 217, 249, 240, 228, 212, 216, 173, 187, 205, 214, 187, 160, 183, 201, 200, 227, 245, 215, 195, 182, 193, 197, 257, 304, 263, 269, 209, 217, 190, 240, 311, 226, 202, 198, 194, 166, 177, 254, 212, 185, 170, 159, 151, 175, 197, 165, 146, 161, 133, 158, 228, 259, 254, 137, 142, 179, 166, 230, 201, 172, 133, 156, 143, 125, 174, 220, 185, 172, 180, 154, 154, 217, 226, 206, 146, 126, 176, 164, 196, 221, 154, 174, 198, 150, 191, 203, 191, 153, 163, 197, 167, 181, 162, 187, 161, 131, 119, 130, 143, 164, 207, 194, 140, 129, 139, 141, 156, 203, 163, 154, 163, 151, 117, 158, 181, 158, 153, 152, 182, 141, 166, 205, 166, 127, 154, 131, 165, 136, 168, 156, 160, 131, 123, 109, 136, 171, 146, 113, 116, 134, 119, 125, 140, 138, 109, 113, 105, 122, 136, 119, 116, 115, 104, 123, 106, 122, 139, 109, 109, 114, 118, 102, 135, 128, 117, 112, 101, 120, 124, 115, 113, 117, 109, 127, 133, 152, 185, 165, 140, 160, 142, 146, 129, 169, 140, 134, 139, 147, 156, 134, 130, 115, 131, 139, 142, 162, 128, 117, 164, 128, 178, 164, 154, 145, 127, 146, 127, 127, 119, 126, 146, 138, 127, 100, 117, 111, 129, 135, 126, 143, 114, 107, 117, 126, 136, 136, 118, 109, 105, 115, 110, 105, 125, 136, 126, 122, 101, 94, 103, 140, 141, 116, 89, 123, 106, 86, 107, 122, 104, 99, 114, 111, 95, 124, 132, 113, 106, 120, 97, 114, 123, 146, 115, 100, 104, 110, 107, 115, 145, 102, 101, 89, 87, 103, 92, 128, 122, 86, 96, 91, 93, 99, 139, 96, 101, 87, 104, 88, 117, 140, 117, 90, 110, 108, 99, 130, 130, 119, 105, 158, 128, 134, 156, 166, 118, 126, 102, 132, 122, 145, 163, 110, 109, 126, 96, 113, 117, 130, 105, 106, 76, 109, 95, 124, 154, 130, 93, 90, 93, 103, 122, 129, 100, 107, 103, 109, 99, 108, 130, 100, 92, 77, 90, 58, 72, 90, 65, 64, 69, 62, 72, 78, 82, 83, 68, 82, 62, 82, 87, 93, 83, 76, 66, 66, 81, 89, 108, 66, 71, 66, 62, 90, 73, 82, 63, 75, 64, 83, 72, 81, 77, 59, 79, 70, 57, 77, 80, 80, 77, 62, 66, 75, 94, 100, 100, 82, 52, 52, 73, 60, 77, 75, 58, 61, 57, 67, 68, 67, 85, 76, 58, 61, 66, 55, 61, 62, 60, 48, 53, 45, 36, 59, 69, 45, 54, 56, 61, 52, 64, 57, 61, 51, 44, 48, 48, 59, 63, 66, 59, 56, 71, 61, 67, 79, 56, 42, 60, 67, 52, 63, 60, 57, 56, 48, 50, 44, 61, 69, 53, 56, 47, 48, 55, 75, 60, 43, 49, 51, 48, 80, 59, 60, 60, 37, 44, 44, 56, 61, 72, 48, 64, 38, 43, 57, 77, 56, 49, 50, 50, 62, 56, 61, 68, 52, 53, 66, 55, 51, 59, 57, 59, 54, 48, 66, 49, 62, 72, 66, 60, 48, 64, 66, 76, 96, 53, 65, 62, 52, 69, 69, 73, 64, 59, 67, 62, 70, 65, 82, 54, 63, 58, 51, 47, 60, 50, 55, 58, 60, 41, 49, 60, 68, 56, 54, 52, 61, 68, 50, 58, 51, 55, 62, 51, 71, 66, 68, 66, 50, 61, 52, 57, 49, 54, 47, 46, 47, 55, 61, 56, 66, 40, 67, 58, 51, 75, 223, 117, 83, 53, 79, 71, 59, 81, 65, 66, 60, 64, 67, 54, 70, 61, 64, 62, 61, 45, 57, 52, 55, 45, 50, 64, 59, 62, 55, 69, 58, 56, 51, 40, 59, 61, 65, 50, 58, 51, 54, 61, 62, 51, 55, 50, 51, 42, 50, 47, 66, 52, 38, 40, 44, 39, 43, 55, 34, 41, 48, 25, 44, 43, 66, 65, 46, 43, 62, 50, 61, 60, 45, 42, 46, 50, 51, 48, 69, 44, 43, 26, 39, 42, 51, 40, 39, 44, 40, 39, 38, 35, 56, 49, 44, 37, 34, 52, 55, 74, 52, 55, 53, 57, 44, 53, 61, 50, 48, 44, 36, 47, 62, 68, 46, 40, 46, 44, 50, 78, 64, 54, 39, 59, 47, 50, 44, 55, 52, 43, 39, 56, 58, 52, 56, 56, 49, 44, 41, 37, 54, 64, 47, 62, 54, 41, 35, 41, 38, 43, 36, 41, 39, 39, 45, 47, 41, 44, 53, 30, 38, 55, 49, 58, 35, 33, 15, 46, 52, 50, 45, 47, 45, 42, 42, 50, 55, 44, 46, 53, 46, 67, 68, 39, 47, 35, 47, 38, 57, 71, 62, 58, 62, 47, 58, 47, 46, 38, 55, 53, 56, 59, 54, 57, 61, 71, 45, 65, 46, 41, 59, 48, 79, 55, 53, 60, 69, 39, 59, 50, 41, 38, 60, 51, 46, 80, 52, 66, 60, 53, 46, 44, 70, 51, 53, 53, 55, 66, 69, 78, 69, 66, 55, 65, 75, 56, 68, 69, 53, 52, 50, 57, 61, 93, 80, 64, 54, 56, 39, 45, 72, 55, 46, 56, 52, 63, 51, 70, 57, 51, 56, 72, 57, 62, 66, 53, 55, 55, 52, 54, 67, 78, 83, 67, 56, 57, 52, 64, 56, 67, 54, 68, 40, 49, 61, 70, 49, 60, 43, 40, 53, 52, 70, 57, 38, 46, 56, 62, 60, 52, 56, 51, 48, 58, 47, 46, 57, 55, 53, 59, 40, 39, 42, 42, 48, 50, 48, 58, 60, 68, 49, 61, 64, 53, 48, 52, 58, 48, 55, 40, 52, 63, 57, 46, 51, 52, 53, 44, 62, 66, 41, 47, 50, 54, 44, 46, 57, 59, 55, 50, 42, 44, 41, 64, 61, 96, 56, 68, 76, 60, 51, 53, 50, 47, 39, 55, 55, 67, 56, 51, 46, 52, 49, 53, 46, 64, 71, 43, 56, 62, 53, 51, 70, 75, 68, 62, 81, 86, 77, 76, 94, 89, 77, 63, 69, 76, 77, 75, 77, 76, 56, 45, 61, 62, 72, 62, 55, 59, 48, 51, 66, 74, 66, 51, 46, 50, 50, 48, 64, 46, 42, 44, 36, 48, 76, 56, 48, 52, 52, 55, 56, 64, 51, 52, 37, 48, 50, 46, 65, 49, 39, 51, 56, 49, 45, 50, 50, 43, 51, 51, 39, 37, 44, 67, 49, 47, 49, 52, 44, 44, 52, 37, 39, 28, 38, 58, 44, 78, 43, 46, 28, 40, 40, 47, 57, 57, 43, 40, 49, 53, 57, 67, 53, 42, 54, 58, 48, 54, 42, 37, 40, 50, 41, 40, 39, 51, 42, 42, 54, 57, 32, 32, 34, 34, 36, 34, 32, 39, 41, 35, 29, 37, 36, 43, 57, 42, 42, 36, 39, 36, 44, 44, 39, 67, 48, 39, 42, 44, 50, 60, 52, 59, 40, 46, 40, 59, 51, 66, 53, 64, 61, 60, 57, 49, 52, 44, 33, 55, 52, 57, 58, 63, 52, 51, 39, 48, 43, 48, 54, 41, 33, 40, 45, 42, 38, 70, 44, 49, 57, 54, 41, 46, 41, 34, 30, 27, 30, 45, 37, 44, 35, 35, 39, 46, 43, 51, 43, 41, 29, 23, 35, 43, 34, 46, 44, 30, 36, 28, 42, 38, 67, 52, 43, 39, 31, 41, 38, 46, 46, 32, 29, 31, 38, 30, 37, 42, 31, 34, 48, 31, 36, 35, 27, 24, 35, 32, 41, 32, 26, 32, 24, 28, 28, 33, 31, 34, 34, 32, 38, 30, 25, 27, 23, 39, 28, 32, 34, 26, 21, 37, 37, 27, 26, 44, 28, 36, 27, 25, 26, 27, 31, 45, 38, 28, 26, 32, 31, 27, 32, 20, 29, 34, 41, 41, 35, 29, 39, 52, 27, 28, 20, 22, 39, 40, 34, 32, 25, 31, 29, 30, 31, 32, 18, 19, 26, 22, 34, 30, 35, 29, 32, 38, 30, 32, 24, 23, 34, 30, 27, 34, 26, 38, 28, 25, 29, 28, 30, 26, 29, 19, 21, 25, 24, 32, 29, 26, 31, 26, 21, 26, 19, 23, 29, 25, 26, 20, 31, 31, 24, 23, 28, 27, 16, 26, 34, 28, 27, 31, 20, 27, 26, 25, 24, 25, 40, 35, 22, 24, 16, 23, 19, 32, 30, 32, 16, 18, 25, 32, 35, 27, 29, 26, 25, 30, 22, 23, 26, 21, 26, 29, 32, 35, 26, 29, 24, 21, 30, 31, 34, 30, 29, 27, 25, 26, 18, 25, 32, 34, 20, 21, 25, 23, 39, 33, 27, 26, 31, 34, 35, 33, 33, 29, 26, 23, 31, 33, 33, 36, 43, 39, 27, 34, 30, 31, 34, 41, 36, 20, 34, 29, 43, 39, 37, 35, 35, 28, 27, 33, 31, 30, 33, 31, 47, 34, 33, 40, 27, 31, 33, 30, 23, 34, 36, 22, 21, 26, 13, 30, 30, 24, 31, 30, 29, 26, 28, 25, 25, 13, 26, 19, 31, 26, 34, 15, 16, 26, 22, 31, 13, 23, 31, 18, 28, 17, 16, 21, 28, 22, 22, 19, 0, 0, 0, 0, 0, 0, 0, 0, 0, 0, 0, 19, 17, 19, 23, 24, 26, 26, 33, 21, 25, 28, 22, 26, 29, 30, 26, 23, 22, 29, 27, 30, 31, 26, 19, 25, 32, 23, 27, 36, 27, 27, 31, 22, 32, 26, 35, 34, 26, 34, 30, 23, 31, 36, 32, 31, 24, 32, 40, 20, 35, 24, 23, 31, 26, 28, 29, 28, 25, 22, 25, 30, 27, 41, 28, 39, 24, 33, 34, 23, 24, 28, 31, 31, 14, 27, 26, 20, 28, 24, 35, 34, 22, 33, 32, 27, 35, 26, 28, 15, 29, 23, 43, 24, 16, 26, 30, 36, 44, 37, 32, 39, 33, 43, 41, 42, 47, 38, 39, 37, 40, 35, 44, 33, 41, 31], "opt": {"enableInteractivity": false, "hAxis": {"textStyle": {"color": "#666"}, "gridlines": {"color": "transparent"}, "baselineColor": "transparent", "slantedText": false, "viewWindow": {}}, "vAxis": {"textStyle": {"color": "#666"}, "gridlines": {"color": "#f0f0f0"}, "baselineColor": "#e2e2e2", "titleTextStyle": {"color": "#666"}, "minValue": 0, "maxValue": 9442}, "pointSize": 0, "legend": {"position": "none"}, "chartArea": {"left": 60.0, "top": 30}, "colors": ["#e62117"], "tooltip": {"trigger": "none"}}}}, "day": {"data": [1343804400000, 1343890800000, 1343977200000, 1344063600000, 1344150000000, 1344236400000, 1344322800000, 1344409200000, 1344495600000, 1344582000000, 1344668400000, 1344754800000, 1344841200000, 1344927600000, 1345014000000, 1345100400000, 1345186800000, 1345273200000, 1345359600000, 1345446000000, 1345532400000, 1345618800000, 1345705200000, 1345791600000, 1345878000000, 1345964400000, 1346050800000, 1346137200000, 1346223600000, 1346310000000, 1346396400000, 1346482800000, 1346569200000, 1346655600000, 1346742000000, 1346828400000, 1346914800000, 1347001200000, 1347087600000, 1347174000000, 1347260400000, 1347346800000, 1347433200000, 1347519600000, 1347606000000, 1347692400000, 1347778800000, 1347865200000, 1347951600000, 1348038000000, 1348124400000, 1348210800000, 1348297200000, 1348383600000, 1348470000000, 1348556400000, 1348642800000, 1348729200000, 1348815600000, 1348902000000, 1348988400000, 1349074800000, 1349161200000, 1349247600000, 1349334000000, 1349420400000, 1349506800000, 1349593200000, 1349679600000, 1349766000000, 1349852400000, 1349938800000, 1350025200000, 1350111600000, 1350198000000, 1350284400000, 1350370800000, 1350457200000, 1350543600000, 1350630000000, 1350716400000, 1350802800000, 1350889200000, 1350975600000, 1351062000000, 1351148400000, 1351234800000, 1351321200000, 1351407600000, 1351494000000, 1351580400000, 1351666800000, 1351753200000, 1351839600000, 1351926000000, 1352012400000, 1352102400000, 1352188800000, 1352275200000, 1352361600000, 1352448000000, 1352534400000, 1352620800000, 1352707200000, 1352793600000, 1352880000000, 1352966400000, 1353052800000, 1353139200000, 1353225600000, 1353312000000, 1353398400000, 1353484800000, 1353571200000, 1353657600000, 1353744000000, 1353830400000, 1353916800000, 1354003200000, 1354089600000, 1354176000000, 1354262400000, 1354348800000, 1354435200000, 1354521600000, 1354608000000, 1354694400000, 1354780800000, 1354867200000, 1354953600000, 1355040000000, 1355126400000, 1355212800000, 1355299200000, 1355385600000, 1355472000000, 1355558400000, 1355644800000, 1355731200000, 1355817600000, 1355904000000, 1355990400000, 1356076800000, 1356163200000, 1356249600000, 1356336000000, 1356422400000, 1356508800000, 1356595200000, 1356681600000, 1356768000000, 1356854400000, 1356940800000, 1357027200000, 1357113600000, 1357200000000, 1357286400000, 1357372800000, 1357459200000, 1357545600000, 1357632000000, 1357718400000, 1357804800000, 1357891200000, 1357977600000, 1358064000000, 1358150400000, 1358236800000, 1358323200000, 1358409600000, 1358496000000, 1358582400000, 1358668800000, 1358755200000, 1358841600000, 1358928000000, 1359014400000, 1359100800000, 1359187200000, 1359273600000, 1359360000000, 1359446400000, 1359532800000, 1359619200000, 1359705600000, 1359792000000, 1359878400000, 1359964800000, 1360051200000, 1360137600000, 1360224000000, 1360310400000, 1360396800000, 1360483200000, 1360569600000, 1360656000000, 1360742400000, 1360828800000, 1360915200000, 1361001600000, 1361088000000, 1361174400000, 1361260800000, 1361347200000, 1361433600000, 1361520000000, 1361606400000, 1361692800000, 1361779200000, 1361865600000, 1361952000000, 1362038400000, 1362124800000, 1362211200000, 1362297600000, 1362384000000, 1362470400000, 1362556800000, 1362643200000, 1362729600000, 1362816000000, 1362902400000, 1362985200000, 1363071600000, 1363158000000, 1363244400000, 1363330800000, 1363417200000, 1363503600000, 1363590000000, 1363676400000, 1363762800000, 1363849200000, 1363935600000, 1364022000000, 1364108400000, 1364194800000, 1364281200000, 1364367600000, 1364454000000, 1364540400000, 1364626800000, 1364713200000, 1364799600000, 1364886000000, 1364972400000, 1365058800000, 1365145200000, 1365231600000, 1365318000000, 1365404400000, 1365490800000, 1365577200000, 1365663600000, 1365750000000, 1365836400000, 1365922800000, 1366009200000, 1366095600000, 1366182000000, 1366268400000, 1366354800000, 1366441200000, 1366527600000, 1366614000000, 1366700400000, 1366786800000, 1366873200000, 1366959600000, 1367046000000, 1367132400000, 1367218800000, 1367305200000, 1367391600000, 1367478000000, 1367564400000, 1367650800000, 1367737200000, 1367823600000, 1367910000000, 1367996400000, 1368082800000, 1368169200000, 1368255600000, 1368342000000, 1368428400000, 1368514800000, 1368601200000, 1368687600000, 1368774000000, 1368860400000, 1368946800000, 1369033200000, 1369119600000, 1369206000000, 1369292400000, 1369378800000, 1369465200000, 1369551600000, 1369638000000, 1369724400000, 1369810800000, 1369897200000, 1369983600000, 1370070000000, 1370156400000, 1370242800000, 1370329200000, 1370415600000, 1370502000000, 1370588400000, 1370674800000, 1370761200000, 1370847600000, 1370934000000, 1371020400000, 1371106800000, 1371193200000, 1371279600000, 1371366000000, 1371452400000, 1371538800000, 1371625200000, 1371711600000, 1371798000000, 1371884400000, 1371970800000, 1372057200000, 1372143600000, 1372230000000, 1372316400000, 1372402800000, 1372489200000, 1372575600000, 1372662000000, 1372748400000, 1372834800000, 1372921200000, 1373007600000, 1373094000000, 1373180400000, 1373266800000, 1373353200000, 1373439600000, 1373526000000, 1373612400000, 1373698800000, 1373785200000, 1373871600000, 1373958000000, 1374044400000, 1374130800000, 1374217200000, 1374303600000, 1374390000000, 1374476400000, 1374562800000, 1374649200000, 1374735600000, 1374822000000, 1374908400000, 1374994800000, 1375081200000, 1375167600000, 1375254000000, 1375340400000, 1375426800000, 1375513200000, 1375599600000, 1375686000000, 1375772400000, 1375858800000, 1375945200000, 1376031600000, 1376118000000, 1376204400000, 1376290800000, 1376377200000, 1376463600000, 1376550000000, 1376636400000, 1376722800000, 1376809200000, 1376895600000, 1376982000000, 1377068400000, 1377154800000, 1377241200000, 1377327600000, 1377414000000, 1377500400000, 1377586800000, 1377673200000, 1377759600000, 1377846000000, 1377932400000, 1378018800000, 1378105200000, 1378191600000, 1378278000000, 1378364400000, 1378450800000, 1378537200000, 1378623600000, 1378710000000, 1378796400000, 1378882800000, 1378969200000, 1379055600000, 1379142000000, 1379228400000, 1379314800000, 1379401200000, 1379487600000, 1379574000000, 1379660400000, 1379746800000, 1379833200000, 1379919600000, 1380006000000, 1380092400000, 1380178800000, 1380265200000, 1380351600000, 1380438000000, 1380524400000, 1380610800000, 1380697200000, 1380783600000, 1380870000000, 1380956400000, 1381042800000, 1381129200000, 1381215600000, 1381302000000, 1381388400000, 1381474800000, 1381561200000, 1381647600000, 1381734000000, 1381820400000, 1381906800000, 1381993200000, 1382079600000, 1382166000000, 1382252400000, 1382338800000, 1382425200000, 1382511600000, 1382598000000, 1382684400000, 1382770800000, 1382857200000, 1382943600000, 1383030000000, 1383116400000, 1383202800000, 1383289200000, 1383375600000, 1383462000000, 1383552000000, 1383638400000, 1383724800000, 1383811200000, 1383897600000, 1383984000000, 1384070400000, 1384156800000, 1384243200000, 1384329600000, 1384416000000, 1384502400000, 1384588800000, 1384675200000, 1384761600000, 1384848000000, 1384934400000, 1385020800000, 1385107200000, 1385193600000, 1385280000000, 1385366400000, 1385452800000, 1385539200000, 1385625600000, 1385712000000, 1385798400000, 1385884800000, 1385971200000, 1386057600000, 1386144000000, 1386230400000, 1386316800000, 1386403200000, 1386489600000, 1386576000000, 1386662400000, 1386748800000, 1386835200000, 1386921600000, 1387008000000, 1387094400000, 1387180800000, 1387267200000, 1387353600000, 1387440000000, 1387526400000, 1387612800000, 1387699200000, 1387785600000, 1387872000000, 1387958400000, 1388044800000, 1388131200000, 1388217600000, 1388304000000, 1388390400000, 1388476800000, 1388563200000, 1388649600000, 1388736000000, 1388822400000, 1388908800000, 1388995200000, 1389081600000, 1389168000000, 1389254400000, 1389340800000, 1389427200000, 1389513600000, 1389600000000, 1389686400000, 1389772800000, 1389859200000, 1389945600000, 1390032000000, 1390118400000, 1390204800000, 1390291200000, 1390377600000, 1390464000000, 1390550400000, 1390636800000, 1390723200000, 1390809600000, 1390896000000, 1390982400000, 1391068800000, 1391155200000, 1391241600000, 1391328000000, 1391414400000, 1391500800000, 1391587200000, 1391673600000, 1391760000000, 1391846400000, 1391932800000, 1392019200000, 1392105600000, 1392192000000, 1392278400000, 1392364800000, 1392451200000, 1392537600000, 1392624000000, 1392710400000, 1392796800000, 1392883200000, 1392969600000, 1393056000000, 1393142400000, 1393228800000, 1393315200000, 1393401600000, 1393488000000, 1393574400000, 1393660800000, 1393747200000, 1393833600000, 1393920000000, 1394006400000, 1394092800000, 1394179200000, 1394265600000, 1394352000000, 1394434800000, 1394521200000, 1394607600000, 1394694000000, 1394780400000, 1394866800000, 1394953200000, 1395039600000, 1395126000000, 1395212400000, 1395298800000, 1395385200000, 1395471600000, 1395558000000, 1395644400000, 1395730800000, 1395817200000, 1395903600000, 1395990000000, 1396076400000, 1396162800000, 1396249200000, 1396335600000, 1396422000000, 1396508400000, 1396594800000, 1396681200000, 1396767600000, 1396854000000, 1396940400000, 1397026800000, 1397113200000, 1397199600000, 1397286000000, 1397372400000, 1397458800000, 1397545200000, 1397631600000, 1397718000000, 1397804400000, 1397890800000, 1397977200000, 1398063600000, 1398150000000, 1398236400000, 1398322800000, 1398409200000, 1398495600000, 1398582000000, 1398668400000, 1398754800000, 1398841200000, 1398927600000, 1399014000000, 1399100400000, 1399186800000, 1399273200000, 1399359600000, 1399446000000, 1399532400000, 1399618800000, 1399705200000, 1399791600000, 1399878000000, 1399964400000, 1400050800000, 1400137200000, 1400223600000, 1400310000000, 1400396400000, 1400482800000, 1400569200000, 1400655600000, 1400742000000, 1400828400000, 1400914800000, 1401001200000, 1401087600000, 1401174000000, 1401260400000, 1401346800000, 1401433200000, 1401519600000, 1401606000000, 1401692400000, 1401778800000, 1401865200000, 1401951600000, 1402038000000, 1402124400000, 1402210800000, 1402297200000, 1402383600000, 1402470000000, 1402556400000, 1402642800000, 1402729200000, 1402815600000, 1402902000000, 1402988400000, 1403074800000, 1403161200000, 1403247600000, 1403334000000, 1403420400000, 1403506800000, 1403593200000, 1403679600000, 1403766000000, 1403852400000, 1403938800000, 1404025200000, 1404111600000, 1404198000000, 1404284400000, 1404370800000, 1404457200000, 1404543600000, 1404630000000, 1404716400000, 1404802800000, 1404889200000, 1404975600000, 1405062000000, 1405148400000, 1405234800000, 1405321200000, 1405407600000, 1405494000000, 1405580400000, 1405666800000, 1405753200000, 1405839600000, 1405926000000, 1406012400000, 1406098800000, 1406185200000, 1406271600000, 1406358000000, 1406444400000, 1406530800000, 1406617200000, 1406703600000, 1406790000000, 1406876400000, 1406962800000, 1407049200000, 1407135600000, 1407222000000, 1407308400000, 1407394800000, 1407481200000, 1407567600000, 1407654000000, 1407740400000, 1407826800000, 1407913200000, 1407999600000, 1408086000000, 1408172400000, 1408258800000, 1408345200000, 1408431600000, 1408518000000, 1408604400000, 1408690800000, 1408777200000, 1408863600000, 1408950000000, 1409036400000, 1409122800000, 1409209200000, 1409295600000, 1409382000000, 1409468400000, 1409554800000, 1409641200000, 1409727600000, 1409814000000, 1409900400000, 1409986800000, 1410073200000, 1410159600000, 1410246000000, 1410332400000, 1410418800000, 1410505200000, 1410591600000, 1410678000000, 1410764400000, 1410850800000, 1410937200000, 1411023600000, 1411110000000, 1411196400000, 1411282800000, 1411369200000, 1411455600000, 1411542000000, 1411628400000, 1411714800000, 1411801200000, 1411887600000, 1411974000000, 1412060400000, 1412146800000, 1412233200000, 1412319600000, 1412406000000, 1412492400000, 1412578800000, 1412665200000, 1412751600000, 1412838000000, 1412924400000, 1413010800000, 1413097200000, 1413183600000, 1413270000000, 1413356400000, 1413442800000, 1413529200000, 1413615600000, 1413702000000, 1413788400000, 1413874800000, 1413961200000, 1414047600000, 1414134000000, 1414220400000, 1414306800000, 1414393200000, 1414479600000, 1414566000000, 1414652400000, 1414738800000, 1414825200000, 1414911600000, 1415001600000, 1415088000000, 1415174400000, 1415260800000, 1415347200000, 1415433600000, 1415520000000, 1415606400000, 1415692800000, 1415779200000, 1415865600000, 1415952000000, 1416038400000, 1416124800000, 1416211200000, 1416297600000, 1416384000000, 1416470400000, 1416556800000, 1416643200000, 1416729600000, 1416816000000, 1416902400000, 1416988800000, 1417075200000, 1417161600000, 1417248000000, 1417334400000, 1417420800000, 1417507200000, 1417593600000, 1417680000000, 1417766400000, 1417852800000, 1417939200000, 1418025600000, 1418112000000, 1418198400000, 1418284800000, 1418371200000, 1418457600000, 1418544000000, 1418630400000, 1418716800000, 1418803200000, 1418889600000, 1418976000000, 1419062400000, 1419148800000, 1419235200000, 1419321600000, 1419408000000, 1419494400000, 1419580800000, 1419667200000, 1419753600000, 1419840000000, 1419926400000, 1420012800000, 1420099200000, 1420185600000, 1420272000000, 1420358400000, 1420444800000, 1420531200000, 1420617600000, 1420704000000, 1420790400000, 1420876800000, 1420963200000, 1421049600000, 1421136000000, 1421222400000, 1421308800000, 1421395200000, 1421481600000, 1421568000000, 1421654400000, 1421740800000, 1421827200000, 1421913600000, 1422000000000, 1422086400000, 1422172800000, 1422259200000, 1422345600000, 1422432000000, 1422518400000, 1422604800000, 1422691200000, 1422777600000, 1422864000000, 1422950400000, 1423036800000, 1423123200000, 1423209600000, 1423296000000, 1423382400000, 1423468800000, 1423555200000, 1423641600000, 1423728000000, 1423814400000, 1423900800000, 1423987200000, 1424073600000, 1424160000000, 1424246400000, 1424332800000, 1424419200000, 1424505600000, 1424592000000, 1424678400000, 1424764800000, 1424851200000, 1424937600000, 1425024000000, 1425110400000, 1425196800000, 1425283200000, 1425369600000, 1425456000000, 1425542400000, 1425628800000, 1425715200000, 1425801600000, 1425884400000, 1425970800000, 1426057200000, 1426143600000, 1426230000000, 1426316400000, 1426402800000, 1426489200000, 1426575600000, 1426662000000, 1426748400000, 1426834800000, 1426921200000, 1427007600000, 1427094000000, 1427180400000, 1427266800000, 1427353200000, 1427439600000, 1427526000000, 1427612400000, 1427698800000, 1427785200000, 1427871600000, 1427958000000, 1428044400000, 1428130800000, 1428217200000, 1428303600000, 1428390000000, 1428476400000, 1428562800000, 1428649200000, 1428735600000, 1428822000000, 1428908400000, 1428994800000, 1429081200000, 1429167600000, 1429254000000, 1429340400000, 1429426800000, 1429513200000, 1429599600000, 1429686000000, 1429772400000, 1429858800000, 1429945200000, 1430031600000, 1430118000000, 1430204400000, 1430290800000, 1430377200000, 1430463600000, 1430550000000, 1430636400000, 1430722800000, 1430809200000, 1430895600000, 1430982000000, 1431068400000, 1431154800000, 1431241200000, 1431327600000, 1431414000000, 1431500400000, 1431586800000, 1431673200000, 1431759600000, 1431846000000, 1431932400000, 1432018800000, 1432105200000, 1432191600000, 1432278000000, 1432364400000, 1432450800000, 1432537200000, 1432623600000, 1432710000000, 1432796400000, 1432882800000, 1432969200000, 1433055600000, 1433142000000, 1433228400000, 1433314800000, 1433401200000, 1433487600000, 1433574000000, 1433660400000, 1433746800000, 1433833200000, 1433919600000, 1434006000000, 1434092400000, 1434178800000, 1434265200000, 1434351600000, 1434438000000, 1434524400000, 1434610800000, 1434697200000, 1434783600000, 1434870000000, 1434956400000, 1435042800000, 1435129200000, 1435215600000, 1435302000000, 1435388400000, 1435474800000, 1435561200000, 1435647600000, 1435734000000, 1435820400000, 1435906800000, 1435993200000, 1436079600000, 1436166000000, 1436252400000, 1436338800000, 1436425200000, 1436511600000, 1436598000000, 1436684400000, 1436770800000, 1436857200000, 1436943600000, 1437030000000, 1437116400000, 1437202800000, 1437289200000, 1437375600000, 1437462000000, 1437548400000, 1437634800000, 1437721200000, 1437807600000, 1437894000000, 1437980400000, 1438066800000, 1438153200000, 1438239600000, 1438326000000, 1438412400000, 1438498800000, 1438585200000, 1438671600000, 1438758000000, 1438844400000, 1438930800000, 1439017200000, 1439103600000, 1439190000000, 1439276400000, 1439362800000, 1439449200000, 1439535600000, 1439622000000, 1439708400000, 1439794800000, 1439881200000, 1439967600000, 1440054000000, 1440140400000, 1440226800000, 1440313200000, 1440399600000, 1440486000000, 1440572400000, 1440658800000, 1440745200000, 1440831600000, 1440918000000, 1441004400000, 1441090800000, 1441177200000, 1441263600000, 1441350000000, 1441436400000, 1441522800000, 1441609200000, 1441695600000, 1441782000000, 1441868400000, 1441954800000, 1442041200000, 1442127600000, 1442214000000, 1442300400000, 1442386800000, 1442473200000, 1442559600000, 1442646000000, 1442732400000, 1442818800000, 1442905200000, 1442991600000, 1443078000000, 1443164400000, 1443250800000, 1443337200000, 1443423600000, 1443510000000, 1443596400000, 1443682800000, 1443769200000, 1443855600000, 1443942000000, 1444028400000, 1444114800000, 1444201200000, 1444287600000, 1444374000000, 1444460400000, 1444546800000, 1444633200000, 1444719600000, 1444806000000, 1444892400000, 1444978800000, 1445065200000, 1445151600000, 1445238000000, 1445324400000, 1445410800000, 1445497200000, 1445583600000, 1445670000000, 1445756400000, 1445842800000, 1445929200000, 1446015600000, 1446102000000, 1446188400000, 1446274800000, 1446361200000, 1446451200000, 1446537600000, 1446624000000, 1446710400000, 1446796800000, 1446883200000, 1446969600000, 1447056000000, 1447142400000, 1447228800000, 1447315200000, 1447401600000, 1447488000000, 1447574400000, 1447660800000, 1447747200000, 1447833600000, 1447920000000, 1448006400000, 1448092800000, 1448179200000, 1448265600000, 1448352000000, 1448438400000, 1448524800000, 1448611200000, 1448697600000, 1448784000000, 1448870400000, 1448956800000, 1449043200000, 1449129600000, 1449216000000, 1449302400000, 1449388800000, 1449475200000, 1449561600000, 1449648000000, 1449734400000, 1449820800000, 1449907200000, 1449993600000, 1450080000000, 1450166400000, 1450252800000, 1450339200000, 1450425600000, 1450512000000, 1450598400000, 1450684800000, 1450771200000, 1450857600000, 1450944000000, 1451030400000, 1451116800000, 1451203200000, 1451289600000, 1451376000000, 1451462400000, 1451548800000, 1451635200000, 1451721600000, 1451808000000, 1451894400000, 1451980800000, 1452067200000, 1452153600000, 1452240000000, 1452326400000, 1452412800000, 1452499200000, 1452585600000, 1452672000000, 1452758400000, 1452844800000, 1452931200000, 1453017600000, 1453104000000, 1453190400000, 1453276800000, 1453363200000, 1453449600000, 1453536000000, 1453622400000, 1453708800000, 1453795200000, 1453881600000, 1453968000000, 1454054400000, 1454140800000, 1454227200000, 1454313600000, 1454400000000, 1454486400000, 1454572800000, 1454659200000, 1454745600000, 1454832000000, 1454918400000, 1455004800000, 1455091200000, 1455177600000, 1455264000000, 1455350400000, 1455436800000, 1455523200000, 1455609600000, 1455696000000, 1455782400000, 1455868800000, 1455955200000, 1456041600000, 1456128000000, 1456214400000, 1456300800000, 1456387200000, 1456473600000, 1456560000000, 1456646400000, 1456732800000, 1456819200000, 1456905600000, 1456992000000, 1457078400000, 1457164800000, 1457251200000, 1457337600000, 1457424000000, 1457510400000, 1457596800000, 1457683200000, 1457769600000, 1457856000000, 1457938800000, 1458025200000, 1458111600000, 1458198000000, 1458284400000, 1458370800000, 1458457200000, 1458543600000, 1458630000000, 1458716400000, 1458802800000, 1458889200000, 1458975600000, 1459062000000, 1459148400000, 1459234800000, 1459321200000, 1459407600000, 1459494000000, 1459580400000, 1459666800000, 1459753200000, 1459839600000, 1459926000000, 1460012400000, 1460098800000, 1460185200000, 1460271600000, 1460358000000, 1460444400000, 1460530800000, 1460617200000, 1460703600000, 1460790000000, 1460876400000, 1460962800000, 1461049200000, 1461135600000, 1461222000000, 1461308400000, 1461394800000, 1461481200000, 1461567600000, 1461654000000, 1461740400000, 1461826800000, 1461913200000, 1461999600000, 1462086000000, 1462172400000, 1462258800000, 1462345200000, 1462431600000, 1462518000000, 1462604400000, 1462690800000, 1462777200000, 1462863600000, 1462950000000, 1463036400000, 1463122800000, 1463209200000, 1463295600000, 1463382000000, 1463468400000, 1463554800000, 1463641200000, 1463727600000, 1463814000000, 1463900400000, 1463986800000, 1464073200000, 1464159600000, 1464246000000, 1464332400000, 1464418800000, 1464505200000, 1464591600000, 1464678000000, 1464764400000, 1464850800000, 1464937200000, 1465023600000, 1465110000000, 1465196400000, 1465282800000, 1465369200000, 1465455600000, 1465542000000, 1465628400000, 1465714800000, 1465801200000, 1465887600000, 1465974000000, 1466060400000, 1466146800000, 1466233200000, 1466319600000, 1466406000000, 1466492400000, 1466578800000, 1466665200000, 1466751600000, 1466838000000, 1466924400000, 1467010800000, 1467097200000, 1467183600000, 1467270000000, 1467356400000, 1467442800000, 1467529200000, 1467615600000, 1467702000000, 1467788400000, 1467874800000, 1467961200000, 1468047600000, 1468134000000, 1468220400000, 1468306800000, 1468393200000, 1468479600000, 1468566000000, 1468652400000, 1468738800000, 1468825200000, 1468911600000, 1468998000000, 1469084400000, 1469170800000, 1469257200000, 1469343600000, 1469430000000, 1469516400000, 1469602800000, 1469689200000, 1469775600000, 1469862000000, 1469948400000, 1470034800000, 1470121200000, 1470207600000, 1470294000000, 1470380400000, 1470466800000, 1470553200000, 1470639600000, 1470726000000, 1470812400000, 1470898800000, 1470985200000, 1471071600000, 1471158000000, 1471244400000, 1471330800000, 1471417200000, 1471503600000, 1471590000000, 1471676400000, 1471762800000, 1471849200000, 1471935600000, 1472022000000, 1472108400000, 1472194800000, 1472281200000, 1472367600000, 1472454000000, 1472540400000, 1472626800000, 1472713200000, 1472799600000, 1472886000000, 1472972400000, 1473058800000, 1473145200000, 1473231600000, 1473318000000, 1473404400000, 1473490800000, 1473577200000, 1473663600000, 1473750000000, 1473836400000, 1473922800000, 1474009200000, 1474095600000, 1474182000000, 1474268400000, 1474354800000, 1474441200000, 1474527600000, 1474614000000, 1474700400000, 1474786800000, 1474873200000, 1474959600000, 1475046000000, 1475132400000, 1475218800000, 1475305200000, 1475391600000, 1475478000000, 1475564400000, 1475650800000, 1475737200000, 1475823600000, 1475910000000, 1475996400000, 1476082800000, 1476169200000, 1476255600000, 1476342000000, 1476428400000, 1476514800000, 1476601200000, 1476687600000, 1476774000000, 1476860400000, 1476946800000, 1477033200000, 1477119600000, 1477206000000, 1477292400000, 1477378800000, 1477465200000, 1477551600000, 1477638000000, 1477724400000, 1477810800000, 1477897200000, 1477983600000, 1478070000000, 1478156400000, 1478242800000, 1478329200000, 1478415600000, 1478505600000, 1478592000000, 1478678400000, 1478764800000, 1478851200000, 1478937600000, 1479024000000, 1479110400000, 1479196800000, 1479283200000, 1479369600000, 1479456000000, 1479542400000, 1479628800000, 1479715200000, 1479801600000, 1479888000000, 1479974400000, 1480060800000, 1480147200000, 1480233600000, 1480320000000, 1480406400000, 1480492800000, 1480579200000, 1480665600000, 1480752000000, 1480838400000, 1480924800000, 1481011200000, 1481097600000, 1481184000000, 1481270400000, 1481356800000, 1481443200000, 1481529600000, 1481616000000, 1481702400000, 1481788800000, 1481875200000, 1481961600000, 1482048000000, 1482134400000, 1482220800000, 1482307200000, 1482393600000, 1482480000000, 1482566400000, 1482652800000, 1482739200000, 1482825600000, 1482912000000, 1482998400000, 1483084800000, 1483171200000, 1483257600000, 1483344000000, 1483430400000, 1483516800000, 1483603200000, 1483689600000, 1483776000000, 1483862400000, 1483948800000, 1484035200000, 1484121600000, 1484208000000, 1484294400000, 1484380800000, 1484467200000, 1484553600000, 1484640000000, 1484726400000, 1484812800000, 1484899200000, 1484985600000, 1485072000000, 1485158400000, 1485244800000, 1485331200000, 1485417600000, 1485504000000, 1485590400000, 1485676800000, 1485763200000, 1485849600000, 1485936000000, 1486022400000, 1486108800000, 1486195200000, 1486281600000, 1486368000000, 1486454400000, 1486540800000, 1486627200000, 1486713600000, 1486800000000, 1486886400000, 1486972800000, 1487059200000, 1487145600000, 1487232000000, 1487318400000, 1487404800000, 1487491200000, 1487577600000, 1487664000000, 1487750400000, 1487836800000, 1487923200000, 1488009600000, 1488096000000, 1488182400000, 1488268800000, 1488355200000, 1488441600000, 1488528000000, 1488614400000, 1488700800000, 1488787200000, 1488873600000, 1488960000000, 1489046400000, 1489132800000, 1489219200000, 1489305600000, 1489388400000, 1489474800000, 1489561200000, 1489647600000, 1489734000000, 1489820400000, 1489906800000, 1489993200000, 1490079600000, 1490166000000, 1490252400000, 1490338800000, 1490425200000, 1490511600000, 1490598000000, 1490684400000, 1490770800000, 1490857200000, 1490943600000, 1491030000000, 1491116400000, 1491202800000, 1491289200000, 1491375600000, 1491462000000, 1491548400000, 1491634800000, 1491721200000, 1491807600000, 1491894000000, 1491980400000, 1492066800000, 1492153200000, 1492239600000, 1492326000000, 1492412400000, 1492498800000, 1492585200000, 1492671600000, 1492758000000, 1492844400000, 1492930800000, 1493017200000, 1493103600000, 1493190000000, 1493276400000, 1493362800000, 1493449200000, 1493535600000, 1493622000000, 1493708400000, 1493794800000, 1493881200000, 1493967600000, 1494054000000, 1494140400000, 1494226800000, 1494313200000, 1494399600000, 1494486000000, 1494572400000, 1494658800000, 1494745200000, 1494831600000, 1494918000000, 1495004400000, 1495090800000, 1495177200000, 1495263600000, 1495350000000, 1495436400000]}, "shares": {"daily": {"data": [58563, 13844, 9331, 7474, 5367, 3869, 4236, 3058, 2816, 2897, 3075, 2676, 2966, 2637, 2340, 2240, 2391, 2141, 1942, 1893, 2099, 1947, 1842, 1928, 1902, 1772, 1782, 1763, 1697, 1751, 1825, 1812, 1612, 1630, 1546, 1558, 1467, 1644, 1761, 1489, 1380, 1294, 1306, 1368, 1427, 1702, 1397, 1214, 1144, 1230, 1171, 1314, 1424, 1262, 1133, 1177, 1143, 1153, 1247, 1261, 1159, 1076, 1116, 1036, 1108, 1218, 1202, 1050, 975, 1022, 986, 994, 1330, 1380, 1203, 1060, 996, 1331, 1299, 1339, 1372, 1345, 1196, 1187, 828, 755, 830, 868, 825, 697, 646, 624, 718, 761, 765, 761, 661, 555, 664, 661, 714, 828, 622, 669, 584, 621, 596, 633, 658, 612, 655, 601, 567, 590, 591, 636, 619, 565, 512, 453, 517, 537, 522, 479, 407, 467, 481, 493, 499, 478, 430, 421, 435, 408, 431, 441, 501, 425, 421, 443, 420, 412, 457, 461, 422, 350, 353, 432, 486, 397, 459, 435, 348, 359, 392, 432, 417, 446, 368, 391, 411, 381, 341, 387, 441, 353, 347, 329, 355, 332, 358, 379, 317, 356, 352, 324, 344, 369, 417, 336, 358, 333, 342, 358, 417, 472, 425, 332, 308, 318, 272, 278, 337, 321, 289, 275, 304, 294, 303, 307, 298, 234, 280, 265, 236, 273, 367, 284, 230, 265, 242, 297, 368, 295, 259, 246, 240, 235, 224, 286, 291, 285, 272, 269, 237, 255, 288, 373, 272, 261, 256, 274, 257, 279, 334, 245, 248, 289, 301, 274, 254, 263, 275, 226, 280, 278, 234, 280, 303, 245, 239, 262, 223, 214, 294, 297, 309, 257, 209, 210, 208, 232, 258, 228, 220, 217, 219, 210, 200, 284, 221, 222, 210, 266, 238, 279, 337, 237, 223, 259, 201, 281, 254, 222, 193, 215, 178, 213, 160, 222, 246, 196, 189, 180, 185, 199, 186, 231, 183, 148, 182, 187, 176, 201, 185, 195, 166, 151, 188, 170, 159, 185, 184, 177, 165, 189, 186, 174, 187, 160, 205, 160, 168, 181, 190, 174, 142, 174, 186, 220, 197, 247, 235, 184, 203, 218, 216, 184, 196, 168, 150, 194, 182, 169, 178, 167, 175, 155, 192, 165, 178, 197, 180, 170, 159, 178, 185, 165, 161, 198, 179, 155, 188, 192, 204, 594, 217, 159, 150, 176, 168, 168, 168, 201, 183, 150, 193, 151, 142, 146, 182, 146, 143, 124, 137, 139, 158, 171, 158, 127, 113, 127, 123, 125, 157, 154, 124, 138, 148, 157, 136, 149, 134, 105, 122, 138, 144, 130, 153, 160, 146, 138, 123, 124, 106, 123, 164, 139, 160, 124, 103, 132, 147, 154, 117, 111, 108, 109, 125, 106, 123, 115, 115, 99, 115, 106, 135, 129, 116, 134, 119, 111, 130, 134, 132, 131, 127, 120, 159, 144, 130, 160, 148, 125, 140, 185, 136, 181, 163, 157, 145, 135, 152, 125, 162, 166, 127, 111, 127, 138, 310, 559, 620, 514, 486, 469, 469, 453, 503, 581, 485, 466, 435, 469, 424, 567, 500, 432, 446, 440, 420, 469, 471, 534, 406, 372, 365, 336, 333, 409, 404, 341, 318, 324, 357, 356, 364, 414, 312, 366, 273, 256, 361, 394, 394, 346, 324, 301, 314, 358, 362, 388, 341, 340, 301, 316, 343, 376, 338, 327, 291, 323, 309, 316, 347, 347, 328, 292, 327, 312, 349, 398, 344, 343, 331, 372, 371, 374, 377, 447, 344, 325, 312, 320, 345, 354, 360, 302, 300, 276, 306, 302, 377, 371, 337, 307, 319, 293, 278, 245, 308, 273, 260, 290, 242, 224, 298, 384, 263, 282, 245, 282, 256, 278, 299, 245, 225, 233, 216, 248, 265, 308, 232, 235, 234, 245, 232, 228, 333, 250, 241, 242, 218, 236, 237, 252, 200, 215, 209, 207, 223, 229, 221, 212, 202, 201, 204, 201, 258, 142, 145, 157, 165, 196, 192, 167, 243, 183, 218, 202, 183, 189, 229, 242, 188, 172, 153, 204, 189, 219, 204, 171, 156, 169, 175, 195, 194, 207, 188, 168, 200, 218, 151, 189, 226, 144, 155, 157, 178, 185, 217, 201, 198, 163, 168, 135, 203, 209, 207, 181, 231, 176, 143, 200, 202, 233, 191, 172, 163, 209, 193, 155, 181, 161, 186, 270, 164, 179, 169, 167, 161, 160, 136, 149, 196, 168, 149, 160, 157, 180, 175, 174, 174, 188, 144, 176, 167, 148, 180, 154, 157, 137, 173, 162, 167, 142, 152, 150, 122, 100, 126, 132, 166, 154, 155, 143, 137, 158, 161, 162, 852, 266, 167, 163, 164, 150, 184, 170, 142, 160, 154, 169, 156, 151, 164, 157, 135, 153, 124, 122, 159, 119, 126, 134, 127, 148, 163, 126, 138, 149, 138, 124, 125, 130, 142, 153, 146, 132, 141, 128, 144, 168, 135, 154, 123, 121, 124, 135, 147, 141, 117, 116, 131, 109, 107, 134, 103, 122, 132, 107, 98, 105, 104, 109, 115, 113, 115, 113, 125, 165, 155, 170, 132, 118, 127, 135, 104, 122, 133, 118, 85, 90, 91, 119, 125, 75, 107, 81, 101, 105, 100, 86, 104, 83, 97, 85, 119, 128, 103, 118, 90, 93, 96, 95, 112, 110, 114, 84, 67, 86, 103, 88, 120, 115, 85, 99, 89, 99, 95, 133, 138, 108, 105, 96, 83, 105, 126, 122, 111, 113, 100, 94, 62, 101, 105, 104, 83, 94, 104, 120, 76, 101, 113, 84, 109, 90, 87, 90, 83, 92, 84, 77, 70, 73, 72, 84, 77, 78, 59, 90, 95, 90, 81, 89, 77, 74, 20, 65, 70, 79, 72, 78, 71, 61, 72, 142, 159, 149, 184, 163, 153, 151, 173, 172, 162, 166, 139, 139, 141, 182, 186, 174, 148, 180, 150, 151, 161, 165, 180, 166, 168, 173, 155, 155, 183, 181, 179, 161, 166, 146, 161, 211, 208, 151, 185, 219, 268, 229, 256, 212, 272, 230, 266, 250, 238, 286, 263, 189, 222, 244, 237, 270, 292, 288, 203, 227, 234, 206, 228, 248, 263, 248, 254, 210, 252, 211, 227, 194, 201, 192, 190, 233, 260, 243, 217, 227, 249, 189, 206, 270, 254, 235, 248, 241, 221, 234, 325, 279, 276, 298, 196, 283, 252, 280, 272, 228, 246, 192, 218, 198, 252, 255, 256, 233, 228, 341, 335, 358, 370, 380, 304, 334, 320, 276, 333, 376, 334, 335, 278, 292, 351, 340, 324, 331, 310, 326, 300, 331, 320, 342, 343, 284, 317, 344, 320, 323, 328, 358, 351, 339, 360, 316, 370, 380, 378, 331, 368, 389, 373, 399, 437, 368, 374, 349, 357, 336, 374, 380, 345, 407, 363, 363, 432, 416, 430, 414, 452, 418, 477, 390, 344, 403, 345, 394, 384, 356, 392, 341, 362, 383, 377, 379, 397, 424, 411, 947, 453, 437, 381, 422, 396, 410, 401, 380, 392, 358, 413, 481, 446, 400, 427, 398, 451, 437, 463, 433, 481, 400, 439, 450, 441, 416, 569, 530, 550, 577, 519, 605, 543, 528, 624, 625, 539, 526, 512, 522, 573, 653, 566, 490, 462, 509, 442, 484, 487, 531, 490, 490, 421, 504, 474, 583, 504, 447, 440, 487, 453, 498, 483, 473, 467, 505, 471, 488, 478, 555, 559, 458, 480, 454, 508, 466, 519, 538, 450, 516, 447, 530, 598, 558, 536, 506, 475, 510, 499, 515, 506, 518, 530, 497, 513, 498, 482, 608, 567, 532, 459, 511, 517, 555, 631, 510, 416, 384, 425, 493, 516, 592, 514, 477, 480, 526, 469, 548, 590, 604, 442, 445, 449, 489, 569, 542, 527, 446, 463, 530, 464, 467, 559, 548, 442, 483, 491, 475, 550, 559, 533, 541, 556, 579, 459, 563, 523, 567, 566, 584, 644, 488, 503, 570, 601, 555, 559, 543, 581, 566, 615, 618, 513, 581, 586, 553, 648, 674, 586, 570, 583, 602, 586, 668, 729, 654, 600, 655, 649, 666, 651, 694, 725, 646, 616, 640, 657, 668, 664, 607, 597, 612, 635, 617, 654, 651, 636, 582, 562, 612, 613, 592, 663, 593, 509, 521, 576, 573, 591, 683, 617, 487, 680, 580, 624, 600, 616, 605, 514, 524, 576, 588, 555, 685, 610, 524, 483, 515, 532, 537, 611, 570, 514, 548, 525, 585, 558, 571, 540, 500, 494, 474, 472, 493, 555, 744, 533, 504, 498, 481, 543, 595, 581, 512, 485, 470, 459, 484, 519, 460, 440, 460, 455, 452, 519, 530, 506, 476, 479, 519, 537, 538, 596, 566, 525, 522, 552, 563, 632, 631, 637, 558, 573, 561, 572, 581, 633, 583, 639, 534, 571, 560, 594, 614, 625, 477, 535, 575, 643, 599, 590, 628, 511, 527, 499, 568, 559, 617, 600, 544, 532, 598, 605, 630, 598, 717, 707, 661, 648, 698, 645, 740, 650, 587, 666, 627, 657, 612, 677, 617, 569, 648, 643, 652, 679, 633, 690, 640, 621, 634, 627, 666, 619, 644, 607, 643, 653, 616, 636, 627, 548, 606, 590, 543, 630, 636, 568, 621, 565, 621, 591, 610, 549, 582, 625, 820, 663, 651, 629, 600, 645, 853, 623, 637, 598, 631, 627, 593, 581, 575, 546, 574, 616, 607, 636, 577, 541, 566, 547, 549, 620, 573, 564, 502, 553, 498, 555, 561, 595, 592, 521, 584, 574, 537, 530, 638, 682, 523, 563, 610, 560, 642, 598, 591, 591, 535, 517, 539, 571, 616, 670, 543, 531, 515, 559, 552, 655, 639, 531, 531, 550, 526, 695, 723, 683, 575, 522, 527, 563, 503, 608, 608, 553, 516, 506, 538, 583, 724, 610, 529, 563, 567, 615, 653, 661, 636, 597, 672, 651, 669, 711, 773, 810, 567, 687, 655, 786, 875, 938, 903, 691, 650, 648, 754, 717, 874, 774, 679, 681, 653, 678, 787, 877, 771, 644, 712, 715, 703, 743, 794, 755, 648, 604, 625, 636, 622, 709, 785, 622, 643, 635, 591, 708, 744, 693, 632, 662, 685, 697, 748, 680, 736, 736, 805, 725, 742, 753, 537, 612, 696, 678, 631, 715, 770, 803, 718, 660, 644, 676, 754, 655, 731, 688, 644, 681, 635, 627, 657, 681, 688, 625, 633, 626, 613, 677, 603, 612, 588, 577, 604, 641, 668, 765, 646, 630, 621, 613, 606, 633, 677, 660, 562, 604, 678, 681, 620, 711, 729, 611, 671, 643, 649, 682, 718, 675, 596, 613, 776, 686, 717, 781, 695, 596, 574, 530, 574, 670, 747, 676, 579, 579, 643, 588, 638, 766, 739, 632, 678, 626, 618, 637, 717, 742, 627, 644, 774, 842, 807, 781, 861, 706, 739, 697, 712, 673, 783, 756, 699, 606, 748, 796, 708, 694, 762, 847, 806, 700, 738, 765, 850, 783, 670, 660, 691, 705, 829, 780, 740, 681, 624, 643, 735, 706, 773, 850, 663, 655, 817, 836, 741, 750, 727, 676, 743, 770, 810, 747, 852, 817, 635], "opt": {"enableInteractivity": false, "hAxis": {"textStyle": {"color": "#666"}, "gridlines": {"color": "transparent"}, "baselineColor": "transparent", "slantedText": false, "viewWindow": {}}, "vAxis": {"textStyle": {"color": "#666"}, "gridlines": {"color": "#f0f0f0"}, "baselineColor": "#e2e2e2", "titleTextStyle": {"color": "#666"}, "minValue": 0, "maxValue": 58564}, "pointSize": 0, "legend": {"position": "none"}, "chartArea": {"left": 67.0, "top": 30}, "colors": ["#8882ef"], "tooltip": {"trigger": "none"}}}}, "views": {"daily": {"data": [3986140, 2590209, 2779249, 2589025, 1796338, 1148139, 1403700, 1015034, 907996, 954574, 1049943, 969236, 1085492, 947281, 874821, 859864, 905439, 835592, 762375, 748699, 799473, 743196, 739817, 775250, 820634, 742439, 721378, 706556, 691224, 724048, 792670, 812275, 748352, 702791, 629468, 648863, 626170, 700867, 798540, 723114, 595917, 576718, 618901, 619936, 663148, 846245, 677656, 576155, 530367, 540014, 575004, 659974, 771089, 659104, 535088, 525251, 566714, 582611, 659926, 758357, 664863, 558584, 582575, 606428, 607364, 699154, 768386, 663331, 562209, 542886, 556141, 584972, 789674, 970103, 824202, 645317, 597631, 623235, 585599, 655221, 774684, 641451, 527391, 503734, 501958, 501060, 552720, 650768, 568333, 473443, 442790, 423566, 493271, 564949, 646217, 558724, 428407, 432238, 435023, 459560, 525057, 627470, 528837, 469540, 436475, 456364, 437864, 515272, 552392, 496528, 426647, 449794, 471977, 436333, 444881, 473884, 395678, 317956, 322540, 324316, 326481, 370829, 406278, 333063, 282987, 285161, 323579, 344078, 377505, 414664, 329889, 283896, 290642, 291240, 291503, 319324, 355788, 291933, 257754, 275391, 265589, 266903, 322742, 321725, 320951, 321082, 335865, 329104, 330215, 330474, 336865, 310857, 325920, 277838, 292018, 290816, 328912, 356349, 310910, 264396, 267958, 284432, 266953, 334456, 367614, 304161, 247253, 250939, 258252, 267409, 303207, 329071, 288608, 275630, 197751, 269324, 271426, 329546, 400615, 330838, 305419, 316666, 310738, 294046, 373574, 444843, 365908, 301336, 271641, 289020, 297623, 338619, 392290, 342460, 287291, 261353, 249812, 246824, 298331, 333500, 282462, 246573, 236404, 236210, 243460, 281987, 337606, 278799, 203420, 217511, 234022, 260512, 311863, 331677, 264944, 211615, 203280, 211230, 226660, 274598, 338690, 292413, 249934, 252139, 238234, 253399, 296908, 331767, 260680, 209157, 206080, 252725, 255251, 282185, 339357, 249749, 247581, 265417, 271132, 276955, 279760, 281174, 257283, 249226, 259652, 256564, 233804, 263701, 280271, 253448, 212491, 223914, 245848, 237112, 292294, 355165, 297206, 228876, 224893, 227062, 215873, 253748, 282547, 236400, 209094, 211904, 229337, 200356, 225707, 296102, 249812, 211450, 209586, 269788, 263975, 300269, 335610, 275252, 246655, 235872, 237784, 253444, 273836, 281302, 241844, 206916, 204273, 212503, 205050, 229028, 258522, 228897, 211657, 195557, 192038, 198483, 219689, 246206, 215715, 196338, 189612, 194782, 195620, 209858, 230662, 204669, 180169, 176982, 195561, 193698, 206143, 231578, 201676, 187478, 187823, 186201, 184033, 184998, 198333, 174971, 168630, 161560, 159786, 170378, 162201, 157040, 150416, 150709, 186765, 201404, 226352, 247292, 236543, 217705, 243048, 247903, 227471, 229145, 231405, 225738, 202260, 214239, 213116, 208286, 190111, 193048, 194128, 183404, 201383, 198994, 192778, 197256, 201895, 194059, 179645, 201665, 198490, 194957, 194808, 204819, 191101, 177700, 197474, 199722, 197187, 215333, 199767, 164839, 146265, 135662, 136602, 160217, 210537, 207716, 203893, 189935, 200467, 194116, 199089, 191578, 203580, 198323, 181889, 180364, 183938, 183309, 188124, 202844, 209397, 183976, 175557, 174498, 174623, 182875, 201243, 211068, 195272, 182032, 172505, 167900, 157592, 165470, 197474, 175547, 155413, 163108, 173454, 164662, 186585, 207474, 182728, 155794, 153216, 150749, 154067, 176906, 218642, 193556, 160388, 161486, 163844, 173025, 197672, 226592, 179196, 143219, 147502, 156934, 159565, 181592, 213624, 188077, 150626, 154342, 165787, 169135, 190042, 210214, 184447, 172884, 156683, 159140, 171431, 197357, 221345, 189891, 165240, 158775, 166218, 174291, 197382, 223136, 193410, 167184, 178903, 177508, 173850, 206711, 222267, 195591, 167137, 167923, 176501, 178956, 212290, 231091, 193110, 165742, 169771, 172348, 181237, 210642, 241829, 192576, 161775, 165589, 177622, 179271, 195508, 224221, 196396, 160093, 172352, 197257, 197002, 215322, 232736, 194735, 179226, 196439, 200627, 207280, 217878, 239965, 204577, 162244, 150786, 152373, 150691, 167519, 187999, 158670, 133530, 134594, 149160, 164142, 172252, 167345, 155186, 159784, 150239, 165426, 179046, 191756, 187270, 167712, 176699, 173895, 154469, 171349, 186883, 185915, 161362, 146358, 142310, 145803, 153663, 162179, 188567, 154483, 124931, 140040, 151454, 139158, 164381, 190689, 169082, 147036, 134132, 145749, 166041, 178878, 172651, 164559, 144869, 153018, 166300, 187898, 189230, 219619, 181887, 154575, 145867, 160400, 157383, 163508, 185710, 163496, 136246, 136999, 143613, 149781, 180287, 205213, 182529, 166307, 163403, 135815, 134704, 153136, 165501, 140935, 120601, 126004, 124158, 127090, 142082, 168421, 135801, 127708, 122325, 118237, 122745, 141850, 160683, 130609, 118372, 118025, 120084, 133483, 141499, 170729, 142958, 126363, 120196, 123074, 132189, 135609, 169702, 142983, 128363, 121923, 128435, 125147, 131720, 144818, 118651, 107343, 107718, 108762, 117689, 129199, 145178, 125670, 109712, 112333, 114631, 112044, 126617, 124747, 104851, 104889, 105588, 106352, 121851, 123936, 123549, 110439, 111780, 107228, 106761, 107018, 118647, 130247, 109200, 93700, 93062, 114114, 122059, 130274, 129274, 114117, 107291, 108321, 114924, 122483, 135407, 144548, 127707, 117871, 124902, 124923, 119790, 128793, 146772, 125861, 109247, 109801, 115489, 115955, 125193, 142763, 121896, 117027, 113443, 105729, 123772, 136106, 156180, 135220, 120304, 109632, 111033, 135942, 140644, 149147, 139916, 130972, 128294, 135030, 127968, 136344, 141735, 113784, 109755, 110057, 110551, 117176, 126449, 125743, 114797, 109707, 112928, 122151, 128983, 137613, 130451, 122218, 125349, 123558, 127656, 131141, 123273, 129659, 122267, 132099, 130291, 132051, 147412, 148938, 148361, 134267, 143855, 146653, 145624, 143272, 144016, 136737, 117703, 108799, 96641, 101827, 128953, 133856, 133008, 122018, 131990, 130445, 133047, 144684, 238145, 185462, 145929, 141661, 140041, 140364, 143198, 149964, 143054, 134293, 142014, 141581, 144609, 144567, 146662, 149252, 124229, 120026, 115152, 120168, 123576, 126716, 134346, 122544, 111305, 116676, 114518, 118934, 125089, 134950, 126132, 120592, 113257, 113868, 127477, 135944, 157325, 136028, 119127, 120368, 125470, 128552, 136227, 152103, 132249, 110706, 110769, 109816, 113813, 128649, 149276, 119088, 96746, 102039, 103083, 103354, 115662, 130062, 111691, 93337, 89113, 98273, 106054, 118594, 129388, 126976, 106639, 108994, 113267, 125879, 140009, 158262, 138776, 123662, 119148, 119139, 123302, 137625, 152856, 135006, 102122, 103511, 103528, 112379, 119654, 129066, 116547, 106069, 98076, 107676, 109057, 112328, 130927, 122047, 106418, 106507, 112988, 135879, 148522, 171106, 147203, 130207, 135403, 135645, 146713, 158352, 177710, 143367, 123432, 127507, 129543, 132942, 150369, 167917, 147010, 130079, 132327, 140268, 148843, 162146, 172365, 153054, 130656, 132479, 136711, 144268, 152973, 170967, 150863, 134123, 130622, 138232, 140635, 150544, 164501, 144251, 133772, 137162, 140881, 140624, 150665, 158628, 149234, 149859, 155468, 148088, 135427, 149189, 135642, 128366, 135873, 138788, 136261, 118670, 134398, 137118, 126105, 123545, 121528, 121986, 134291, 146008, 159217, 137563, 120426, 120463, 124439, 128485, 137767, 154252, 135687, 126803, 118812, 122811, 131003, 143321, 158755, 138450, 128470, 132882, 135850, 134364, 144556, 156861, 135214, 126175, 127821, 129389, 133777, 169321, 189680, 162163, 141196, 143197, 143858, 146885, 154899, 168177, 154511, 149110, 143558, 143036, 147849, 155203, 171661, 152848, 138656, 141132, 143961, 149341, 164317, 187162, 176729, 148616, 147086, 152223, 161671, 170986, 193482, 159934, 143802, 145553, 146556, 151223, 162141, 193429, 166687, 144077, 141846, 151549, 158023, 172491, 195802, 176376, 154805, 151212, 155666, 156737, 171793, 195904, 187440, 176500, 171763, 181150, 190619, 188260, 193633, 181003, 176907, 174270, 168150, 184897, 190029, 201609, 176934, 156319, 156895, 157270, 164511, 180199, 199613, 185441, 168552, 168274, 167211, 173197, 191904, 211414, 187978, 163927, 170375, 174146, 190431, 211889, 208725, 186673, 168159, 170198, 173023, 175482, 190153, 216058, 188911, 170694, 168942, 173620, 180344, 185331, 197384, 173321, 154394, 156423, 156373, 167904, 190341, 203639, 179804, 168182, 158260, 156044, 161281, 172288, 186687, 164873, 151185, 156558, 160726, 168404, 170894, 183166, 165504, 153524, 165911, 166910, 166142, 170917, 182360, 171769, 165512, 164294, 162716, 162337, 170246, 178463, 164080, 165867, 165291, 164979, 169645, 177279, 177137, 163786, 171871, 171551, 170926, 171921, 173801, 166774, 161961, 169094, 173113, 176541, 175591, 175444, 168671, 160777, 166139, 173431, 185220, 181235, 175908, 169690, 161472, 171327, 165919, 166945, 167263, 169403, 165740, 156977, 165622, 165533, 164790, 172510, 175334, 190436, 164738, 169067, 170628, 166662, 167776, 171320, 170961, 160530, 165496, 166548, 162973, 166089, 170709, 168354, 155984, 160512, 160561, 160257, 161976, 169898, 170255, 131000, 152333, 155170, 155693, 160561, 216564, 224070, 202165, 245044, 230047, 259343, 231724, 244974, 312589, 273745, 232908, 244235, 245076, 232743, 232257, 273276, 250778, 214416, 196343, 195321, 196096, 211665, 232862, 211011, 194600, 203909, 189857, 181158, 198441, 239008, 211420, 181619, 186860, 191749, 199888, 214966, 238600, 209600, 190491, 199791, 202943, 199137, 221845, 260821, 226844, 189169, 185918, 185593, 196040, 216930, 230180, 205916, 185698, 195496, 198883, 212983, 235431, 249085, 216265, 197493, 201147, 207811, 214329, 224309, 217310, 205284, 200404, 199363, 193413, 189517, 212168, 253373, 211950, 180895, 194872, 209361, 217717, 246629, 290574, 236627, 175076, 153825, 188477, 220851, 245296, 279570, 240183, 220498, 227051, 236775, 239691, 256373, 273477, 227274, 206764, 289879, 317167, 360283, 399850, 408779, 316052, 317148, 273998, 285778, 315012, 317833, 315644, 266340, 281192, 306634, 252855, 269561, 282009, 280422, 237358, 256314, 262472, 261271, 235383, 209386, 222820, 212885, 240062, 242742, 249286, 249734, 195070, 215672, 207685, 213780, 213420, 214292, 206183, 205250, 231888, 208408, 196504, 204212, 212093, 217192, 238867, 255797, 215221, 204121, 199777, 207552, 212714, 254031, 277790, 244778, 224201, 231131, 237149, 239082, 261720, 275152, 241214, 251324, 252114, 247331, 250477, 262527, 264203, 229332, 210762, 215534, 220196, 220486, 236794, 257339, 222166, 214087, 209167, 206375, 215516, 227599, 242230, 208508, 185269, 196534, 208175, 210666, 228355, 250624, 212828, 196775, 220096, 211707, 195338, 182814, 207959, 180328, 162388, 161620, 166113, 173039, 186073, 210946, 181729, 167963, 173507, 180965, 187360, 193433, 209389, 191753, 179612, 175573, 178572, 192852, 192108, 199676, 185501, 182686, 175249, 172589, 182072, 195805, 213936, 201329, 178929, 171424, 174604, 172950, 182125, 207571, 182158, 141706, 166786, 174908, 161577, 171462, 200097, 168094, 151165, 158538, 158087, 164115, 169976, 180868, 160732, 147412, 148902, 150842, 149544, 162683, 173157, 160258, 149316, 152712, 162237, 169035, 175178, 183054, 161364, 155918, 163749, 168489, 165004, 174941, 193417, 167168, 154272, 152382, 157008, 159847, 168933, 189090, 161329, 151554, 155695, 166780, 168915, 173652, 170951, 155411, 155999, 157012, 160781, 162390, 166207, 171065, 151116, 148282, 149289, 156580, 166400, 173287, 178450, 165945, 183488, 200182, 188235, 204172, 208347, 220708, 182179, 196598, 187100, 171177, 178779, 189120, 179703, 159498, 171863, 172564, 179379, 190486, 202606, 192110, 168312, 182285, 186179, 190360, 188144, 182174, 170536, 152779, 165970, 166311, 165473, 169224, 166690, 158847, 144110, 151674, 151762, 151333, 158568, 164098, 155519, 136310, 149864, 153057, 150886, 156877, 158049, 152154, 135388, 159295, 157163, 158487, 159980, 166518, 164083, 153405, 156425, 154963, 159055, 163335, 167377, 163789, 147281, 147177, 150185, 157893, 159257, 166188, 166460, 147576, 145223, 146221, 154553, 153047, 159271, 167549, 151496, 146828, 146855, 140797, 142874, 154627, 175695, 155291, 148492, 145063, 148231, 141803, 149033, 174266, 164146, 147297, 149273, 150904, 151569, 157968, 168243, 149474, 138377, 136129, 143192, 140372, 148833, 167176, 151826, 136669, 136032, 138092, 136821, 145760, 155395, 145314, 135007, 137511, 150057, 150860, 158642, 172494, 151760, 136740, 131761, 136299, 137712, 151161, 174848, 152114, 129806, 128021, 129383, 135575, 144296, 163651, 143671, 132907, 137749, 141373, 150594, 159513, 170115, 153643, 139932, 149260, 153222, 153750, 159816, 174867, 155939, 132441, 136914, 139276, 147606, 168775, 201904, 179386, 147218, 144696, 146346, 146075, 155864, 181975, 147928, 133355, 138560, 147049, 149096, 165012, 182854, 164064, 147055, 151529, 159104, 165280, 169375, 185757, 161436, 145769, 144162, 152690, 156036, 151899, 163945, 148906, 135637, 138135, 133911, 134054, 150565, 160311, 138781, 128856, 133583, 138599, 150543, 151413, 143362, 123281, 129172, 135981, 141190, 142583, 136693, 132644, 109794, 127522, 129999, 129198, 134607, 144319, 150823, 125098, 115580, 116494, 119717, 121367, 131325, 146238, 139828, 132853, 129520, 126875, 131340, 124127, 134512, 119824, 112721, 115429, 116865, 120061, 130275, 121552, 111874, 110151, 113643, 123302, 126198, 137121, 149215, 127398, 116182, 119136, 125306, 128069, 139785, 150749, 129572, 118641, 120179, 128120, 128960, 130066, 141283, 125012, 119561, 117795, 112719, 122070, 131811, 142414, 124558, 110903, 112117, 123391, 118277, 126668, 133369, 115107, 107911, 108978, 106156, 109651, 125877, 145343, 123592, 113655, 117843, 123084, 128674, 137376, 146717, 127127, 118719, 122956, 126243, 127177, 137480, 151692, 129090, 118095, 118010, 127505, 131286, 139184, 137029, 124097, 120106, 121630, 121589, 125152, 124156, 138310, 120501, 119390, 119431, 124591, 132056, 123420, 118619, 108731, 121272, 119175, 120345, 122269, 132775, 146834, 128564, 115199, 119752, 116836, 115893, 128962, 142751, 132958, 118874, 110117, 118958, 129373, 136447, 149436, 132958, 121748, 127039, 146989, 152398, 148337, 155378, 138885, 134368, 133974, 136047, 142955, 153162, 168231, 138140, 127090], "opt": {"enableInteractivity": false, "hAxis": {"textStyle": {"color": "#666"}, "gridlines": {"color": "transparent"}, "baselineColor": "transparent", "slantedText": false, "viewWindow": {}}, "vAxis": {"textStyle": {"color": "#666"}, "gridlines": {"color": "#f0f0f0"}, "baselineColor": "#e2e2e2", "titleTextStyle": {"color": "#666"}, "minValue": 0, "maxValue": 3986141}, "pointSize": 0, "legend": {"position": "none"}, "chartArea": {"left": 81.0, "top": 30}, "colors": ["#73c421"], "tooltip": {"trigger": "none"}}}}}]]></graph_data></root>