<?xml version="1.0" encoding="utf-8"?><root><html_content><![CDATA[

      <div id="watch-actions-stats" class="watch-actions-stats-rats stats-cumulative top-selected-views" data-current-mode-css="stats-mode-daily" data-current-top-site-css="top-selected-views" data-current-metric-css="stats-metric-views">
        <div class="stats-header">
    <h1>
      <span class="stats-header-text yt-card-title">Video statistics</span>
<span class="stats-sub-header">Through May 22, 2017  
  <span class="yt-uix-clickcard">
    <button class="yt-uix-clickcard-target" aria-label="Learn more." aria-haspopup="true" data-position="topleft" type="button">
      <span class="yt-help-icon yt-sprite"></span>
    </button>
    <span class="yt-uix-clickcard-content" role="dialog" aria-label="Learn more." aria-describedby="-2971798958348711295">
      <button class="yt-uix-clickcard-close" aria-label="Close learn more dialog."></button>
      <p id="-2971798958348711295">The video statistics shown below are updated daily. They may lag behind the view count shown directly beneath the video, which updates many times a day.
      </p>
    </span>
  </span>

</span>
    </h1>

  </div>

        <table class="stats-bragbar-container yt-uix-button-group yt-uix-tabs" data-uix-tabs-selected-extra-class="yt-uix-button-toggled">
    <tr>
          <td class="stats-bragbar stats-bragbar-views yt-uix-button yt-uix-tabs-tab  yt-uix-tabs-selected yt-uix-button-toggled" data-uix-tabs-target-id="stats-chart-tab-views" data-top-site-css="top-selected-views" data-metric-css="stats-metric-views" style="border-bottom-color: #73c421">
    <span class="metric-label">Views</span>
    <div class="bragbar-metric-large">37,222,168</div>
  </td>

        <td class="stats-bragbar-filler"></td>
    </tr>
  </table>

  <div class="stats-charts-container">
      <div id="stats-chart-tab-views" class="stats-chart-menu ">
      </div>

    <div class="stats-chart-gviz"></div>

  </div>



  </div>

]]></html_content><return_code><![CDATA[0]]></return_code><graph_data><![CDATA[{"views": {"daily": {"opt": {"legend": {"position": "none"}, "tooltip": {"trigger": "none"}, "colors": ["#73c421"], "hAxis": {"textStyle": {"color": "#666"}, "slantedText": false, "viewWindow": {}, "gridlines": {"color": "transparent"}, "baselineColor": "transparent"}, "enableInteractivity": false, "vAxis": {"minValue": 0, "baselineColor": "#e2e2e2", "textStyle": {"color": "#666"}, "gridlines": {"color": "#f0f0f0"}, "titleTextStyle": {"color": "#666"}, "maxValue": 120844}, "pointSize": 0, "chartArea": {"left": 74.0, "top": 30}}, "data": [208, 580, 712, 633, 916, 1081, 1368, 2920, 2940, 2356, 2375, 2465, 2294, 1939, 1585, 1184, 977, 686, 710, 918, 1621, 2169, 1843, 28508, 37977, 35372, 38014, 43786, 47262, 43356, 49047, 47357, 43786, 45518, 44374, 45220, 46278, 50197, 51840, 50994, 55558, 75296, 82044, 83844, 102490, 97817, 94211, 97097, 91864, 92160, 96755, 103378, 117318, 98529, 89724, 93516, 98927, 93922, 96469, 105624, 96598, 85111, 82044, 84688, 83995, 94183, 106585, 92851, 83846, 83680, 86589, 92926, 99869, 120843, 111550, 98815, 96701, 94378, 92944, 98813, 107938, 100071, 98910, 87816, 68640, 85926, 87273, 98294, 87671, 80600, 79270, 83728, 79139, 91432, 97072, 91746, 77922, 84345, 81512, 84074, 85231, 94967, 77011, 79024, 83163, 81001, 79328, 86010, 94725, 87562, 77464, 75648, 80029, 90612, 88366, 97149, 88275, 78126, 79382, 81286, 79358, 82640, 91783, 81642, 78774, 80005, 86135, 80568, 74799, 78043, 68540, 64889, 64630, 64546, 64886, 67084, 74603, 64556, 61174, 58216, 59043, 61877, 63902, 73515, 64529, 59074, 60489, 63914, 67514, 70319, 76910, 66436, 69567, 68601, 69437, 71997, 63426, 59106, 57254, 62189, 61202, 62566, 66150, 68942, 60726, 58448, 58079, 56912, 57207, 52747, 60256, 67932, 58331, 53443, 53581, 51123, 52635, 57858, 66274, 60237, 51690, 47699, 47870, 48263, 57068, 63072, 52129, 46220, 45115, 46450, 49595, 50711, 56630, 48841, 44034, 43800, 43037, 44019, 47941, 53253, 44480, 40403, 40639, 42188, 43073, 44630, 50334, 45803, 40670, 40685, 40634, 38628, 44217, 46161, 41473, 40481, 38132, 38779, 39550, 40495, 45252, 39359, 34979, 35342, 35404, 35969, 32845, 42163, 37407, 33961, 32896, 34480, 35071, 39477, 50219, 47750, 41036, 40427, 37235, 38145, 39708, 41927, 38377, 35471, 38622, 40886, 41173, 41551, 47102, 39682, 35271, 35244, 35316, 34665, 37003, 49121, 50264, 46046, 45233, 44307, 44455, 45451, 44235, 42437, 44890, 49615, 52834, 54433, 55601, 57076, 42250, 40518, 39984, 40862, 43395, 43908, 40567, 36846, 35710, 32413, 32114, 34812, 34953, 39101, 35579, 33459, 33757, 35719, 38272, 37594, 55847, 49497, 46574, 47764, 48200, 47710, 48209, 41168, 34725, 32760, 32322, 31518, 35170, 35158, 38411, 35090, 33601, 32310, 33126, 36011, 51120, 51656, 48773, 46664, 46210, 45654, 46742, 53221, 64186, 60311, 58314, 58370, 57972, 58255, 63684, 65409, 60761, 60971, 55311, 56577, 54935, 29037, 29802, 27200, 29297, 25569, 24554, 25569, 26622, 24330, 23602, 24063, 26605, 27224, 27593, 53471, 50200, 47487, 46935, 51941, 52761, 53461, 53944, 50599, 37315, 28815, 28666, 26816, 25686, 33609, 33311, 32310, 35112, 34947, 33645, 29681, 27366, 25993, 24713, 26879, 26738, 26025, 31650, 32550, 31455, 28337, 30058, 30891, 31879, 30609, 32342, 31802, 29702, 28052, 25264, 24107, 24597, 26803, 26190, 26240, 26618, 26362, 25709, 22836, 25807, 18815, 23894, 24425, 24069, 23787, 23416, 24040, 25036, 22768, 21463, 21481, 21415, 22926, 23414, 24548, 23443, 23133, 22375, 22684, 21408, 21907, 23594, 21830, 20229, 19656, 20867, 21531, 22899, 26643, 23106, 21043, 20723, 21582, 21406, 21201, 23455, 20526, 19306, 18860, 19399, 19895, 20447, 21060, 20096, 17724, 19013, 19738, 19134, 20884, 22426, 20958, 19210, 18986, 18748, 18510, 20499, 22214, 20119, 18997, 17697, 19532, 20202, 21292, 22492, 19707, 19379, 18818, 18410, 19359, 20263, 21250, 19519, 20643, 22685, 22932, 24084, 24619, 26380, 21403, 18635, 17946, 18633, 18414, 19982, 20413, 19039, 17187, 16658, 17600, 16709, 18357, 20164, 17989, 16413, 16735, 17791, 17168, 17813, 18962, 17654, 15718, 15987, 16955, 16911, 17136, 17820, 15593, 14747, 15127, 14982, 15593, 15938, 15440, 13813, 13076, 13244, 13974, 13844, 14416, 16177, 16051, 14447, 15796, 15634, 15278, 15503, 14201, 13142, 14449, 14824, 14470, 15013, 14012, 12400, 11662, 12443, 12834, 13200, 13957, 15595, 16126, 14639, 13434, 14178, 14480, 14419, 14126, 15409, 14719, 13515, 13622, 13616, 13393, 14620, 16345, 14949, 13545, 13175, 13462, 13496, 14060, 13410, 10794, 10283, 9864, 9726, 10140, 11120, 11878, 10329, 9380, 9182, 9261, 9678, 11478, 12937, 11855, 11371, 11233, 12219, 12048, 13904, 14590, 15497, 15456, 13791, 13198, 14535, 14237, 15300, 14685, 13737, 14049, 13912, 14269, 15494, 14990, 15843, 14444, 14186, 14597, 13211, 14111, 14929, 13162, 11996, 11991, 11870, 12568, 13870, 15368, 17382, 15981, 15174, 14245, 12977, 12869, 14726, 13023, 12286, 11947, 12278, 14782, 17823, 21203, 20126, 18482, 19013, 20190, 20009, 21350, 21087, 19870, 19372, 18100, 19463, 18493, 14914, 13668, 12087, 11411, 11457, 11514, 11832, 12029, 12352, 12122, 10607, 10297, 9748, 9543, 9655, 9935, 9268, 8933, 9032, 8370, 8254, 9204, 10547, 10662, 9777, 10341, 10262, 10138, 10352, 11038, 10155, 9488, 9692, 10079, 10779, 10586, 10605, 10118, 9690, 10794, 10297, 10030, 11081, 11555, 11506, 10385, 9927, 10222, 9756, 11237, 11996, 11389, 10406, 9957, 10472, 9744, 9630, 7542, 7178, 7601, 7781, 8004, 6339, 7005, 6956, 6366, 6196, 5675, 5914, 5402, 5735, 5513, 5736, 5728, 5759, 6355, 7307, 5751, 5402, 5123, 6052, 5743, 5421, 5652, 5843, 5316, 5308, 5648, 5291, 5756, 6382, 6475, 6602, 5968, 6277, 6196, 5737, 5360, 5077, 5066, 5004, 4771, 5306, 5495, 6131, 6674, 5297, 4627, 4810, 4639, 4789, 4887, 4920, 4913, 5408, 5776, 6002, 6122, 6257, 6380, 6354, 6248, 6141, 7197, 8064, 8056, 8341, 8488, 7320, 7522, 7829, 8411, 8320, 8477, 8237, 8482, 8524, 8059, 8079, 8417, 8622, 8986, 8539, 8668, 7962, 7692, 7520, 6705, 6293, 5905, 5078, 5023, 5297, 5308, 5511, 5768, 5520, 5017, 4826, 5009, 5477, 5771, 6264, 6258, 5571, 5708, 6185, 6069, 6491, 7042, 7772, 8846, 8628, 9352, 9968, 10694, 12510, 9837, 9206, 8962, 9294, 9676, 9027, 9943, 8887, 9520, 10876, 13245, 11421, 10826, 10784, 9211, 8074, 8157, 8423, 8611, 9178, 9699, 8860, 8303, 8463, 7624, 8799, 10608, 11918, 13820, 10972, 11006, 11367, 8373, 7984, 8907, 8500, 7739, 7538, 10194, 11217, 9442, 8428, 8320, 9352, 9032, 9084, 7232, 7293, 9352, 9383, 9937, 8661, 7947, 6725, 6898, 7956, 7753, 7098, 7162, 6932, 10050, 9698, 8047, 10797, 10290, 9785, 11138, 10315, 9520, 9121, 8224, 7506, 7398, 7945, 7981, 7889, 7150, 8566, 8893, 7325, 7272, 7742, 10993, 8806, 7945, 8518, 7858, 9218, 7534, 8237, 10031, 8833, 8492, 9042, 9565, 9397, 10692, 11122, 9596, 9022, 10107, 9010, 9141, 8883, 9932, 9372, 9152, 8133, 8282, 8593, 10371, 11209, 9542, 8833, 9349, 10201, 10521, 9856, 10228, 8871, 9367, 10078, 9808, 8470, 11153, 13288, 11523, 9268, 8120, 9510, 9955, 12653, 11416, 9757, 9989, 10147, 11015, 10178, 9073, 12904, 8917, 7050, 6735, 8200, 10624, 9139, 10873, 10670, 9180, 7444, 6628, 8920, 8765, 8471, 7690, 6426, 6768, 7523, 6900, 7018, 6823, 6823, 5709, 5999, 6036, 5661, 5877, 6524, 7656, 6155, 6113, 5762, 8401, 7676, 8843, 8279, 9026, 9776, 8708, 6331, 5649, 7054, 7077, 6599, 6277, 6962, 7654, 8397, 8127, 7281, 7489, 7367, 6415, 6509, 6827, 6829, 5981, 5221, 4653, 5555, 6908, 6875, 8045, 7814, 7111, 7669, 5156, 5324, 5461, 6106, 5538, 5209, 5199, 5384, 5658, 6270, 7488, 7060, 7101, 7079, 7667, 6873, 5974, 6083, 5911, 5943, 5364, 5635, 5924, 6070, 6496, 6051, 6032, 5512, 5716, 5732, 5746, 6502, 5748, 5219, 5208, 5163, 4845, 5706, 7102, 6889, 7099, 6861, 6731, 6546, 5170, 5433, 4996, 4881, 4785, 4854, 4560, 4386, 4469, 4043, 4181, 3826, 4325, 5348, 5794, 6123, 5695, 5959, 6419, 7130, 6616, 7084, 6616, 5756, 6491, 6447, 6656, 7164, 6881, 5986, 5959, 5964, 6021, 5898, 5896, 5965, 5530, 5549, 5907, 5955, 5717, 5971, 5876, 5947, 5435, 5985, 5905, 6095, 5799, 5922, 5696, 5991, 5941, 6021, 6105, 6332, 6466, 6091, 5543, 5626, 5779, 6054, 6105, 5917, 5868, 5786, 5472, 5520, 5495, 5705, 5847, 5585, 5247, 4977, 5198, 5146, 5168, 5669, 5733, 5266, 5124, 4773, 4860, 5164, 5378, 5335, 4973, 4920, 4761, 4840, 4945, 5811, 5686, 5561, 5341, 4698, 4833, 4992, 5328, 5641, 5021, 4344, 4593, 5068, 4807, 5023, 5583, 4067, 3640, 3594, 3711, 5136, 6651, 7432, 6214, 5297, 5101, 5106, 4916, 5024, 5509, 4994, 5158, 4866, 5164, 5130, 5498, 5957, 5338, 5057, 5080, 4961, 5311, 5548, 6011, 5725, 5169, 5540, 5185, 4566, 4999, 5588, 5248, 4629, 4556, 5127, 4957, 5525, 5383, 4761, 4612, 4414, 4672, 4335, 5055, 5659, 4984, 4713, 4399, 4383, 4565, 4317, 4668, 4274, 3915, 4399, 3980, 4400, 4646, 5114, 4488, 4269, 4397, 5116, 4962, 4933, 5277, 4704, 4462, 3791, 3637, 4383, 5062, 4802, 4372, 3905, 4269, 4167, 4565, 4225, 4374, 3584, 3646, 3128, 3198, 3454, 3909, 3828, 3895, 4046, 4114, 3024, 3800, 3802, 4184, 3538, 3772, 3993, 3859, 4235, 4494, 4934, 4491, 4006, 4350, 3903, 3981, 4084, 4562, 4095, 3900, 4050, 4052, 4782, 4525, 4751, 4580, 3759, 4272, 4175, 4335, 4376, 4733, 4881, 4194, 4467, 4582, 5243, 4929, 5234, 4841, 4747, 5126, 5501, 5424, 5193, 5940, 5055, 5135, 5021, 5090, 5200, 5211, 5364, 4959, 4816, 4550, 4840, 4836, 5024, 5056, 4638, 4321, 4661, 4435, 4688, 4951, 4844, 4462, 4393, 4308, 4642, 4914, 5201, 5373, 4774, 5180, 4557, 4764, 4727, 4649, 4942, 4596, 4531, 4863, 4825, 4798, 5236, 5235, 4524, 4387, 4729, 5235, 4966, 5230, 5188, 5197, 4892, 4698, 4875, 6634, 5163, 5155, 3956, 3979, 4234, 4054, 4296, 4405, 4113, 3659, 3886, 3771, 3753, 4376, 4456, 4844, 4346, 4548, 4440, 4389, 4500, 4437, 4414, 4220, 4334, 4354, 4366, 4516, 4934, 4944, 4354, 4715, 4850, 4857, 5469, 5609, 5400, 4946, 5498, 5729, 5698, 5985, 6124, 6785, 6070, 6007, 6450, 5482, 4865, 4793, 4660, 4630, 4532, 4962, 5393, 5324, 5667, 5506, 4785, 4792, 4736, 4907, 4637, 4777, 4955, 5692, 6135, 6060, 6273, 6307, 6399, 6319, 5820, 6130, 6787, 6125, 6449, 6368, 5360, 5322, 5982, 5929, 5801, 5450, 5603, 5640, 5618, 5928, 5949, 5708, 6432, 6324, 5934, 5289, 6045, 6233, 6246, 7007, 6972, 6478, 5703, 5977, 6077, 6489, 7242, 7329, 7478, 6892, 7296, 7013, 6930, 6942, 6908, 6859, 6577, 7012, 6921, 7166, 7046, 6821, 6444, 6030, 6478, 6279, 6349, 6819, 7152, 6983, 5679, 5028, 4981, 5276, 5287, 5523, 5374, 5185, 4968, 5362, 5377, 5378, 5428, 5492, 5028, 5342, 5153, 5338, 5293, 5514, 5628, 5011, 5055, 5341, 5472, 5333, 5394, 5448, 4764, 4871, 5022, 4642, 4836, 5051, 5329, 4687, 4508, 4558, 4539, 4741, 4871, 4925, 4307, 4318, 4300, 4469, 5002, 5139, 5438, 4862, 4766, 4863, 5041, 4920, 5157, 5455, 5206, 5692, 5481, 5112, 5258, 5567, 5891, 5168, 6163, 6071, 5906, 5548, 4402, 4359, 4417, 4606, 5743, 5584, 4681, 4716, 5030, 4859, 4425, 4549, 4429, 5122, 5332, 5685, 5136, 5531, 5337, 5202, 5300, 5391, 5750, 5704, 5956, 6091, 5913, 5407, 6414, 6339, 5774, 5790, 6381, 6593, 5580, 5381, 5453, 5117, 5387, 5126, 5033, 5591, 5880, 6398, 5655, 5796, 6012, 6971, 5894, 6573, 6018, 5652, 5711, 5729, 6003, 6554, 6814, 7651, 6883, 7235, 7286, 7019, 6262, 7280, 9572, 6895, 10214, 7588, 9414, 7260, 9096, 10186, 9957, 9775, 8926, 8658, 8738, 9814, 9777, 8965, 8375, 8872, 8559, 9284, 9522, 9823, 7552, 6470, 5560, 5490, 6206, 6603, 6713, 6023, 6160, 6175, 6007, 6211, 6347, 6592, 5638, 5835, 6304, 6423, 7150, 7083, 6826, 5780, 6087, 6110, 5896, 6161, 8971, 8649, 7899, 8287, 7867, 7653, 7420, 7665, 8157, 6769, 7005, 8064, 7208, 7215, 7248, 7491, 6812, 6931, 6751, 7080, 7394, 7569, 7920, 7136, 7092, 7019, 7068, 6889, 7463, 8344, 7929, 7313, 7198, 7284, 7787, 7550, 7858, 7119, 6872, 6878, 7014, 7213, 7260, 7967, 7276, 6853, 7878, 7863, 7115, 7130, 7281, 6756, 6758, 7021, 7042, 7336, 7190, 7349, 7190, 6622, 6916, 6988, 7451, 7630, 7441, 6959, 6649, 6871, 6853, 6683, 6907, 7175, 6617, 6209, 6414, 6644, 6732, 6945, 6552, 6335, 6457, 6917, 6717, 6854, 7008, 7358, 6355, 6456, 6442, 6668, 7173, 7460, 7347, 6581, 6442, 6967, 6741, 6252, 5227, 5253, 4969, 4874, 4882, 4733, 5103, 5277, 5443, 5063, 4929, 5019, 5164, 5737, 5916, 5662, 5047, 4861, 5254, 5374, 5076, 5115, 5030, 4649, 4715, 4915, 4901, 4897, 4853, 4652, 4331, 4602, 4637, 4629, 5302, 5678, 4991, 4574, 5014, 5135, 5047, 5098, 4977, 4823, 4677, 4936, 4938, 4847, 4999, 5790, 5300, 4620, 4731, 4886, 4984, 6165, 6108, 5693, 5164, 5392, 5803, 5677, 5759, 6038, 5761, 5428, 6028, 6261, 6204, 6394, 6503, 6132, 5764, 5729, 5898, 5969, 5996, 6438, 6017, 5330, 5574, 5524, 5809, 6360, 6828, 6408, 5973, 6009, 6133, 6044, 6320, 6270, 6094, 4954, 5761, 6137, 5826, 5975, 5766, 5832, 5397, 5191, 5437, 5534, 5763, 6014, 5701, 5332, 5202, 5301, 5529, 5731, 5914, 5933, 5685, 5311, 5257, 5501, 5631, 5855, 5978, 5470, 5327, 5216, 5405, 5723, 5918, 5805, 5492, 5293, 5363, 5613, 5683, 6176, 6051, 5706, 5687, 5589, 6048, 6073, 6143, 6204, 5526, 5198, 5224, 5683, 5732, 6099, 6323, 5428, 5603, 5823, 5842, 6176, 7111, 7516, 6556, 6615, 6706, 6669, 6767, 7119, 6625, 6581, 6769, 6370, 6616, 7163, 7503, 7627, 7093, 6698, 7098, 7361, 7177, 7446, 7817, 6591, 6277, 6559, 6709, 7235, 7604, 8115, 7440, 7079, 7631, 8200, 7901, 8000, 8403, 7730, 7538, 7968, 8084, 8316, 8300, 8949, 7919, 8470, 8179, 7715, 8082, 8970, 8766, 7840, 8320, 9410, 9004, 9209, 9427, 9261, 7626, 7640, 7917, 8530, 8360, 7381, 8111, 7806, 7658, 8681, 9602, 9052, 7612, 8468, 7939, 8095, 8202, 8597, 8511, 8597, 8967, 8372, 7883, 8384, 8691, 9050, 9506, 9947, 9034, 8959, 8672, 8893, 9300, 9675, 9809, 8902, 8530, 8952, 9076, 9274, 9351, 9494, 8472, 8187, 8258, 8936, 9059, 9205, 9051, 7885, 7852, 8427, 8703, 7993, 8758, 9329, 8399, 8681, 8131, 8642, 8392, 8744, 8997, 8423, 7780, 8127, 8845, 9130, 9846, 9949, 8491, 8238, 8765, 9086, 9371, 9909, 10290, 8546, 8991, 9219, 9294, 9132, 8847, 9245, 9097, 8784, 8151, 8454, 8158, 7916, 8173, 7683, 7134, 6810, 7354, 7345, 7235, 7341, 6349, 6387, 6280, 6831, 7118, 7277, 7550, 6905, 6828, 6547, 6940, 7509, 7649, 7915, 7522, 6942, 6988, 6718, 7273, 7451, 7233, 6556, 6634, 6902, 6530, 7067, 7060, 7013, 6155, 6042, 6166, 6247, 6392, 6514, 6678, 6286, 6369, 6303, 6468, 6601, 6911, 7129, 5575, 5642, 6478, 6573, 7562, 6720, 7398, 6713, 6641, 6309, 6453, 6633, 6964, 7040, 8117, 6598, 6284, 6561, 6791, 8237, 7382, 6986, 6722, 6450, 7221, 7871, 7749, 8056, 7988, 7921, 8092, 7759, 9106, 8169, 8099, 8069, 7777, 8226, 7266, 7269, 7902, 7932, 6759, 7406, 7763, 7732, 7782, 8075, 8381, 6679, 7617, 8770, 7823, 8208, 7748, 8211, 7926, 7745, 7649, 8155, 7649, 8439, 8831, 7670, 7917, 9133, 8415, 8317, 10061, 10605, 8724, 8050, 9003, 8774, 8244, 9729, 8895, 9285, 12139, 9328, 9284, 10839, 11062, 11058, 9678, 9597, 9627, 9602, 9931, 9516, 8287, 7571, 8232, 8754, 8889, 8190, 9539, 9996, 8761, 8600, 8895, 9668, 9141, 8838, 7800, 7169, 8139, 10179, 9892, 9414, 8873, 9250, 8617, 8409, 7732, 9014, 9250, 9204, 8943, 8357, 7327, 7084, 7790, 7506, 7674, 7628, 7122, 6858, 7877, 8647, 8168, 8471, 8143, 7505, 6511, 9239, 9475, 9261, 8636, 8576, 7193, 7587, 9194, 10173, 10059, 10413, 10957, 9816, 9615, 9610, 9816, 10062, 9195, 9726, 8719, 8109, 6051, 6282, 7090, 7874, 7487, 7075, 6996, 7188, 6980, 7937, 8457, 8536, 7315, 7197, 7568, 7552, 7918, 7841, 7768, 7070, 6283, 6710, 6790, 6983, 7262, 7562, 6985, 6749, 6970, 7045, 6936, 7434, 7943, 7209, 6710, 6534, 6685, 7033, 8576, 8933, 7645, 7954, 7237, 7870, 7576, 6972, 7213, 6704, 6334, 6733, 6555, 6514, 6741, 7127, 6655, 5987, 6243, 6512, 6146, 6541, 7074, 6245, 5777, 5625, 5431, 5645, 6280, 6098, 5122, 5333, 5386, 5764, 5831, 6266, 5884, 5128, 5157, 5405, 5485, 5864, 6100, 6137, 5212, 5510, 5708, 6170, 6382, 6676, 6951, 6063, 6006, 5777, 5799, 6253, 6826, 7244, 6731, 6667, 6166, 6122, 6157, 6972, 7817, 5826, 5669, 5630, 5599, 6295, 6429, 7361, 5931, 5683, 5084, 5928, 5290, 6146, 5672, 5466, 5627, 6022, 6459, 6781, 8193, 8221, 6601, 6105, 6348, 6023, 6127, 5992, 6967, 6188, 6107, 5960, 6029, 6303, 6309, 6306, 5705, 5255, 5314, 5390, 5713, 6250, 6343, 5496, 5314, 5839, 5527, 5873, 6125, 7143, 5412, 5217, 5213, 5304, 5682, 5979, 5904, 5418, 5559, 5870, 5766, 5786, 6653, 7274, 6087, 5901, 7911, 8818, 8047, 8252, 9154, 7959, 7053, 7271, 7835, 7193, 7196, 7207, 7100, 6347, 6791, 5905, 6694, 6809, 7098, 6609, 6236, 6683, 7019, 7411, 7674, 7842, 6681, 6328, 6338, 7768, 6737, 6981, 6527, 6330, 6004, 5955, 6216, 6071, 7042, 6971, 6524, 7031, 6193, 6813, 6934, 7633, 7150, 6431, 6036, 6317, 6343, 6595, 6722, 7144, 5802, 6070]}}, "day": {"data": [1279695600000, 1279782000000, 1279868400000, 1279954800000, 1280041200000, 1280127600000, 1280214000000, 1280300400000, 1280386800000, 1280473200000, 1280559600000, 1280646000000, 1280732400000, 1280818800000, 1280905200000, 1280991600000, 1281078000000, 1281164400000, 1281250800000, 1281337200000, 1281423600000, 1281510000000, 1281596400000, 1281682800000, 1281769200000, 1281855600000, 1281942000000, 1282028400000, 1282114800000, 1282201200000, 1282287600000, 1282374000000, 1282460400000, 1282546800000, 1282633200000, 1282719600000, 1282806000000, 1282892400000, 1282978800000, 1283065200000, 1283151600000, 1283238000000, 1283324400000, 1283410800000, 1283497200000, 1283583600000, 1283670000000, 1283756400000, 1283842800000, 1283929200000, 1284015600000, 1284102000000, 1284188400000, 1284274800000, 1284361200000, 1284447600000, 1284534000000, 1284620400000, 1284706800000, 1284793200000, 1284879600000, 1284966000000, 1285052400000, 1285138800000, 1285225200000, 1285311600000, 1285398000000, 1285484400000, 1285570800000, 1285657200000, 1285743600000, 1285830000000, 1285916400000, 1286002800000, 1286089200000, 1286175600000, 1286262000000, 1286348400000, 1286434800000, 1286521200000, 1286607600000, 1286694000000, 1286780400000, 1286866800000, 1286953200000, 1287039600000, 1287126000000, 1287212400000, 1287298800000, 1287385200000, 1287471600000, 1287558000000, 1287644400000, 1287730800000, 1287817200000, 1287903600000, 1287990000000, 1288076400000, 1288162800000, 1288249200000, 1288335600000, 1288422000000, 1288508400000, 1288594800000, 1288681200000, 1288767600000, 1288854000000, 1288940400000, 1289026800000, 1289113200000, 1289203200000, 1289289600000, 1289376000000, 1289462400000, 1289548800000, 1289635200000, 1289721600000, 1289808000000, 1289894400000, 1289980800000, 1290067200000, 1290153600000, 1290240000000, 1290326400000, 1290412800000, 1290499200000, 1290585600000, 1290672000000, 1290758400000, 1290844800000, 1290931200000, 1291017600000, 1291104000000, 1291190400000, 1291276800000, 1291363200000, 1291449600000, 1291536000000, 1291622400000, 1291708800000, 1291795200000, 1291881600000, 1291968000000, 1292054400000, 1292140800000, 1292227200000, 1292313600000, 1292400000000, 1292486400000, 1292572800000, 1292659200000, 1292745600000, 1292832000000, 1292918400000, 1293004800000, 1293091200000, 1293177600000, 1293264000000, 1293350400000, 1293436800000, 1293523200000, 1293609600000, 1293696000000, 1293782400000, 1293868800000, 1293955200000, 1294041600000, 1294128000000, 1294214400000, 1294300800000, 1294387200000, 1294473600000, 1294560000000, 1294646400000, 1294732800000, 1294819200000, 1294905600000, 1294992000000, 1295078400000, 1295164800000, 1295251200000, 1295337600000, 1295424000000, 1295510400000, 1295596800000, 1295683200000, 1295769600000, 1295856000000, 1295942400000, 1296028800000, 1296115200000, 1296201600000, 1296288000000, 1296374400000, 1296460800000, 1296547200000, 1296633600000, 1296720000000, 1296806400000, 1296892800000, 1296979200000, 1297065600000, 1297152000000, 1297238400000, 1297324800000, 1297411200000, 1297497600000, 1297584000000, 1297670400000, 1297756800000, 1297843200000, 1297929600000, 1298016000000, 1298102400000, 1298188800000, 1298275200000, 1298361600000, 1298448000000, 1298534400000, 1298620800000, 1298707200000, 1298793600000, 1298880000000, 1298966400000, 1299052800000, 1299139200000, 1299225600000, 1299312000000, 1299398400000, 1299484800000, 1299571200000, 1299657600000, 1299744000000, 1299830400000, 1299916800000, 1300003200000, 1300086000000, 1300172400000, 1300258800000, 1300345200000, 1300431600000, 1300518000000, 1300604400000, 1300690800000, 1300777200000, 1300863600000, 1300950000000, 1301036400000, 1301122800000, 1301209200000, 1301295600000, 1301382000000, 1301468400000, 1301554800000, 1301641200000, 1301727600000, 1301814000000, 1301900400000, 1301986800000, 1302073200000, 1302159600000, 1302246000000, 1302332400000, 1302418800000, 1302505200000, 1302591600000, 1302678000000, 1302764400000, 1302850800000, 1302937200000, 1303023600000, 1303110000000, 1303196400000, 1303282800000, 1303369200000, 1303455600000, 1303542000000, 1303628400000, 1303714800000, 1303801200000, 1303887600000, 1303974000000, 1304060400000, 1304146800000, 1304233200000, 1304319600000, 1304406000000, 1304492400000, 1304578800000, 1304665200000, 1304751600000, 1304838000000, 1304924400000, 1305010800000, 1305097200000, 1305183600000, 1305270000000, 1305356400000, 1305442800000, 1305529200000, 1305615600000, 1305702000000, 1305788400000, 1305874800000, 1305961200000, 1306047600000, 1306134000000, 1306220400000, 1306306800000, 1306393200000, 1306479600000, 1306566000000, 1306652400000, 1306738800000, 1306825200000, 1306911600000, 1306998000000, 1307084400000, 1307170800000, 1307257200000, 1307343600000, 1307430000000, 1307516400000, 1307602800000, 1307689200000, 1307775600000, 1307862000000, 1307948400000, 1308034800000, 1308121200000, 1308207600000, 1308294000000, 1308380400000, 1308466800000, 1308553200000, 1308639600000, 1308726000000, 1308812400000, 1308898800000, 1308985200000, 1309071600000, 1309158000000, 1309244400000, 1309330800000, 1309417200000, 1309503600000, 1309590000000, 1309676400000, 1309762800000, 1309849200000, 1309935600000, 1310022000000, 1310108400000, 1310194800000, 1310281200000, 1310367600000, 1310454000000, 1310540400000, 1310626800000, 1310713200000, 1310799600000, 1310886000000, 1310972400000, 1311058800000, 1311145200000, 1311231600000, 1311318000000, 1311404400000, 1311490800000, 1311577200000, 1311663600000, 1311750000000, 1311836400000, 1311922800000, 1312009200000, 1312095600000, 1312182000000, 1312268400000, 1312354800000, 1312441200000, 1312527600000, 1312614000000, 1312700400000, 1312786800000, 1312873200000, 1312959600000, 1313046000000, 1313132400000, 1313218800000, 1313305200000, 1313391600000, 1313478000000, 1313564400000, 1313650800000, 1313737200000, 1313823600000, 1313910000000, 1313996400000, 1314082800000, 1314169200000, 1314255600000, 1314342000000, 1314428400000, 1314514800000, 1314601200000, 1314687600000, 1314774000000, 1314860400000, 1314946800000, 1315033200000, 1315119600000, 1315206000000, 1315292400000, 1315378800000, 1315465200000, 1315551600000, 1315638000000, 1315724400000, 1315810800000, 1315897200000, 1315983600000, 1316070000000, 1316156400000, 1316242800000, 1316329200000, 1316415600000, 1316502000000, 1316588400000, 1316674800000, 1316761200000, 1316847600000, 1316934000000, 1317020400000, 1317106800000, 1317193200000, 1317279600000, 1317366000000, 1317452400000, 1317538800000, 1317625200000, 1317711600000, 1317798000000, 1317884400000, 1317970800000, 1318057200000, 1318143600000, 1318230000000, 1318316400000, 1318402800000, 1318489200000, 1318575600000, 1318662000000, 1318748400000, 1318834800000, 1318921200000, 1319007600000, 1319094000000, 1319180400000, 1319266800000, 1319353200000, 1319439600000, 1319526000000, 1319612400000, 1319698800000, 1319785200000, 1319871600000, 1319958000000, 1320044400000, 1320130800000, 1320217200000, 1320303600000, 1320390000000, 1320476400000, 1320562800000, 1320652800000, 1320739200000, 1320825600000, 1320912000000, 1320998400000, 1321084800000, 1321171200000, 1321257600000, 1321344000000, 1321430400000, 1321516800000, 1321603200000, 1321689600000, 1321776000000, 1321862400000, 1321948800000, 1322035200000, 1322121600000, 1322208000000, 1322294400000, 1322380800000, 1322467200000, 1322553600000, 1322640000000, 1322726400000, 1322812800000, 1322899200000, 1322985600000, 1323072000000, 1323158400000, 1323244800000, 1323331200000, 1323417600000, 1323504000000, 1323590400000, 1323676800000, 1323763200000, 1323849600000, 1323936000000, 1324022400000, 1324108800000, 1324195200000, 1324281600000, 1324368000000, 1324454400000, 1324540800000, 1324627200000, 1324713600000, 1324800000000, 1324886400000, 1324972800000, 1325059200000, 1325145600000, 1325232000000, 1325318400000, 1325404800000, 1325491200000, 1325577600000, 1325664000000, 1325750400000, 1325836800000, 1325923200000, 1326009600000, 1326096000000, 1326182400000, 1326268800000, 1326355200000, 1326441600000, 1326528000000, 1326614400000, 1326700800000, 1326787200000, 1326873600000, 1326960000000, 1327046400000, 1327132800000, 1327219200000, 1327305600000, 1327392000000, 1327478400000, 1327564800000, 1327651200000, 1327737600000, 1327824000000, 1327910400000, 1327996800000, 1328083200000, 1328169600000, 1328256000000, 1328342400000, 1328428800000, 1328515200000, 1328601600000, 1328688000000, 1328774400000, 1328860800000, 1328947200000, 1329033600000, 1329120000000, 1329206400000, 1329292800000, 1329379200000, 1329465600000, 1329552000000, 1329638400000, 1329724800000, 1329811200000, 1329897600000, 1329984000000, 1330070400000, 1330156800000, 1330243200000, 1330329600000, 1330416000000, 1330502400000, 1330588800000, 1330675200000, 1330761600000, 1330848000000, 1330934400000, 1331020800000, 1331107200000, 1331193600000, 1331280000000, 1331366400000, 1331452800000, 1331535600000, 1331622000000, 1331708400000, 1331794800000, 1331881200000, 1331967600000, 1332054000000, 1332140400000, 1332226800000, 1332313200000, 1332399600000, 1332486000000, 1332572400000, 1332658800000, 1332745200000, 1332831600000, 1332918000000, 1333004400000, 1333090800000, 1333177200000, 1333263600000, 1333350000000, 1333436400000, 1333522800000, 1333609200000, 1333695600000, 1333782000000, 1333868400000, 1333954800000, 1334041200000, 1334127600000, 1334214000000, 1334300400000, 1334386800000, 1334473200000, 1334559600000, 1334646000000, 1334732400000, 1334818800000, 1334905200000, 1334991600000, 1335078000000, 1335164400000, 1335250800000, 1335337200000, 1335423600000, 1335510000000, 1335596400000, 1335682800000, 1335769200000, 1335855600000, 1335942000000, 1336028400000, 1336114800000, 1336201200000, 1336287600000, 1336374000000, 1336460400000, 1336546800000, 1336633200000, 1336719600000, 1336806000000, 1336892400000, 1336978800000, 1337065200000, 1337151600000, 1337238000000, 1337324400000, 1337410800000, 1337497200000, 1337583600000, 1337670000000, 1337756400000, 1337842800000, 1337929200000, 1338015600000, 1338102000000, 1338188400000, 1338274800000, 1338361200000, 1338447600000, 1338534000000, 1338620400000, 1338706800000, 1338793200000, 1338879600000, 1338966000000, 1339052400000, 1339138800000, 1339225200000, 1339311600000, 1339398000000, 1339484400000, 1339570800000, 1339657200000, 1339743600000, 1339830000000, 1339916400000, 1340002800000, 1340089200000, 1340175600000, 1340262000000, 1340348400000, 1340434800000, 1340521200000, 1340607600000, 1340694000000, 1340780400000, 1340866800000, 1340953200000, 1341039600000, 1341126000000, 1341212400000, 1341298800000, 1341385200000, 1341471600000, 1341558000000, 1341644400000, 1341730800000, 1341817200000, 1341903600000, 1341990000000, 1342076400000, 1342162800000, 1342249200000, 1342335600000, 1342422000000, 1342508400000, 1342594800000, 1342681200000, 1342767600000, 1342854000000, 1342940400000, 1343026800000, 1343113200000, 1343199600000, 1343286000000, 1343372400000, 1343458800000, 1343545200000, 1343631600000, 1343718000000, 1343804400000, 1343890800000, 1343977200000, 1344063600000, 1344150000000, 1344236400000, 1344322800000, 1344409200000, 1344495600000, 1344582000000, 1344668400000, 1344754800000, 1344841200000, 1344927600000, 1345014000000, 1345100400000, 1345186800000, 1345273200000, 1345359600000, 1345446000000, 1345532400000, 1345618800000, 1345705200000, 1345791600000, 1345878000000, 1345964400000, 1346050800000, 1346137200000, 1346223600000, 1346310000000, 1346396400000, 1346482800000, 1346569200000, 1346655600000, 1346742000000, 1346828400000, 1346914800000, 1347001200000, 1347087600000, 1347174000000, 1347260400000, 1347346800000, 1347433200000, 1347519600000, 1347606000000, 1347692400000, 1347778800000, 1347865200000, 1347951600000, 1348038000000, 1348124400000, 1348210800000, 1348297200000, 1348383600000, 1348470000000, 1348556400000, 1348642800000, 1348729200000, 1348815600000, 1348902000000, 1348988400000, 1349074800000, 1349161200000, 1349247600000, 1349334000000, 1349420400000, 1349506800000, 1349593200000, 1349679600000, 1349766000000, 1349852400000, 1349938800000, 1350025200000, 1350111600000, 1350198000000, 1350284400000, 1350370800000, 1350457200000, 1350543600000, 1350630000000, 1350716400000, 1350802800000, 1350889200000, 1350975600000, 1351062000000, 1351148400000, 1351234800000, 1351321200000, 1351407600000, 1351494000000, 1351580400000, 1351666800000, 1351753200000, 1351839600000, 1351926000000, 1352012400000, 1352102400000, 1352188800000, 1352275200000, 1352361600000, 1352448000000, 1352534400000, 1352620800000, 1352707200000, 1352793600000, 1352880000000, 1352966400000, 1353052800000, 1353139200000, 1353225600000, 1353312000000, 1353398400000, 1353484800000, 1353571200000, 1353657600000, 1353744000000, 1353830400000, 1353916800000, 1354003200000, 1354089600000, 1354176000000, 1354262400000, 1354348800000, 1354435200000, 1354521600000, 1354608000000, 1354694400000, 1354780800000, 1354867200000, 1354953600000, 1355040000000, 1355126400000, 1355212800000, 1355299200000, 1355385600000, 1355472000000, 1355558400000, 1355644800000, 1355731200000, 1355817600000, 1355904000000, 1355990400000, 1356076800000, 1356163200000, 1356249600000, 1356336000000, 1356422400000, 1356508800000, 1356595200000, 1356681600000, 1356768000000, 1356854400000, 1356940800000, 1357027200000, 1357113600000, 1357200000000, 1357286400000, 1357372800000, 1357459200000, 1357545600000, 1357632000000, 1357718400000, 1357804800000, 1357891200000, 1357977600000, 1358064000000, 1358150400000, 1358236800000, 1358323200000, 1358409600000, 1358496000000, 1358582400000, 1358668800000, 1358755200000, 1358841600000, 1358928000000, 1359014400000, 1359100800000, 1359187200000, 1359273600000, 1359360000000, 1359446400000, 1359532800000, 1359619200000, 1359705600000, 1359792000000, 1359878400000, 1359964800000, 1360051200000, 1360137600000, 1360224000000, 1360310400000, 1360396800000, 1360483200000, 1360569600000, 1360656000000, 1360742400000, 1360828800000, 1360915200000, 1361001600000, 1361088000000, 1361174400000, 1361260800000, 1361347200000, 1361433600000, 1361520000000, 1361606400000, 1361692800000, 1361779200000, 1361865600000, 1361952000000, 1362038400000, 1362124800000, 1362211200000, 1362297600000, 1362384000000, 1362470400000, 1362556800000, 1362643200000, 1362729600000, 1362816000000, 1362902400000, 1362985200000, 1363071600000, 1363158000000, 1363244400000, 1363330800000, 1363417200000, 1363503600000, 1363590000000, 1363676400000, 1363762800000, 1363849200000, 1363935600000, 1364022000000, 1364108400000, 1364194800000, 1364281200000, 1364367600000, 1364454000000, 1364540400000, 1364626800000, 1364713200000, 1364799600000, 1364886000000, 1364972400000, 1365058800000, 1365145200000, 1365231600000, 1365318000000, 1365404400000, 1365490800000, 1365577200000, 1365663600000, 1365750000000, 1365836400000, 1365922800000, 1366009200000, 1366095600000, 1366182000000, 1366268400000, 1366354800000, 1366441200000, 1366527600000, 1366614000000, 1366700400000, 1366786800000, 1366873200000, 1366959600000, 1367046000000, 1367132400000, 1367218800000, 1367305200000, 1367391600000, 1367478000000, 1367564400000, 1367650800000, 1367737200000, 1367823600000, 1367910000000, 1367996400000, 1368082800000, 1368169200000, 1368255600000, 1368342000000, 1368428400000, 1368514800000, 1368601200000, 1368687600000, 1368774000000, 1368860400000, 1368946800000, 1369033200000, 1369119600000, 1369206000000, 1369292400000, 1369378800000, 1369465200000, 1369551600000, 1369638000000, 1369724400000, 1369810800000, 1369897200000, 1369983600000, 1370070000000, 1370156400000, 1370242800000, 1370329200000, 1370415600000, 1370502000000, 1370588400000, 1370674800000, 1370761200000, 1370847600000, 1370934000000, 1371020400000, 1371106800000, 1371193200000, 1371279600000, 1371366000000, 1371452400000, 1371538800000, 1371625200000, 1371711600000, 1371798000000, 1371884400000, 1371970800000, 1372057200000, 1372143600000, 1372230000000, 1372316400000, 1372402800000, 1372489200000, 1372575600000, 1372662000000, 1372748400000, 1372834800000, 1372921200000, 1373007600000, 1373094000000, 1373180400000, 1373266800000, 1373353200000, 1373439600000, 1373526000000, 1373612400000, 1373698800000, 1373785200000, 1373871600000, 1373958000000, 1374044400000, 1374130800000, 1374217200000, 1374303600000, 1374390000000, 1374476400000, 1374562800000, 1374649200000, 1374735600000, 1374822000000, 1374908400000, 1374994800000, 1375081200000, 1375167600000, 1375254000000, 1375340400000, 1375426800000, 1375513200000, 1375599600000, 1375686000000, 1375772400000, 1375858800000, 1375945200000, 1376031600000, 1376118000000, 1376204400000, 1376290800000, 1376377200000, 1376463600000, 1376550000000, 1376636400000, 1376722800000, 1376809200000, 1376895600000, 1376982000000, 1377068400000, 1377154800000, 1377241200000, 1377327600000, 1377414000000, 1377500400000, 1377586800000, 1377673200000, 1377759600000, 1377846000000, 1377932400000, 1378018800000, 1378105200000, 1378191600000, 1378278000000, 1378364400000, 1378450800000, 1378537200000, 1378623600000, 1378710000000, 1378796400000, 1378882800000, 1378969200000, 1379055600000, 1379142000000, 1379228400000, 1379314800000, 1379401200000, 1379487600000, 1379574000000, 1379660400000, 1379746800000, 1379833200000, 1379919600000, 1380006000000, 1380092400000, 1380178800000, 1380265200000, 1380351600000, 1380438000000, 1380524400000, 1380610800000, 1380697200000, 1380783600000, 1380870000000, 1380956400000, 1381042800000, 1381129200000, 1381215600000, 1381302000000, 1381388400000, 1381474800000, 1381561200000, 1381647600000, 1381734000000, 1381820400000, 1381906800000, 1381993200000, 1382079600000, 1382166000000, 1382252400000, 1382338800000, 1382425200000, 1382511600000, 1382598000000, 1382684400000, 1382770800000, 1382857200000, 1382943600000, 1383030000000, 1383116400000, 1383202800000, 1383289200000, 1383375600000, 1383462000000, 1383552000000, 1383638400000, 1383724800000, 1383811200000, 1383897600000, 1383984000000, 1384070400000, 1384156800000, 1384243200000, 1384329600000, 1384416000000, 1384502400000, 1384588800000, 1384675200000, 1384761600000, 1384848000000, 1384934400000, 1385020800000, 1385107200000, 1385193600000, 1385280000000, 1385366400000, 1385452800000, 1385539200000, 1385625600000, 1385712000000, 1385798400000, 1385884800000, 1385971200000, 1386057600000, 1386144000000, 1386230400000, 1386316800000, 1386403200000, 1386489600000, 1386576000000, 1386662400000, 1386748800000, 1386835200000, 1386921600000, 1387008000000, 1387094400000, 1387180800000, 1387267200000, 1387353600000, 1387440000000, 1387526400000, 1387612800000, 1387699200000, 1387785600000, 1387872000000, 1387958400000, 1388044800000, 1388131200000, 1388217600000, 1388304000000, 1388390400000, 1388476800000, 1388563200000, 1388649600000, 1388736000000, 1388822400000, 1388908800000, 1388995200000, 1389081600000, 1389168000000, 1389254400000, 1389340800000, 1389427200000, 1389513600000, 1389600000000, 1389686400000, 1389772800000, 1389859200000, 1389945600000, 1390032000000, 1390118400000, 1390204800000, 1390291200000, 1390377600000, 1390464000000, 1390550400000, 1390636800000, 1390723200000, 1390809600000, 1390896000000, 1390982400000, 1391068800000, 1391155200000, 1391241600000, 1391328000000, 1391414400000, 1391500800000, 1391587200000, 1391673600000, 1391760000000, 1391846400000, 1391932800000, 1392019200000, 1392105600000, 1392192000000, 1392278400000, 1392364800000, 1392451200000, 1392537600000, 1392624000000, 1392710400000, 1392796800000, 1392883200000, 1392969600000, 1393056000000, 1393142400000, 1393228800000, 1393315200000, 1393401600000, 1393488000000, 1393574400000, 1393660800000, 1393747200000, 1393833600000, 1393920000000, 1394006400000, 1394092800000, 1394179200000, 1394265600000, 1394352000000, 1394434800000, 1394521200000, 1394607600000, 1394694000000, 1394780400000, 1394866800000, 1394953200000, 1395039600000, 1395126000000, 1395212400000, 1395298800000, 1395385200000, 1395471600000, 1395558000000, 1395644400000, 1395730800000, 1395817200000, 1395903600000, 1395990000000, 1396076400000, 1396162800000, 1396249200000, 1396335600000, 1396422000000, 1396508400000, 1396594800000, 1396681200000, 1396767600000, 1396854000000, 1396940400000, 1397026800000, 1397113200000, 1397199600000, 1397286000000, 1397372400000, 1397458800000, 1397545200000, 1397631600000, 1397718000000, 1397804400000, 1397890800000, 1397977200000, 1398063600000, 1398150000000, 1398236400000, 1398322800000, 1398409200000, 1398495600000, 1398582000000, 1398668400000, 1398754800000, 1398841200000, 1398927600000, 1399014000000, 1399100400000, 1399186800000, 1399273200000, 1399359600000, 1399446000000, 1399532400000, 1399618800000, 1399705200000, 1399791600000, 1399878000000, 1399964400000, 1400050800000, 1400137200000, 1400223600000, 1400310000000, 1400396400000, 1400482800000, 1400569200000, 1400655600000, 1400742000000, 1400828400000, 1400914800000, 1401001200000, 1401087600000, 1401174000000, 1401260400000, 1401346800000, 1401433200000, 1401519600000, 1401606000000, 1401692400000, 1401778800000, 1401865200000, 1401951600000, 1402038000000, 1402124400000, 1402210800000, 1402297200000, 1402383600000, 1402470000000, 1402556400000, 1402642800000, 1402729200000, 1402815600000, 1402902000000, 1402988400000, 1403074800000, 1403161200000, 1403247600000, 1403334000000, 1403420400000, 1403506800000, 1403593200000, 1403679600000, 1403766000000, 1403852400000, 1403938800000, 1404025200000, 1404111600000, 1404198000000, 1404284400000, 1404370800000, 1404457200000, 1404543600000, 1404630000000, 1404716400000, 1404802800000, 1404889200000, 1404975600000, 1405062000000, 1405148400000, 1405234800000, 1405321200000, 1405407600000, 1405494000000, 1405580400000, 1405666800000, 1405753200000, 1405839600000, 1405926000000, 1406012400000, 1406098800000, 1406185200000, 1406271600000, 1406358000000, 1406444400000, 1406530800000, 1406617200000, 1406703600000, 1406790000000, 1406876400000, 1406962800000, 1407049200000, 1407135600000, 1407222000000, 1407308400000, 1407394800000, 1407481200000, 1407567600000, 1407654000000, 1407740400000, 1407826800000, 1407913200000, 1407999600000, 1408086000000, 1408172400000, 1408258800000, 1408345200000, 1408431600000, 1408518000000, 1408604400000, 1408690800000, 1408777200000, 1408863600000, 1408950000000, 1409036400000, 1409122800000, 1409209200000, 1409295600000, 1409382000000, 1409468400000, 1409554800000, 1409641200000, 1409727600000, 1409814000000, 1409900400000, 1409986800000, 1410073200000, 1410159600000, 1410246000000, 1410332400000, 1410418800000, 1410505200000, 1410591600000, 1410678000000, 1410764400000, 1410850800000, 1410937200000, 1411023600000, 1411110000000, 1411196400000, 1411282800000, 1411369200000, 1411455600000, 1411542000000, 1411628400000, 1411714800000, 1411801200000, 1411887600000, 1411974000000, 1412060400000, 1412146800000, 1412233200000, 1412319600000, 1412406000000, 1412492400000, 1412578800000, 1412665200000, 1412751600000, 1412838000000, 1412924400000, 1413010800000, 1413097200000, 1413183600000, 1413270000000, 1413356400000, 1413442800000, 1413529200000, 1413615600000, 1413702000000, 1413788400000, 1413874800000, 1413961200000, 1414047600000, 1414134000000, 1414220400000, 1414306800000, 1414393200000, 1414479600000, 1414566000000, 1414652400000, 1414738800000, 1414825200000, 1414911600000, 1415001600000, 1415088000000, 1415174400000, 1415260800000, 1415347200000, 1415433600000, 1415520000000, 1415606400000, 1415692800000, 1415779200000, 1415865600000, 1415952000000, 1416038400000, 1416124800000, 1416211200000, 1416297600000, 1416384000000, 1416470400000, 1416556800000, 1416643200000, 1416729600000, 1416816000000, 1416902400000, 1416988800000, 1417075200000, 1417161600000, 1417248000000, 1417334400000, 1417420800000, 1417507200000, 1417593600000, 1417680000000, 1417766400000, 1417852800000, 1417939200000, 1418025600000, 1418112000000, 1418198400000, 1418284800000, 1418371200000, 1418457600000, 1418544000000, 1418630400000, 1418716800000, 1418803200000, 1418889600000, 1418976000000, 1419062400000, 1419148800000, 1419235200000, 1419321600000, 1419408000000, 1419494400000, 1419580800000, 1419667200000, 1419753600000, 1419840000000, 1419926400000, 1420012800000, 1420099200000, 1420185600000, 1420272000000, 1420358400000, 1420444800000, 1420531200000, 1420617600000, 1420704000000, 1420790400000, 1420876800000, 1420963200000, 1421049600000, 1421136000000, 1421222400000, 1421308800000, 1421395200000, 1421481600000, 1421568000000, 1421654400000, 1421740800000, 1421827200000, 1421913600000, 1422000000000, 1422086400000, 1422172800000, 1422259200000, 1422345600000, 1422432000000, 1422518400000, 1422604800000, 1422691200000, 1422777600000, 1422864000000, 1422950400000, 1423036800000, 1423123200000, 1423209600000, 1423296000000, 1423382400000, 1423468800000, 1423555200000, 1423641600000, 1423728000000, 1423814400000, 1423900800000, 1423987200000, 1424073600000, 1424160000000, 1424246400000, 1424332800000, 1424419200000, 1424505600000, 1424592000000, 1424678400000, 1424764800000, 1424851200000, 1424937600000, 1425024000000, 1425110400000, 1425196800000, 1425283200000, 1425369600000, 1425456000000, 1425542400000, 1425628800000, 1425715200000, 1425801600000, 1425884400000, 1425970800000, 1426057200000, 1426143600000, 1426230000000, 1426316400000, 1426402800000, 1426489200000, 1426575600000, 1426662000000, 1426748400000, 1426834800000, 1426921200000, 1427007600000, 1427094000000, 1427180400000, 1427266800000, 1427353200000, 1427439600000, 1427526000000, 1427612400000, 1427698800000, 1427785200000, 1427871600000, 1427958000000, 1428044400000, 1428130800000, 1428217200000, 1428303600000, 1428390000000, 1428476400000, 1428562800000, 1428649200000, 1428735600000, 1428822000000, 1428908400000, 1428994800000, 1429081200000, 1429167600000, 1429254000000, 1429340400000, 1429426800000, 1429513200000, 1429599600000, 1429686000000, 1429772400000, 1429858800000, 1429945200000, 1430031600000, 1430118000000, 1430204400000, 1430290800000, 1430377200000, 1430463600000, 1430550000000, 1430636400000, 1430722800000, 1430809200000, 1430895600000, 1430982000000, 1431068400000, 1431154800000, 1431241200000, 1431327600000, 1431414000000, 1431500400000, 1431586800000, 1431673200000, 1431759600000, 1431846000000, 1431932400000, 1432018800000, 1432105200000, 1432191600000, 1432278000000, 1432364400000, 1432450800000, 1432537200000, 1432623600000, 1432710000000, 1432796400000, 1432882800000, 1432969200000, 1433055600000, 1433142000000, 1433228400000, 1433314800000, 1433401200000, 1433487600000, 1433574000000, 1433660400000, 1433746800000, 1433833200000, 1433919600000, 1434006000000, 1434092400000, 1434178800000, 1434265200000, 1434351600000, 1434438000000, 1434524400000, 1434610800000, 1434697200000, 1434783600000, 1434870000000, 1434956400000, 1435042800000, 1435129200000, 1435215600000, 1435302000000, 1435388400000, 1435474800000, 1435561200000, 1435647600000, 1435734000000, 1435820400000, 1435906800000, 1435993200000, 1436079600000, 1436166000000, 1436252400000, 1436338800000, 1436425200000, 1436511600000, 1436598000000, 1436684400000, 1436770800000, 1436857200000, 1436943600000, 1437030000000, 1437116400000, 1437202800000, 1437289200000, 1437375600000, 1437462000000, 1437548400000, 1437634800000, 1437721200000, 1437807600000, 1437894000000, 1437980400000, 1438066800000, 1438153200000, 1438239600000, 1438326000000, 1438412400000, 1438498800000, 1438585200000, 1438671600000, 1438758000000, 1438844400000, 1438930800000, 1439017200000, 1439103600000, 1439190000000, 1439276400000, 1439362800000, 1439449200000, 1439535600000, 1439622000000, 1439708400000, 1439794800000, 1439881200000, 1439967600000, 1440054000000, 1440140400000, 1440226800000, 1440313200000, 1440399600000, 1440486000000, 1440572400000, 1440658800000, 1440745200000, 1440831600000, 1440918000000, 1441004400000, 1441090800000, 1441177200000, 1441263600000, 1441350000000, 1441436400000, 1441522800000, 1441609200000, 1441695600000, 1441782000000, 1441868400000, 1441954800000, 1442041200000, 1442127600000, 1442214000000, 1442300400000, 1442386800000, 1442473200000, 1442559600000, 1442646000000, 1442732400000, 1442818800000, 1442905200000, 1442991600000, 1443078000000, 1443164400000, 1443250800000, 1443337200000, 1443423600000, 1443510000000, 1443596400000, 1443682800000, 1443769200000, 1443855600000, 1443942000000, 1444028400000, 1444114800000, 1444201200000, 1444287600000, 1444374000000, 1444460400000, 1444546800000, 1444633200000, 1444719600000, 1444806000000, 1444892400000, 1444978800000, 1445065200000, 1445151600000, 1445238000000, 1445324400000, 1445410800000, 1445497200000, 1445583600000, 1445670000000, 1445756400000, 1445842800000, 1445929200000, 1446015600000, 1446102000000, 1446188400000, 1446274800000, 1446361200000, 1446451200000, 1446537600000, 1446624000000, 1446710400000, 1446796800000, 1446883200000, 1446969600000, 1447056000000, 1447142400000, 1447228800000, 1447315200000, 1447401600000, 1447488000000, 1447574400000, 1447660800000, 1447747200000, 1447833600000, 1447920000000, 1448006400000, 1448092800000, 1448179200000, 1448265600000, 1448352000000, 1448438400000, 1448524800000, 1448611200000, 1448697600000, 1448784000000, 1448870400000, 1448956800000, 1449043200000, 1449129600000, 1449216000000, 1449302400000, 1449388800000, 1449475200000, 1449561600000, 1449648000000, 1449734400000, 1449820800000, 1449907200000, 1449993600000, 1450080000000, 1450166400000, 1450252800000, 1450339200000, 1450425600000, 1450512000000, 1450598400000, 1450684800000, 1450771200000, 1450857600000, 1450944000000, 1451030400000, 1451116800000, 1451203200000, 1451289600000, 1451376000000, 1451462400000, 1451548800000, 1451635200000, 1451721600000, 1451808000000, 1451894400000, 1451980800000, 1452067200000, 1452153600000, 1452240000000, 1452326400000, 1452412800000, 1452499200000, 1452585600000, 1452672000000, 1452758400000, 1452844800000, 1452931200000, 1453017600000, 1453104000000, 1453190400000, 1453276800000, 1453363200000, 1453449600000, 1453536000000, 1453622400000, 1453708800000, 1453795200000, 1453881600000, 1453968000000, 1454054400000, 1454140800000, 1454227200000, 1454313600000, 1454400000000, 1454486400000, 1454572800000, 1454659200000, 1454745600000, 1454832000000, 1454918400000, 1455004800000, 1455091200000, 1455177600000, 1455264000000, 1455350400000, 1455436800000, 1455523200000, 1455609600000, 1455696000000, 1455782400000, 1455868800000, 1455955200000, 1456041600000, 1456128000000, 1456214400000, 1456300800000, 1456387200000, 1456473600000, 1456560000000, 1456646400000, 1456732800000, 1456819200000, 1456905600000, 1456992000000, 1457078400000, 1457164800000, 1457251200000, 1457337600000, 1457424000000, 1457510400000, 1457596800000, 1457683200000, 1457769600000, 1457856000000, 1457938800000, 1458025200000, 1458111600000, 1458198000000, 1458284400000, 1458370800000, 1458457200000, 1458543600000, 1458630000000, 1458716400000, 1458802800000, 1458889200000, 1458975600000, 1459062000000, 1459148400000, 1459234800000, 1459321200000, 1459407600000, 1459494000000, 1459580400000, 1459666800000, 1459753200000, 1459839600000, 1459926000000, 1460012400000, 1460098800000, 1460185200000, 1460271600000, 1460358000000, 1460444400000, 1460530800000, 1460617200000, 1460703600000, 1460790000000, 1460876400000, 1460962800000, 1461049200000, 1461135600000, 1461222000000, 1461308400000, 1461394800000, 1461481200000, 1461567600000, 1461654000000, 1461740400000, 1461826800000, 1461913200000, 1461999600000, 1462086000000, 1462172400000, 1462258800000, 1462345200000, 1462431600000, 1462518000000, 1462604400000, 1462690800000, 1462777200000, 1462863600000, 1462950000000, 1463036400000, 1463122800000, 1463209200000, 1463295600000, 1463382000000, 1463468400000, 1463554800000, 1463641200000, 1463727600000, 1463814000000, 1463900400000, 1463986800000, 1464073200000, 1464159600000, 1464246000000, 1464332400000, 1464418800000, 1464505200000, 1464591600000, 1464678000000, 1464764400000, 1464850800000, 1464937200000, 1465023600000, 1465110000000, 1465196400000, 1465282800000, 1465369200000, 1465455600000, 1465542000000, 1465628400000, 1465714800000, 1465801200000, 1465887600000, 1465974000000, 1466060400000, 1466146800000, 1466233200000, 1466319600000, 1466406000000, 1466492400000, 1466578800000, 1466665200000, 1466751600000, 1466838000000, 1466924400000, 1467010800000, 1467097200000, 1467183600000, 1467270000000, 1467356400000, 1467442800000, 1467529200000, 1467615600000, 1467702000000, 1467788400000, 1467874800000, 1467961200000, 1468047600000, 1468134000000, 1468220400000, 1468306800000, 1468393200000, 1468479600000, 1468566000000, 1468652400000, 1468738800000, 1468825200000, 1468911600000, 1468998000000, 1469084400000, 1469170800000, 1469257200000, 1469343600000, 1469430000000, 1469516400000, 1469602800000, 1469689200000, 1469775600000, 1469862000000, 1469948400000, 1470034800000, 1470121200000, 1470207600000, 1470294000000, 1470380400000, 1470466800000, 1470553200000, 1470639600000, 1470726000000, 1470812400000, 1470898800000, 1470985200000, 1471071600000, 1471158000000, 1471244400000, 1471330800000, 1471417200000, 1471503600000, 1471590000000, 1471676400000, 1471762800000, 1471849200000, 1471935600000, 1472022000000, 1472108400000, 1472194800000, 1472281200000, 1472367600000, 1472454000000, 1472540400000, 1472626800000, 1472713200000, 1472799600000, 1472886000000, 1472972400000, 1473058800000, 1473145200000, 1473231600000, 1473318000000, 1473404400000, 1473490800000, 1473577200000, 1473663600000, 1473750000000, 1473836400000, 1473922800000, 1474009200000, 1474095600000, 1474182000000, 1474268400000, 1474354800000, 1474441200000, 1474527600000, 1474614000000, 1474700400000, 1474786800000, 1474873200000, 1474959600000, 1475046000000, 1475132400000, 1475218800000, 1475305200000, 1475391600000, 1475478000000, 1475564400000, 1475650800000, 1475737200000, 1475823600000, 1475910000000, 1475996400000, 1476082800000, 1476169200000, 1476255600000, 1476342000000, 1476428400000, 1476514800000, 1476601200000, 1476687600000, 1476774000000, 1476860400000, 1476946800000, 1477033200000, 1477119600000, 1477206000000, 1477292400000, 1477378800000, 1477465200000, 1477551600000, 1477638000000, 1477724400000, 1477810800000, 1477897200000, 1477983600000, 1478070000000, 1478156400000, 1478242800000, 1478329200000, 1478415600000, 1478505600000, 1478592000000, 1478678400000, 1478764800000, 1478851200000, 1478937600000, 1479024000000, 1479110400000, 1479196800000, 1479283200000, 1479369600000, 1479456000000, 1479542400000, 1479628800000, 1479715200000, 1479801600000, 1479888000000, 1479974400000, 1480060800000, 1480147200000, 1480233600000, 1480320000000, 1480406400000, 1480492800000, 1480579200000, 1480665600000, 1480752000000, 1480838400000, 1480924800000, 1481011200000, 1481097600000, 1481184000000, 1481270400000, 1481356800000, 1481443200000, 1481529600000, 1481616000000, 1481702400000, 1481788800000, 1481875200000, 1481961600000, 1482048000000, 1482134400000, 1482220800000, 1482307200000, 1482393600000, 1482480000000, 1482566400000, 1482652800000, 1482739200000, 1482825600000, 1482912000000, 1482998400000, 1483084800000, 1483171200000, 1483257600000, 1483344000000, 1483430400000, 1483516800000, 1483603200000, 1483689600000, 1483776000000, 1483862400000, 1483948800000, 1484035200000, 1484121600000, 1484208000000, 1484294400000, 1484380800000, 1484467200000, 1484553600000, 1484640000000, 1484726400000, 1484812800000, 1484899200000, 1484985600000, 1485072000000, 1485158400000, 1485244800000, 1485331200000, 1485417600000, 1485504000000, 1485590400000, 1485676800000, 1485763200000, 1485849600000, 1485936000000, 1486022400000, 1486108800000, 1486195200000, 1486281600000, 1486368000000, 1486454400000, 1486540800000, 1486627200000, 1486713600000, 1486800000000, 1486886400000, 1486972800000, 1487059200000, 1487145600000, 1487232000000, 1487318400000, 1487404800000, 1487491200000, 1487577600000, 1487664000000, 1487750400000, 1487836800000, 1487923200000, 1488009600000, 1488096000000, 1488182400000, 1488268800000, 1488355200000, 1488441600000, 1488528000000, 1488614400000, 1488700800000, 1488787200000, 1488873600000, 1488960000000, 1489046400000, 1489132800000, 1489219200000, 1489305600000, 1489388400000, 1489474800000, 1489561200000, 1489647600000, 1489734000000, 1489820400000, 1489906800000, 1489993200000, 1490079600000, 1490166000000, 1490252400000, 1490338800000, 1490425200000, 1490511600000, 1490598000000, 1490684400000, 1490770800000, 1490857200000, 1490943600000, 1491030000000, 1491116400000, 1491202800000, 1491289200000, 1491375600000, 1491462000000, 1491548400000, 1491634800000, 1491721200000, 1491807600000, 1491894000000, 1491980400000, 1492066800000, 1492153200000, 1492239600000, 1492326000000, 1492412400000, 1492498800000, 1492585200000, 1492671600000, 1492758000000, 1492844400000, 1492930800000, 1493017200000, 1493103600000, 1493190000000, 1493276400000, 1493362800000, 1493449200000, 1493535600000, 1493622000000, 1493708400000, 1493794800000, 1493881200000, 1493967600000, 1494054000000, 1494140400000, 1494226800000, 1494313200000, 1494399600000, 1494486000000, 1494572400000, 1494658800000, 1494745200000, 1494831600000, 1494918000000, 1495004400000, 1495090800000, 1495177200000, 1495263600000, 1495350000000, 1495436400000]}}]]></graph_data></root>