<?xml version="1.0" encoding="utf-8"?><root><html_content><![CDATA[

      <div id="watch-actions-stats" class="watch-actions-stats-rats stats-cumulative top-selected-views" data-current-mode-css="stats-mode-daily" data-current-top-site-css="top-selected-views" data-current-metric-css="stats-metric-views">
        <div class="stats-header">
    <h1>
      <span class="stats-header-text yt-card-title">Video statistics</span>
<span class="stats-sub-header">Through May 22, 2017  
  <span class="yt-uix-clickcard">
    <button class="yt-uix-clickcard-target" aria-label="Learn more." aria-haspopup="true" data-position="topleft" type="button">
      <span class="yt-help-icon yt-sprite"></span>
    </button>
    <span class="yt-uix-clickcard-content" role="dialog" aria-label="Learn more." aria-describedby="7524218439888119705">
      <button class="yt-uix-clickcard-close" aria-label="Close learn more dialog."></button>
      <p id="7524218439888119705">The video statistics shown below are updated daily. They may lag behind the view count shown directly beneath the video, which updates many times a day.
      </p>
    </span>
  </span>

</span>
    </h1>

  </div>

        <table class="stats-bragbar-container yt-uix-button-group yt-uix-tabs" data-uix-tabs-selected-extra-class="yt-uix-button-toggled">
    <tr>
          <td class="stats-bragbar stats-bragbar-views yt-uix-button yt-uix-tabs-tab  yt-uix-tabs-selected yt-uix-button-toggled" data-uix-tabs-target-id="stats-chart-tab-views" data-top-site-css="top-selected-views" data-metric-css="stats-metric-views" style="border-bottom-color: #73c421">
    <span class="metric-label">Views</span>
    <div class="bragbar-metric-large">20,114,078</div>
  </td>

        <td class="stats-bragbar-filler"></td>
    </tr>
  </table>

  <div class="stats-charts-container">
      <div id="stats-chart-tab-views" class="stats-chart-menu ">
      </div>

    <div class="stats-chart-gviz"></div>

  </div>



  </div>

]]></html_content><return_code><![CDATA[0]]></return_code><graph_data><![CDATA[{"views": {"daily": {"opt": {"enableInteractivity": false, "vAxis": {"textStyle": {"color": "#666"}, "baselineColor": "#e2e2e2", "gridlines": {"color": "#f0f0f0"}, "titleTextStyle": {"color": "#666"}, "maxValue": 27791, "minValue": 0}, "pointSize": 0, "chartArea": {"left": 67.0, "top": 30}, "legend": {"position": "none"}, "tooltip": {"trigger": "none"}, "colors": ["#73c421"], "hAxis": {"textStyle": {"color": "#666"}, "slantedText": false, "viewWindow": {}, "gridlines": {"color": "transparent"}, "baselineColor": "transparent"}}, "data": [278, 995, 1112, 952, 1985, 2984, 3390, 3649, 3345, 3104, 3161, 3103, 3156, 3107, 3108, 2979, 2888, 3023, 3106, 3302, 3562, 2911, 3225, 2892, 2999, 2846, 3010, 3089, 3408, 3645, 4015, 3727, 3768, 3709, 3731, 4458, 4803, 4413, 4245, 4081, 4295, 4568, 4730, 4990, 4454, 4195, 4309, 4378, 4396, 4905, 5388, 4564, 4420, 4495, 4697, 4835, 5035, 5235, 4723, 4447, 4817, 5170, 4894, 5080, 5093, 4686, 4671, 4495, 4743, 4483, 4777, 5033, 4727, 4400, 4665, 5015, 5087, 5294, 5232, 4783, 4743, 5180, 5339, 5510, 5785, 5984, 5213, 5104, 5091, 5111, 5267, 6085, 6099, 5166, 5333, 5384, 5441, 5662, 6197, 6021, 5683, 5514, 5555, 5710, 5333, 5743, 5944, 5392, 5524, 5802, 6862, 10060, 10124, 10353, 9543, 9336, 9338, 9398, 9687, 10055, 10899, 9999, 8712, 8963, 7457, 7163, 7861, 7942, 7245, 7035, 6880, 7650, 8215, 8898, 9179, 8626, 8030, 8269, 8306, 8684, 8948, 9231, 8405, 8217, 8274, 8178, 8218, 8414, 9078, 7912, 7903, 7954, 8451, 9166, 9872, 10061, 9055, 8779, 8872, 9132, 8911, 9289, 9180, 8526, 8535, 8400, 10545, 10986, 10958, 11710, 10630, 10641, 10144, 10354, 10593, 11286, 12146, 11804, 11596, 11409, 11506, 10539, 9680, 10089, 10029, 9969, 9621, 9943, 9585, 9979, 10122, 9035, 9388, 9826, 9330, 9526, 9504, 9526, 8271, 8505, 8254, 8955, 8852, 8605, 8671, 8339, 8638, 8937, 8811, 7722, 6804, 6512, 6118, 6518, 6654, 6253, 7224, 7327, 6482, 6171, 6425, 6788, 6784, 7143, 7227, 7191, 6624, 6834, 6967, 7035, 6930, 6915, 6629, 6273, 6622, 6767, 6878, 6895, 7705, 8058, 7243, 7597, 7299, 6740, 6822, 7610, 6938, 6971, 6771, 6873, 6996, 6824, 6458, 5965, 6013, 6826, 7046, 7289, 7121, 6912, 6697, 6343, 6679, 6596, 6812, 7072, 7440, 7305, 7117, 6949, 6618, 6564, 6667, 7091, 7086, 6418, 6048, 6245, 6699, 6603, 6747, 7485, 6653, 6188, 6581, 6726, 6891, 7694, 8392, 8365, 7324, 7275, 7538, 7369, 7698, 7800, 6315, 6247, 6425, 6516, 6577, 7173, 7592, 7174, 6954, 6902, 6191, 7669, 8105, 8616, 8323, 8215, 8314, 7801, 7973, 9055, 8995, 6995, 6842, 6977, 7050, 7451, 7727, 7803, 7073, 7302, 7406, 7467, 7984, 8185, 8545, 7720, 7875, 8228, 8337, 8614, 9391, 9397, 8926, 8474, 8559, 9121, 8942, 9081, 9771, 9017, 8458, 8462, 8903, 8529, 8507, 8816, 8017, 7883, 8376, 8744, 9023, 8636, 9047, 8268, 8243, 7845, 8431, 8175, 8068, 9018, 8458, 8047, 9258, 9589, 10435, 10111, 10613, 9763, 10114, 10347, 10699, 10790, 10283, 9585, 9613, 10151, 10690, 10860, 11359, 11248, 8954, 9338, 9330, 9633, 9944, 9752, 10519, 10900, 9970, 8952, 8744, 8802, 9911, 10706, 11084, 9874, 9631, 9633, 9540, 9638, 10413, 10675, 9932, 9561, 9476, 10177, 10045, 10307, 10555, 9527, 9051, 9291, 8901, 7536, 10077, 10826, 9439, 9063, 9136, 9271, 9555, 10318, 10588, 9954, 9136, 8893, 9408, 9638, 10300, 10662, 10165, 9894, 9057, 9187, 9500, 9911, 10560, 9325, 9144, 9276, 9685, 9684, 10391, 11134, 10069, 9520, 9509, 9949, 10297, 10236, 11529, 10857, 9810, 9233, 9196, 10054, 10328, 10046, 8778, 8471, 8246, 8423, 8247, 8552, 9257, 8539, 8292, 8197, 8551, 8840, 8968, 9360, 9852, 9390, 9474, 9295, 8976, 9538, 9797, 7696, 7252, 7516, 7631, 7907, 7808, 8201, 8217, 7964, 8097, 7736, 8323, 8571, 8825, 7986, 8296, 7651, 7624, 8044, 8176, 8831, 8208, 7609, 7976, 8047, 8399, 8469, 8515, 7375, 7275, 7668, 7643, 7879, 8258, 9268, 8495, 8788, 8546, 8518, 9576, 10004, 10204, 9751, 10831, 10105, 9786, 9775, 9506, 9284, 8901, 9151, 9101, 9193, 9350, 9338, 9224, 8876, 8384, 8319, 8541, 8711, 8899, 9341, 8471, 8798, 8766, 8595, 8341, 7986, 8468, 7884, 8317, 8318, 8486, 8496, 9134, 8841, 8022, 8923, 10464, 10786, 10462, 10931, 10761, 9835, 10060, 9454, 8930, 8737, 10073, 9654, 9589, 9821, 9904, 9495, 10574, 9676, 9951, 9103, 9483, 9338, 9492, 9364, 9394, 9278, 8165, 8650, 8643, 9219, 9737, 10037, 9699, 9107, 9006, 9268, 9356, 9785, 9633, 9372, 9184, 9431, 9727, 10281, 9308, 9032, 8994, 9116, 8590, 8923, 9098, 8514, 9471, 7931, 8931, 8942, 9168, 9132, 9096, 9405, 9840, 9232, 8340, 9075, 9629, 9656, 9331, 9200, 9268, 8896, 8623, 8633, 8589, 8927, 9547, 8758, 8678, 8656, 9555, 9922, 10172, 10039, 9792, 8650, 9079, 8717, 8552, 9533, 9960, 7990, 8282, 8572, 9171, 9513, 9855, 9727, 8949, 8327, 8942, 9545, 9361, 10103, 10203, 9168, 8063, 10333, 11015, 10273, 11682, 11761, 9312, 8798, 7797, 9039, 9115, 9745, 10143, 9207, 9634, 9690, 9879, 10031, 10638, 10785, 10141, 10709, 11439, 11747, 11776, 11966, 12395, 10292, 9547, 9233, 9914, 9943, 10653, 10877, 9682, 9254, 9766, 10364, 10434, 10545, 11163, 10033, 9808, 9809, 9539, 9433, 9376, 9807, 8841, 8712, 9790, 9228, 9342, 9197, 9953, 8932, 8223, 8554, 8709, 9428, 8887, 8788, 7867, 7875, 8208, 7763, 8103, 8457, 8791, 7717, 8088, 8190, 8495, 8370, 8146, 8132, 7180, 7655, 8287, 8913, 8836, 8340, 8259, 6738, 7721, 7697, 8173, 8553, 8903, 8873, 8326, 8267, 8162, 8455, 8663, 9053, 9244, 8595, 8426, 8685, 8565, 8627, 9394, 10190, 8980, 8449, 8715, 8311, 8806, 9342, 9402, 7365, 7121, 6978, 7042, 7532, 7455, 7741, 6789, 6427, 6989, 7426, 7906, 9234, 9102, 8172, 7561, 7855, 8253, 8145, 8326, 8362, 8146, 8347, 8347, 8619, 8142, 8970, 8452, 7579, 7616, 7957, 8036, 8634, 8734, 8247, 8249, 8050, 8164, 8172, 8606, 9229, 8785, 7714, 7915, 8203, 8429, 8209, 8934, 9358, 8560, 8320, 8630, 8501, 9112, 9358, 9914, 8769, 8501, 8706, 8300, 8334, 8966, 8700, 8226, 7875, 7995, 8096, 8217, 8473, 8673, 8136, 7730, 7458, 7350, 7613, 6634, 7017, 6573, 6265, 6051, 6043, 6650, 6825, 6687, 5970, 5948, 5888, 5837, 6535, 6369, 6471, 6254, 6009, 5828, 5371, 5444, 5686, 5985, 5372, 5532, 5637, 5527, 7076, 6860, 7165, 6342, 6007, 6413, 6382, 6495, 6268, 6082, 5407, 5519, 5887, 5816, 6208, 6509, 6615, 6225, 5735, 5476, 5817, 6103, 6531, 6493, 5910, 5804, 5978, 6190, 6477, 6724, 5683, 4406, 3928, 5021, 5387, 5487, 5648, 5788, 5139, 5760, 5223, 6328, 6214, 5888, 5974, 5802, 7111, 7511, 6642, 6756, 6037, 6205, 5271, 5927, 6112, 6019, 6537, 6785, 6346, 5671, 6792, 6563, 6892, 6301, 6561, 6254, 6069, 6115, 6280, 6865, 6745, 6646, 6277, 5902, 5850, 6309, 6671, 6595, 6617, 6920, 6297, 6820, 7723, 8309, 7068, 7131, 7108, 7107, 9380, 6986, 6925, 7047, 6949, 6861, 6071, 5914, 5862, 6100, 6312, 6462, 6620, 5701, 5656, 6235, 5953, 6197, 6635, 6746, 6005, 6166, 6175, 6495, 6606, 6351, 6417, 6000, 5982, 5754, 5829, 5897, 6453, 6912, 6129, 5981, 6153, 6283, 6537, 7097, 7256, 6651, 5663, 5285, 5377, 5823, 6253, 5907, 4926, 4509, 4904, 5511, 5242, 5315, 5294, 5113, 5486, 5655, 5627, 6235, 6574, 7165, 5995, 6144, 5765, 6068, 7001, 6631, 6707, 5859, 6654, 7107, 7622, 7558, 7329, 7225, 6622, 6594, 6644, 6675, 6851, 7078, 7343, 6114, 6256, 6204, 6092, 6474, 7895, 9759, 8454, 6533, 6255, 6188, 6453, 6896, 7127, 6345, 6143, 5880, 6726, 6990, 6564, 7074, 6367, 6665, 5974, 6492, 6016, 6012, 6125, 5550, 5815, 6575, 6106, 5278, 5991, 5953, 5471, 5434, 5428, 5338, 6005, 8301, 8683, 6931, 6871, 6592, 7381, 6686, 5459, 5427, 4995, 4984, 5074, 5346, 6370, 7858, 7655, 7570, 7220, 5680, 6357, 7307, 6131, 6293, 4872, 5872, 5133, 5647, 6304, 6064, 5643, 6264, 5541, 6315, 5931, 5693, 6538, 7290, 6057, 5765, 6555, 5906, 7623, 8096, 7139, 6671, 8677, 8979, 9597, 7452, 8141, 9183, 8937, 7703, 7804, 7086, 8849, 9800, 10670, 7053, 8271, 9145, 7528, 6288, 7145, 6331, 5735, 5269, 5153, 6230, 6030, 5890, 6386, 5208, 5279, 6027, 4737, 6102, 4859, 5607, 6268, 6268, 6476, 6559, 6399, 7155, 8302, 7089, 5960, 4020, 4424, 4921, 5058, 5544, 5264, 5657, 5687, 5348, 5472, 5325, 5808, 5135, 4818, 5188, 5289, 4433, 4126, 4639, 5052, 4728, 4575, 4558, 4915, 5077, 4925, 4355, 4134, 3927, 4096, 4471, 4783, 4878, 4893, 4630, 5301, 5439, 5235, 6037, 5724, 4991, 4853, 5171, 4670, 5003, 5375, 4592, 4105, 3726, 3820, 4755, 4955, 4735, 5399, 4645, 4497, 4345, 4369, 5073, 5541, 6343, 4827, 4594, 4864, 4859, 4917, 5517, 6380, 5458, 4714, 5035, 5498, 5669, 5782, 5032, 4325, 4328, 4136, 4180, 4620, 4660, 4284, 4273, 4140, 4072, 4517, 4491, 4556, 4644, 4142, 3946, 4222, 4981, 5354, 5150, 4253, 3962, 4068, 4207, 4034, 4417, 4787, 4086, 3451, 3739, 3923, 3901, 3893, 3726, 3365, 2747, 3579, 4339, 4221, 4835, 6413, 7120, 5345, 5296, 5645, 5520, 5495, 5441, 5176, 4782, 4733, 5083, 5014, 4696, 4275, 4996, 4775, 4756, 5056, 4853, 5031, 4928, 4880, 4611, 4422, 4794, 4950, 4891, 5122, 4750, 4528, 4697, 4890, 4881, 4837, 4999, 5117, 4524, 4427, 4448, 4680, 4763, 4974, 4605, 4451, 4537, 4469, 4708, 4622, 5134, 5056, 5123, 5466, 5581, 5974, 6039, 6091, 5288, 4745, 4564, 4684, 4620, 4849, 5070, 4989, 4653, 4705, 4589, 4746, 5137, 5503, 5408, 4954, 4713, 4774, 4874, 5098, 5563, 5219, 4824, 4187, 4003, 5013, 4580, 4894, 5246, 4690, 4509, 4516, 4647, 4785, 4942, 5140, 4504, 4199, 4305, 4507, 4685, 4981, 5054, 4727, 4766, 5153, 5246, 5298, 5927, 6037, 5432, 5462, 5160, 5045, 5219, 5167, 4833, 4404, 4474, 4317, 4691, 4376, 4767, 4684, 4366, 3932, 3855, 3926, 4289, 4545, 5285, 10680, 13399, 27790, 26041, 13712, 8919, 7964, 7376, 7209, 6325, 7112, 6979, 7326, 7141, 6082, 5457, 5364, 5864, 6228, 6333, 6007, 4701, 4624, 4903, 5875, 7125, 7156, 7660, 6455, 6744, 7001, 7224, 7068, 7139, 7310, 6487, 6056, 5821, 5435, 4800, 4980, 5760, 5515, 5683, 5635, 5846, 6126, 6114, 5607, 5185, 5291, 5888, 4921, 5219, 5483, 5095, 4585, 5118, 5773, 4524, 4943, 5377, 5444, 5054, 4712, 5146, 5845, 5745, 6167, 6556, 5454, 5138, 5360, 5626, 5659, 5830, 5656, 5199, 5181, 5202, 5193, 5485, 5576, 5685, 5339, 5078, 5263, 5201, 4880, 5287, 5589, 4082, 3113, 4333, 5618, 6068, 5645, 5266, 5146, 4865, 5028, 5171, 5209, 5821, 5571, 5166, 5038, 5032, 5426, 5299, 5859, 6052, 5653, 5400, 5358, 5545, 5943, 6255, 6284, 5743, 5636, 5944, 5885, 6058, 6618, 6301, 5710, 5694, 5583, 5510, 5418, 5969, 5900, 5654, 5500, 5030, 5041, 5429, 5374, 5929, 5865, 5410, 5302, 5285, 5578, 5607, 5916, 5105, 4855, 5535, 5722, 5971, 6091, 6201, 5487, 5433, 5421, 5621, 4467, 6285, 5274, 4419, 4343, 4260, 4846, 4844, 4988, 4743, 3897, 4078, 4485, 4722, 4923, 5337, 5257, 4601, 4435, 4437, 4912, 6175, 6715, 6396, 5998, 5869, 6473, 6019, 6673, 6997, 7363, 6621, 6467, 6978, 7010, 7464, 7480, 7333, 6655, 6659, 6525, 6797, 6692, 6567, 5788, 5451, 5437, 5009, 5084, 6040, 6579, 6704, 6225, 5716, 4962, 5007, 5145, 4950, 4553, 4472, 4399, 4439, 4787, 4539, 5017, 4851, 3553, 3567, 3972, 4089, 4437, 5080, 4976, 4302, 4311, 4772, 4826, 5138, 5596, 5192, 4608, 4643, 4879, 5382, 5574, 5394, 4951, 5028, 5222, 5107, 5369, 5975, 6242, 5958, 5235, 5710, 6163, 6455, 5974, 6380, 6953, 5835, 4789, 4931, 4981, 6209, 6092, 6108, 5501, 5652, 5939, 6099, 6203, 6749, 6740, 6185, 6355, 6258, 6336, 6412, 6641, 6727, 5870, 6026, 6057, 6322, 6398, 6975, 7104, 6875, 5004, 5147, 5314, 5236, 5541, 5843, 4899, 4515, 4748, 4909, 5080, 5252, 5298, 4765, 4629, 4550, 4827, 5338, 5716, 6373, 5315, 5176, 5280, 5407, 5650, 7036, 7204, 6399, 6127, 6023, 6237, 6605, 7219, 7454, 5121, 5003, 5254, 5479, 5504, 5731, 5864, 5240, 5096, 5058, 5395, 5605, 6209, 6148, 5632, 5337, 5564, 6287, 7024, 6802, 6756, 6500, 6572, 6696, 6872, 6416, 7345, 7650, 6339, 5590, 5503, 5537, 6150, 6881, 5952, 5301, 4824, 5072, 5241, 5010, 5297, 5069, 4718, 4584, 4694, 4740, 5634, 6129, 6178, 5497, 5565, 5879, 5858, 6326, 6687, 6613, 4771, 4470, 4704, 4852, 5272, 5639, 5601, 5024, 5056, 5362, 5886, 5338, 5008, 5306, 4741, 4761, 4738, 4598, 4894, 5142, 5312, 4578, 4190, 4300, 4488, 4945, 5273, 5485, 4818, 4547, 5099, 5198, 5638, 6015, 5691, 5263, 5294, 5635, 5673, 4833, 5431, 5278, 4682, 4948, 5182, 6141, 4870, 5330, 5480, 4617, 4868, 5234, 5325, 5487, 5744, 6601, 6117, 5310, 5653, 5702, 6145, 6873, 7083, 6446, 6319, 6176, 6630, 6800, 6816, 7610, 6643, 6348, 6757, 7004, 7325, 7714, 8005, 6470, 6250, 6775, 6965, 7108, 8462, 8889, 7528, 7231, 8710, 8585, 8821, 9753, 10975, 9452, 9420, 9365, 9740, 9555, 8983, 9390, 8472, 6880, 7024, 7379, 7590, 8466, 8805, 7443, 7279, 7868, 7944, 8122, 9503, 9838, 8399, 8069, 8221, 8313, 8677, 9357, 10248, 8862, 8357, 8328, 8743, 9288, 9878, 10265, 8898, 8587, 8477, 8619, 8601, 9029, 9515, 8096, 7753, 7482, 7359, 7874, 8136, 8204, 7797, 7562, 7804, 8221, 8654, 8775, 9381, 7988, 7575, 7698, 7491, 8264, 8773, 9288, 8142, 7743, 8170, 8397, 8846, 9731, 10141, 8953, 8292, 8715, 9078, 9069, 9888, 9732, 8598, 8843, 8888, 8816, 9056, 9297, 9708, 8263, 8166, 8388, 8799, 9619, 10230, 10221, 8576, 8498, 9003, 8864, 9030, 9229, 8854, 8088, 7941, 7189, 7473, 7673, 8408, 9208, 8233, 7422, 7802, 7813, 8042, 8356, 8405, 7478, 6858, 7698, 8328, 7953, 8639, 8504, 7274, 7315, 7203, 7271, 7392, 8680, 8517, 7887, 7611, 7953, 8509, 7447, 7609, 7662, 7214, 6853, 7262, 7545, 8261, 8609, 8042, 7103, 7010, 7171, 7494, 7703, 8214, 8118, 7296, 7111, 7165, 7367, 7844, 8753, 8825, 7806, 7496, 7797, 7808, 8020, 8033, 8319, 7187, 6974, 7362, 7559, 8118, 8054, 8115, 6951, 7146, 7447, 7853, 7962, 8320, 8405, 7399, 7117, 7264, 7331, 7948, 8263, 8213, 7104, 6846, 7254, 7534, 7871, 8384, 8528, 5743, 7058, 7079, 7303, 7557, 7818, 8142, 6760, 6293, 7145, 7126, 7314, 7795, 7930, 7555, 6701, 6272, 6725, 7116, 9726, 8639, 6812, 6706, 7116, 7247, 7479, 8372, 8191, 6950, 6711, 7058, 7063, 7205, 8098, 8309, 7041, 7150, 7286, 7516, 7654, 8661, 8862, 7195, 7629, 8544, 8219, 9177, 10107, 10689, 9085, 8749, 8588, 8946, 8801, 9453, 9454, 8093, 7998, 8587, 8533, 7923, 9464, 9542, 8310, 8113, 7988, 8680, 9342, 10231, 10035, 8884, 8789, 8791, 8906, 9355, 10698, 10593, 8400, 7862, 8113, 7768, 8615, 9469, 9048, 7724, 7779, 8126, 8293, 9378, 10277, 9872, 8518, 8325, 8791, 9306, 9540, 9330, 9331, 8035, 8156, 8602, 8732, 8959, 10085, 10635, 8772, 8933, 9379, 8104, 9015, 9849, 10480, 8286, 8034, 8731, 8114, 8542, 9147, 9011, 7822, 8017, 8681, 8923, 9538, 8388, 8395, 7494, 7678, 8299, 8756, 10406, 7989, 9131, 7745, 7501, 7401, 8288, 8473, 9119, 9731, 8616, 7805, 8369, 8479, 8854, 9616, 10529, 8719, 8632, 7939, 8688, 8842, 9996, 10429, 8226, 8485, 8908, 8553, 9828, 9975, 10026, 7866, 7816, 7773, 8056, 8392, 9003, 10659, 9193, 8416, 8528, 8133, 8142, 8827, 8795, 7958, 7565, 7431, 7743, 8423, 9218, 9510, 7905, 7133, 6822, 7258, 7998, 8425, 8427, 7423, 7176, 7454, 7600, 8384, 9057, 9553, 8034, 8338, 9244, 9862, 10209, 11539, 11354, 9209, 8273, 8015, 8390, 8813, 9939, 9981, 8544, 7751, 8011, 8445, 8809, 8746, 8937, 7862, 7909, 8244, 7992, 8442, 9868, 10108, 8429, 8977, 8571, 8488, 9828, 10495, 10268, 8551, 8646, 8830, 8195, 9833, 10196, 10150, 9494, 8397, 8288, 8236, 8862, 9251, 9110, 7612, 7403, 7692, 7712, 7772, 7900, 7821, 6954, 6755, 7864, 8253, 8850, 9431, 10055, 8600, 7593, 7732, 8422, 7890, 8761, 9236, 7844, 7860, 7856, 7836, 8913, 9573, 9528, 8396, 8294, 8251, 8026, 8383, 9347, 9151, 8557, 8173, 7582, 7894, 7927, 8797, 8815, 7676, 7327, 7155, 7513, 8057, 8465, 9201, 7913, 7448, 8153, 8318, 8585, 9341, 9842, 7984, 8216, 8154, 8547, 9268, 9973, 9513, 8576, 8100, 8325, 8181, 9484, 9848, 9985, 8857, 8635, 8037, 8267, 9023, 9901, 10793, 8618, 8413, 9541, 8908, 9910, 11104, 11276, 9324, 9469, 9448, 9625, 9770, 9699, 10349, 9199, 9533, 8772, 8456, 9555, 9670, 10012, 8501, 8003, 8243, 8372, 7959, 8755, 8644, 7062, 7801, 7708, 8301, 7842, 9733, 9304, 7728, 7609, 7541, 7788, 7755, 8259, 8784, 7457, 7183, 7433, 8244, 10162, 12132, 12295, 9721, 8876, 8772, 8029, 8664, 9023, 8303, 7567, 7342, 6924, 7363, 7716, 8460, 8496, 6280, 6190, 6464, 6510, 6773, 7153, 7122, 6081, 6264, 6799, 6721, 6995, 8385, 8205, 6417, 5864, 7128, 7485, 7489, 9913, 10219, 8442, 8246, 8493, 7852, 8236, 8504, 9513, 7473, 7419, 7366, 7835, 8724, 11237, 8747, 7026, 6548, 7169, 6938, 8409, 9583, 9308, 7206, 7312, 7318, 7149, 7443, 8426, 7832, 7576, 7493, 7772, 7796, 8038, 9838, 10069, 7845, 6932, 6778, 6734, 8473, 8783, 7739, 6855, 6224, 6526, 7069, 7520, 9191, 9958, 7783, 7301, 7573, 8979, 8212, 7560, 7636, 6255, 6173, 6516, 6186, 6510, 8544, 7630, 6502, 6400, 6399, 6639, 6851, 8262, 7962, 5999, 6156, 6496, 6531, 7156, 7153, 7112, 5324, 5315, 5795, 6037, 6743, 7294, 7661, 7112, 6774, 6904, 6722, 6610, 9965, 12516, 8184, 6530, 6356, 6364, 6646, 8363, 9225, 7903, 7601, 8503, 8296, 7778, 10192, 11261, 9235, 8598, 8351, 8678, 8480, 9195, 9400, 7477, 6633, 7071, 8326, 9793, 9534, 8757, 8630, 8442, 8599, 8979, 8273, 9949, 10672, 8513, 6997, 7188, 7445, 7508, 9252, 10275, 7458, 6713, 7107, 6599, 7037, 8054, 8577, 7023, 7257, 7387, 7843, 9113, 10848, 10392, 8179, 8341, 8628, 9122, 9127, 10380, 10438, 8906, 8113, 8603, 8536, 8616, 11201, 10885, 7838, 7494, 7995, 7695, 7115, 10682, 10974, 8927, 8230, 8782, 8978, 8619, 9693, 11315, 9205, 8926, 10172, 9442, 10389, 13142, 13478, 11586, 12471, 13126, 11812, 10954, 11900, 12759, 10822, 10059, 10665, 11183, 12377, 13917, 14743, 11097, 9963, 10512, 11398, 12806, 13039, 12331, 11974, 11907, 12452, 11748, 11481, 15521, 17576, 14453, 11922, 11954, 12003, 11978, 14060, 14754, 10977, 10198, 10003, 11193, 13422, 18988, 19234, 15170, 12388, 13463, 10515, 10519, 12706, 13902, 11134, 12002]}}, "day": {"data": [1260518400000, 1260604800000, 1260691200000, 1260777600000, 1260864000000, 1260950400000, 1261036800000, 1261123200000, 1261209600000, 1261296000000, 1261382400000, 1261468800000, 1261555200000, 1261641600000, 1261728000000, 1261814400000, 1261900800000, 1261987200000, 1262073600000, 1262160000000, 1262246400000, 1262332800000, 1262419200000, 1262505600000, 1262592000000, 1262678400000, 1262764800000, 1262851200000, 1262937600000, 1263024000000, 1263110400000, 1263196800000, 1263283200000, 1263369600000, 1263456000000, 1263542400000, 1263628800000, 1263715200000, 1263801600000, 1263888000000, 1263974400000, 1264060800000, 1264147200000, 1264233600000, 1264320000000, 1264406400000, 1264492800000, 1264579200000, 1264665600000, 1264752000000, 1264838400000, 1264924800000, 1265011200000, 1265097600000, 1265184000000, 1265270400000, 1265356800000, 1265443200000, 1265529600000, 1265616000000, 1265702400000, 1265788800000, 1265875200000, 1265961600000, 1266048000000, 1266134400000, 1266220800000, 1266307200000, 1266393600000, 1266480000000, 1266566400000, 1266652800000, 1266739200000, 1266825600000, 1266912000000, 1266998400000, 1267084800000, 1267171200000, 1267257600000, 1267344000000, 1267430400000, 1267516800000, 1267603200000, 1267689600000, 1267776000000, 1267862400000, 1267948800000, 1268035200000, 1268121600000, 1268208000000, 1268294400000, 1268380800000, 1268467200000, 1268553600000, 1268636400000, 1268722800000, 1268809200000, 1268895600000, 1268982000000, 1269068400000, 1269154800000, 1269241200000, 1269327600000, 1269414000000, 1269500400000, 1269586800000, 1269673200000, 1269759600000, 1269846000000, 1269932400000, 1270018800000, 1270105200000, 1270191600000, 1270278000000, 1270364400000, 1270450800000, 1270537200000, 1270623600000, 1270710000000, 1270796400000, 1270882800000, 1270969200000, 1271055600000, 1271142000000, 1271228400000, 1271314800000, 1271401200000, 1271487600000, 1271574000000, 1271660400000, 1271746800000, 1271833200000, 1271919600000, 1272006000000, 1272092400000, 1272178800000, 1272265200000, 1272351600000, 1272438000000, 1272524400000, 1272610800000, 1272697200000, 1272783600000, 1272870000000, 1272956400000, 1273042800000, 1273129200000, 1273215600000, 1273302000000, 1273388400000, 1273474800000, 1273561200000, 1273647600000, 1273734000000, 1273820400000, 1273906800000, 1273993200000, 1274079600000, 1274166000000, 1274252400000, 1274338800000, 1274425200000, 1274511600000, 1274598000000, 1274684400000, 1274770800000, 1274857200000, 1274943600000, 1275030000000, 1275116400000, 1275202800000, 1275289200000, 1275375600000, 1275462000000, 1275548400000, 1275634800000, 1275721200000, 1275807600000, 1275894000000, 1275980400000, 1276066800000, 1276153200000, 1276239600000, 1276326000000, 1276412400000, 1276498800000, 1276585200000, 1276671600000, 1276758000000, 1276844400000, 1276930800000, 1277017200000, 1277103600000, 1277190000000, 1277276400000, 1277362800000, 1277449200000, 1277535600000, 1277622000000, 1277708400000, 1277794800000, 1277881200000, 1277967600000, 1278054000000, 1278140400000, 1278226800000, 1278313200000, 1278399600000, 1278486000000, 1278572400000, 1278658800000, 1278745200000, 1278831600000, 1278918000000, 1279004400000, 1279090800000, 1279177200000, 1279263600000, 1279350000000, 1279436400000, 1279522800000, 1279609200000, 1279695600000, 1279782000000, 1279868400000, 1279954800000, 1280041200000, 1280127600000, 1280214000000, 1280300400000, 1280386800000, 1280473200000, 1280559600000, 1280646000000, 1280732400000, 1280818800000, 1280905200000, 1280991600000, 1281078000000, 1281164400000, 1281250800000, 1281337200000, 1281423600000, 1281510000000, 1281596400000, 1281682800000, 1281769200000, 1281855600000, 1281942000000, 1282028400000, 1282114800000, 1282201200000, 1282287600000, 1282374000000, 1282460400000, 1282546800000, 1282633200000, 1282719600000, 1282806000000, 1282892400000, 1282978800000, 1283065200000, 1283151600000, 1283238000000, 1283324400000, 1283410800000, 1283497200000, 1283583600000, 1283670000000, 1283756400000, 1283842800000, 1283929200000, 1284015600000, 1284102000000, 1284188400000, 1284274800000, 1284361200000, 1284447600000, 1284534000000, 1284620400000, 1284706800000, 1284793200000, 1284879600000, 1284966000000, 1285052400000, 1285138800000, 1285225200000, 1285311600000, 1285398000000, 1285484400000, 1285570800000, 1285657200000, 1285743600000, 1285830000000, 1285916400000, 1286002800000, 1286089200000, 1286175600000, 1286262000000, 1286348400000, 1286434800000, 1286521200000, 1286607600000, 1286694000000, 1286780400000, 1286866800000, 1286953200000, 1287039600000, 1287126000000, 1287212400000, 1287298800000, 1287385200000, 1287471600000, 1287558000000, 1287644400000, 1287730800000, 1287817200000, 1287903600000, 1287990000000, 1288076400000, 1288162800000, 1288249200000, 1288335600000, 1288422000000, 1288508400000, 1288594800000, 1288681200000, 1288767600000, 1288854000000, 1288940400000, 1289026800000, 1289113200000, 1289203200000, 1289289600000, 1289376000000, 1289462400000, 1289548800000, 1289635200000, 1289721600000, 1289808000000, 1289894400000, 1289980800000, 1290067200000, 1290153600000, 1290240000000, 1290326400000, 1290412800000, 1290499200000, 1290585600000, 1290672000000, 1290758400000, 1290844800000, 1290931200000, 1291017600000, 1291104000000, 1291190400000, 1291276800000, 1291363200000, 1291449600000, 1291536000000, 1291622400000, 1291708800000, 1291795200000, 1291881600000, 1291968000000, 1292054400000, 1292140800000, 1292227200000, 1292313600000, 1292400000000, 1292486400000, 1292572800000, 1292659200000, 1292745600000, 1292832000000, 1292918400000, 1293004800000, 1293091200000, 1293177600000, 1293264000000, 1293350400000, 1293436800000, 1293523200000, 1293609600000, 1293696000000, 1293782400000, 1293868800000, 1293955200000, 1294041600000, 1294128000000, 1294214400000, 1294300800000, 1294387200000, 1294473600000, 1294560000000, 1294646400000, 1294732800000, 1294819200000, 1294905600000, 1294992000000, 1295078400000, 1295164800000, 1295251200000, 1295337600000, 1295424000000, 1295510400000, 1295596800000, 1295683200000, 1295769600000, 1295856000000, 1295942400000, 1296028800000, 1296115200000, 1296201600000, 1296288000000, 1296374400000, 1296460800000, 1296547200000, 1296633600000, 1296720000000, 1296806400000, 1296892800000, 1296979200000, 1297065600000, 1297152000000, 1297238400000, 1297324800000, 1297411200000, 1297497600000, 1297584000000, 1297670400000, 1297756800000, 1297843200000, 1297929600000, 1298016000000, 1298102400000, 1298188800000, 1298275200000, 1298361600000, 1298448000000, 1298534400000, 1298620800000, 1298707200000, 1298793600000, 1298880000000, 1298966400000, 1299052800000, 1299139200000, 1299225600000, 1299312000000, 1299398400000, 1299484800000, 1299571200000, 1299657600000, 1299744000000, 1299830400000, 1299916800000, 1300003200000, 1300086000000, 1300172400000, 1300258800000, 1300345200000, 1300431600000, 1300518000000, 1300604400000, 1300690800000, 1300777200000, 1300863600000, 1300950000000, 1301036400000, 1301122800000, 1301209200000, 1301295600000, 1301382000000, 1301468400000, 1301554800000, 1301641200000, 1301727600000, 1301814000000, 1301900400000, 1301986800000, 1302073200000, 1302159600000, 1302246000000, 1302332400000, 1302418800000, 1302505200000, 1302591600000, 1302678000000, 1302764400000, 1302850800000, 1302937200000, 1303023600000, 1303110000000, 1303196400000, 1303282800000, 1303369200000, 1303455600000, 1303542000000, 1303628400000, 1303714800000, 1303801200000, 1303887600000, 1303974000000, 1304060400000, 1304146800000, 1304233200000, 1304319600000, 1304406000000, 1304492400000, 1304578800000, 1304665200000, 1304751600000, 1304838000000, 1304924400000, 1305010800000, 1305097200000, 1305183600000, 1305270000000, 1305356400000, 1305442800000, 1305529200000, 1305615600000, 1305702000000, 1305788400000, 1305874800000, 1305961200000, 1306047600000, 1306134000000, 1306220400000, 1306306800000, 1306393200000, 1306479600000, 1306566000000, 1306652400000, 1306738800000, 1306825200000, 1306911600000, 1306998000000, 1307084400000, 1307170800000, 1307257200000, 1307343600000, 1307430000000, 1307516400000, 1307602800000, 1307689200000, 1307775600000, 1307862000000, 1307948400000, 1308034800000, 1308121200000, 1308207600000, 1308294000000, 1308380400000, 1308466800000, 1308553200000, 1308639600000, 1308726000000, 1308812400000, 1308898800000, 1308985200000, 1309071600000, 1309158000000, 1309244400000, 1309330800000, 1309417200000, 1309503600000, 1309590000000, 1309676400000, 1309762800000, 1309849200000, 1309935600000, 1310022000000, 1310108400000, 1310194800000, 1310281200000, 1310367600000, 1310454000000, 1310540400000, 1310626800000, 1310713200000, 1310799600000, 1310886000000, 1310972400000, 1311058800000, 1311145200000, 1311231600000, 1311318000000, 1311404400000, 1311490800000, 1311577200000, 1311663600000, 1311750000000, 1311836400000, 1311922800000, 1312009200000, 1312095600000, 1312182000000, 1312268400000, 1312354800000, 1312441200000, 1312527600000, 1312614000000, 1312700400000, 1312786800000, 1312873200000, 1312959600000, 1313046000000, 1313132400000, 1313218800000, 1313305200000, 1313391600000, 1313478000000, 1313564400000, 1313650800000, 1313737200000, 1313823600000, 1313910000000, 1313996400000, 1314082800000, 1314169200000, 1314255600000, 1314342000000, 1314428400000, 1314514800000, 1314601200000, 1314687600000, 1314774000000, 1314860400000, 1314946800000, 1315033200000, 1315119600000, 1315206000000, 1315292400000, 1315378800000, 1315465200000, 1315551600000, 1315638000000, 1315724400000, 1315810800000, 1315897200000, 1315983600000, 1316070000000, 1316156400000, 1316242800000, 1316329200000, 1316415600000, 1316502000000, 1316588400000, 1316674800000, 1316761200000, 1316847600000, 1316934000000, 1317020400000, 1317106800000, 1317193200000, 1317279600000, 1317366000000, 1317452400000, 1317538800000, 1317625200000, 1317711600000, 1317798000000, 1317884400000, 1317970800000, 1318057200000, 1318143600000, 1318230000000, 1318316400000, 1318402800000, 1318489200000, 1318575600000, 1318662000000, 1318748400000, 1318834800000, 1318921200000, 1319007600000, 1319094000000, 1319180400000, 1319266800000, 1319353200000, 1319439600000, 1319526000000, 1319612400000, 1319698800000, 1319785200000, 1319871600000, 1319958000000, 1320044400000, 1320130800000, 1320217200000, 1320303600000, 1320390000000, 1320476400000, 1320562800000, 1320652800000, 1320739200000, 1320825600000, 1320912000000, 1320998400000, 1321084800000, 1321171200000, 1321257600000, 1321344000000, 1321430400000, 1321516800000, 1321603200000, 1321689600000, 1321776000000, 1321862400000, 1321948800000, 1322035200000, 1322121600000, 1322208000000, 1322294400000, 1322380800000, 1322467200000, 1322553600000, 1322640000000, 1322726400000, 1322812800000, 1322899200000, 1322985600000, 1323072000000, 1323158400000, 1323244800000, 1323331200000, 1323417600000, 1323504000000, 1323590400000, 1323676800000, 1323763200000, 1323849600000, 1323936000000, 1324022400000, 1324108800000, 1324195200000, 1324281600000, 1324368000000, 1324454400000, 1324540800000, 1324627200000, 1324713600000, 1324800000000, 1324886400000, 1324972800000, 1325059200000, 1325145600000, 1325232000000, 1325318400000, 1325404800000, 1325491200000, 1325577600000, 1325664000000, 1325750400000, 1325836800000, 1325923200000, 1326009600000, 1326096000000, 1326182400000, 1326268800000, 1326355200000, 1326441600000, 1326528000000, 1326614400000, 1326700800000, 1326787200000, 1326873600000, 1326960000000, 1327046400000, 1327132800000, 1327219200000, 1327305600000, 1327392000000, 1327478400000, 1327564800000, 1327651200000, 1327737600000, 1327824000000, 1327910400000, 1327996800000, 1328083200000, 1328169600000, 1328256000000, 1328342400000, 1328428800000, 1328515200000, 1328601600000, 1328688000000, 1328774400000, 1328860800000, 1328947200000, 1329033600000, 1329120000000, 1329206400000, 1329292800000, 1329379200000, 1329465600000, 1329552000000, 1329638400000, 1329724800000, 1329811200000, 1329897600000, 1329984000000, 1330070400000, 1330156800000, 1330243200000, 1330329600000, 1330416000000, 1330502400000, 1330588800000, 1330675200000, 1330761600000, 1330848000000, 1330934400000, 1331020800000, 1331107200000, 1331193600000, 1331280000000, 1331366400000, 1331452800000, 1331535600000, 1331622000000, 1331708400000, 1331794800000, 1331881200000, 1331967600000, 1332054000000, 1332140400000, 1332226800000, 1332313200000, 1332399600000, 1332486000000, 1332572400000, 1332658800000, 1332745200000, 1332831600000, 1332918000000, 1333004400000, 1333090800000, 1333177200000, 1333263600000, 1333350000000, 1333436400000, 1333522800000, 1333609200000, 1333695600000, 1333782000000, 1333868400000, 1333954800000, 1334041200000, 1334127600000, 1334214000000, 1334300400000, 1334386800000, 1334473200000, 1334559600000, 1334646000000, 1334732400000, 1334818800000, 1334905200000, 1334991600000, 1335078000000, 1335164400000, 1335250800000, 1335337200000, 1335423600000, 1335510000000, 1335596400000, 1335682800000, 1335769200000, 1335855600000, 1335942000000, 1336028400000, 1336114800000, 1336201200000, 1336287600000, 1336374000000, 1336460400000, 1336546800000, 1336633200000, 1336719600000, 1336806000000, 1336892400000, 1336978800000, 1337065200000, 1337151600000, 1337238000000, 1337324400000, 1337410800000, 1337497200000, 1337583600000, 1337670000000, 1337756400000, 1337842800000, 1337929200000, 1338015600000, 1338102000000, 1338188400000, 1338274800000, 1338361200000, 1338447600000, 1338534000000, 1338620400000, 1338706800000, 1338793200000, 1338879600000, 1338966000000, 1339052400000, 1339138800000, 1339225200000, 1339311600000, 1339398000000, 1339484400000, 1339570800000, 1339657200000, 1339743600000, 1339830000000, 1339916400000, 1340002800000, 1340089200000, 1340175600000, 1340262000000, 1340348400000, 1340434800000, 1340521200000, 1340607600000, 1340694000000, 1340780400000, 1340866800000, 1340953200000, 1341039600000, 1341126000000, 1341212400000, 1341298800000, 1341385200000, 1341471600000, 1341558000000, 1341644400000, 1341730800000, 1341817200000, 1341903600000, 1341990000000, 1342076400000, 1342162800000, 1342249200000, 1342335600000, 1342422000000, 1342508400000, 1342594800000, 1342681200000, 1342767600000, 1342854000000, 1342940400000, 1343026800000, 1343113200000, 1343199600000, 1343286000000, 1343372400000, 1343458800000, 1343545200000, 1343631600000, 1343718000000, 1343804400000, 1343890800000, 1343977200000, 1344063600000, 1344150000000, 1344236400000, 1344322800000, 1344409200000, 1344495600000, 1344582000000, 1344668400000, 1344754800000, 1344841200000, 1344927600000, 1345014000000, 1345100400000, 1345186800000, 1345273200000, 1345359600000, 1345446000000, 1345532400000, 1345618800000, 1345705200000, 1345791600000, 1345878000000, 1345964400000, 1346050800000, 1346137200000, 1346223600000, 1346310000000, 1346396400000, 1346482800000, 1346569200000, 1346655600000, 1346742000000, 1346828400000, 1346914800000, 1347001200000, 1347087600000, 1347174000000, 1347260400000, 1347346800000, 1347433200000, 1347519600000, 1347606000000, 1347692400000, 1347778800000, 1347865200000, 1347951600000, 1348038000000, 1348124400000, 1348210800000, 1348297200000, 1348383600000, 1348470000000, 1348556400000, 1348642800000, 1348729200000, 1348815600000, 1348902000000, 1348988400000, 1349074800000, 1349161200000, 1349247600000, 1349334000000, 1349420400000, 1349506800000, 1349593200000, 1349679600000, 1349766000000, 1349852400000, 1349938800000, 1350025200000, 1350111600000, 1350198000000, 1350284400000, 1350370800000, 1350457200000, 1350543600000, 1350630000000, 1350716400000, 1350802800000, 1350889200000, 1350975600000, 1351062000000, 1351148400000, 1351234800000, 1351321200000, 1351407600000, 1351494000000, 1351580400000, 1351666800000, 1351753200000, 1351839600000, 1351926000000, 1352012400000, 1352102400000, 1352188800000, 1352275200000, 1352361600000, 1352448000000, 1352534400000, 1352620800000, 1352707200000, 1352793600000, 1352880000000, 1352966400000, 1353052800000, 1353139200000, 1353225600000, 1353312000000, 1353398400000, 1353484800000, 1353571200000, 1353657600000, 1353744000000, 1353830400000, 1353916800000, 1354003200000, 1354089600000, 1354176000000, 1354262400000, 1354348800000, 1354435200000, 1354521600000, 1354608000000, 1354694400000, 1354780800000, 1354867200000, 1354953600000, 1355040000000, 1355126400000, 1355212800000, 1355299200000, 1355385600000, 1355472000000, 1355558400000, 1355644800000, 1355731200000, 1355817600000, 1355904000000, 1355990400000, 1356076800000, 1356163200000, 1356249600000, 1356336000000, 1356422400000, 1356508800000, 1356595200000, 1356681600000, 1356768000000, 1356854400000, 1356940800000, 1357027200000, 1357113600000, 1357200000000, 1357286400000, 1357372800000, 1357459200000, 1357545600000, 1357632000000, 1357718400000, 1357804800000, 1357891200000, 1357977600000, 1358064000000, 1358150400000, 1358236800000, 1358323200000, 1358409600000, 1358496000000, 1358582400000, 1358668800000, 1358755200000, 1358841600000, 1358928000000, 1359014400000, 1359100800000, 1359187200000, 1359273600000, 1359360000000, 1359446400000, 1359532800000, 1359619200000, 1359705600000, 1359792000000, 1359878400000, 1359964800000, 1360051200000, 1360137600000, 1360224000000, 1360310400000, 1360396800000, 1360483200000, 1360569600000, 1360656000000, 1360742400000, 1360828800000, 1360915200000, 1361001600000, 1361088000000, 1361174400000, 1361260800000, 1361347200000, 1361433600000, 1361520000000, 1361606400000, 1361692800000, 1361779200000, 1361865600000, 1361952000000, 1362038400000, 1362124800000, 1362211200000, 1362297600000, 1362384000000, 1362470400000, 1362556800000, 1362643200000, 1362729600000, 1362816000000, 1362902400000, 1362985200000, 1363071600000, 1363158000000, 1363244400000, 1363330800000, 1363417200000, 1363503600000, 1363590000000, 1363676400000, 1363762800000, 1363849200000, 1363935600000, 1364022000000, 1364108400000, 1364194800000, 1364281200000, 1364367600000, 1364454000000, 1364540400000, 1364626800000, 1364713200000, 1364799600000, 1364886000000, 1364972400000, 1365058800000, 1365145200000, 1365231600000, 1365318000000, 1365404400000, 1365490800000, 1365577200000, 1365663600000, 1365750000000, 1365836400000, 1365922800000, 1366009200000, 1366095600000, 1366182000000, 1366268400000, 1366354800000, 1366441200000, 1366527600000, 1366614000000, 1366700400000, 1366786800000, 1366873200000, 1366959600000, 1367046000000, 1367132400000, 1367218800000, 1367305200000, 1367391600000, 1367478000000, 1367564400000, 1367650800000, 1367737200000, 1367823600000, 1367910000000, 1367996400000, 1368082800000, 1368169200000, 1368255600000, 1368342000000, 1368428400000, 1368514800000, 1368601200000, 1368687600000, 1368774000000, 1368860400000, 1368946800000, 1369033200000, 1369119600000, 1369206000000, 1369292400000, 1369378800000, 1369465200000, 1369551600000, 1369638000000, 1369724400000, 1369810800000, 1369897200000, 1369983600000, 1370070000000, 1370156400000, 1370242800000, 1370329200000, 1370415600000, 1370502000000, 1370588400000, 1370674800000, 1370761200000, 1370847600000, 1370934000000, 1371020400000, 1371106800000, 1371193200000, 1371279600000, 1371366000000, 1371452400000, 1371538800000, 1371625200000, 1371711600000, 1371798000000, 1371884400000, 1371970800000, 1372057200000, 1372143600000, 1372230000000, 1372316400000, 1372402800000, 1372489200000, 1372575600000, 1372662000000, 1372748400000, 1372834800000, 1372921200000, 1373007600000, 1373094000000, 1373180400000, 1373266800000, 1373353200000, 1373439600000, 1373526000000, 1373612400000, 1373698800000, 1373785200000, 1373871600000, 1373958000000, 1374044400000, 1374130800000, 1374217200000, 1374303600000, 1374390000000, 1374476400000, 1374562800000, 1374649200000, 1374735600000, 1374822000000, 1374908400000, 1374994800000, 1375081200000, 1375167600000, 1375254000000, 1375340400000, 1375426800000, 1375513200000, 1375599600000, 1375686000000, 1375772400000, 1375858800000, 1375945200000, 1376031600000, 1376118000000, 1376204400000, 1376290800000, 1376377200000, 1376463600000, 1376550000000, 1376636400000, 1376722800000, 1376809200000, 1376895600000, 1376982000000, 1377068400000, 1377154800000, 1377241200000, 1377327600000, 1377414000000, 1377500400000, 1377586800000, 1377673200000, 1377759600000, 1377846000000, 1377932400000, 1378018800000, 1378105200000, 1378191600000, 1378278000000, 1378364400000, 1378450800000, 1378537200000, 1378623600000, 1378710000000, 1378796400000, 1378882800000, 1378969200000, 1379055600000, 1379142000000, 1379228400000, 1379314800000, 1379401200000, 1379487600000, 1379574000000, 1379660400000, 1379746800000, 1379833200000, 1379919600000, 1380006000000, 1380092400000, 1380178800000, 1380265200000, 1380351600000, 1380438000000, 1380524400000, 1380610800000, 1380697200000, 1380783600000, 1380870000000, 1380956400000, 1381042800000, 1381129200000, 1381215600000, 1381302000000, 1381388400000, 1381474800000, 1381561200000, 1381647600000, 1381734000000, 1381820400000, 1381906800000, 1381993200000, 1382079600000, 1382166000000, 1382252400000, 1382338800000, 1382425200000, 1382511600000, 1382598000000, 1382684400000, 1382770800000, 1382857200000, 1382943600000, 1383030000000, 1383116400000, 1383202800000, 1383289200000, 1383375600000, 1383462000000, 1383552000000, 1383638400000, 1383724800000, 1383811200000, 1383897600000, 1383984000000, 1384070400000, 1384156800000, 1384243200000, 1384329600000, 1384416000000, 1384502400000, 1384588800000, 1384675200000, 1384761600000, 1384848000000, 1384934400000, 1385020800000, 1385107200000, 1385193600000, 1385280000000, 1385366400000, 1385452800000, 1385539200000, 1385625600000, 1385712000000, 1385798400000, 1385884800000, 1385971200000, 1386057600000, 1386144000000, 1386230400000, 1386316800000, 1386403200000, 1386489600000, 1386576000000, 1386662400000, 1386748800000, 1386835200000, 1386921600000, 1387008000000, 1387094400000, 1387180800000, 1387267200000, 1387353600000, 1387440000000, 1387526400000, 1387612800000, 1387699200000, 1387785600000, 1387872000000, 1387958400000, 1388044800000, 1388131200000, 1388217600000, 1388304000000, 1388390400000, 1388476800000, 1388563200000, 1388649600000, 1388736000000, 1388822400000, 1388908800000, 1388995200000, 1389081600000, 1389168000000, 1389254400000, 1389340800000, 1389427200000, 1389513600000, 1389600000000, 1389686400000, 1389772800000, 1389859200000, 1389945600000, 1390032000000, 1390118400000, 1390204800000, 1390291200000, 1390377600000, 1390464000000, 1390550400000, 1390636800000, 1390723200000, 1390809600000, 1390896000000, 1390982400000, 1391068800000, 1391155200000, 1391241600000, 1391328000000, 1391414400000, 1391500800000, 1391587200000, 1391673600000, 1391760000000, 1391846400000, 1391932800000, 1392019200000, 1392105600000, 1392192000000, 1392278400000, 1392364800000, 1392451200000, 1392537600000, 1392624000000, 1392710400000, 1392796800000, 1392883200000, 1392969600000, 1393056000000, 1393142400000, 1393228800000, 1393315200000, 1393401600000, 1393488000000, 1393574400000, 1393660800000, 1393747200000, 1393833600000, 1393920000000, 1394006400000, 1394092800000, 1394179200000, 1394265600000, 1394352000000, 1394434800000, 1394521200000, 1394607600000, 1394694000000, 1394780400000, 1394866800000, 1394953200000, 1395039600000, 1395126000000, 1395212400000, 1395298800000, 1395385200000, 1395471600000, 1395558000000, 1395644400000, 1395730800000, 1395817200000, 1395903600000, 1395990000000, 1396076400000, 1396162800000, 1396249200000, 1396335600000, 1396422000000, 1396508400000, 1396594800000, 1396681200000, 1396767600000, 1396854000000, 1396940400000, 1397026800000, 1397113200000, 1397199600000, 1397286000000, 1397372400000, 1397458800000, 1397545200000, 1397631600000, 1397718000000, 1397804400000, 1397890800000, 1397977200000, 1398063600000, 1398150000000, 1398236400000, 1398322800000, 1398409200000, 1398495600000, 1398582000000, 1398668400000, 1398754800000, 1398841200000, 1398927600000, 1399014000000, 1399100400000, 1399186800000, 1399273200000, 1399359600000, 1399446000000, 1399532400000, 1399618800000, 1399705200000, 1399791600000, 1399878000000, 1399964400000, 1400050800000, 1400137200000, 1400223600000, 1400310000000, 1400396400000, 1400482800000, 1400569200000, 1400655600000, 1400742000000, 1400828400000, 1400914800000, 1401001200000, 1401087600000, 1401174000000, 1401260400000, 1401346800000, 1401433200000, 1401519600000, 1401606000000, 1401692400000, 1401778800000, 1401865200000, 1401951600000, 1402038000000, 1402124400000, 1402210800000, 1402297200000, 1402383600000, 1402470000000, 1402556400000, 1402642800000, 1402729200000, 1402815600000, 1402902000000, 1402988400000, 1403074800000, 1403161200000, 1403247600000, 1403334000000, 1403420400000, 1403506800000, 1403593200000, 1403679600000, 1403766000000, 1403852400000, 1403938800000, 1404025200000, 1404111600000, 1404198000000, 1404284400000, 1404370800000, 1404457200000, 1404543600000, 1404630000000, 1404716400000, 1404802800000, 1404889200000, 1404975600000, 1405062000000, 1405148400000, 1405234800000, 1405321200000, 1405407600000, 1405494000000, 1405580400000, 1405666800000, 1405753200000, 1405839600000, 1405926000000, 1406012400000, 1406098800000, 1406185200000, 1406271600000, 1406358000000, 1406444400000, 1406530800000, 1406617200000, 1406703600000, 1406790000000, 1406876400000, 1406962800000, 1407049200000, 1407135600000, 1407222000000, 1407308400000, 1407394800000, 1407481200000, 1407567600000, 1407654000000, 1407740400000, 1407826800000, 1407913200000, 1407999600000, 1408086000000, 1408172400000, 1408258800000, 1408345200000, 1408431600000, 1408518000000, 1408604400000, 1408690800000, 1408777200000, 1408863600000, 1408950000000, 1409036400000, 1409122800000, 1409209200000, 1409295600000, 1409382000000, 1409468400000, 1409554800000, 1409641200000, 1409727600000, 1409814000000, 1409900400000, 1409986800000, 1410073200000, 1410159600000, 1410246000000, 1410332400000, 1410418800000, 1410505200000, 1410591600000, 1410678000000, 1410764400000, 1410850800000, 1410937200000, 1411023600000, 1411110000000, 1411196400000, 1411282800000, 1411369200000, 1411455600000, 1411542000000, 1411628400000, 1411714800000, 1411801200000, 1411887600000, 1411974000000, 1412060400000, 1412146800000, 1412233200000, 1412319600000, 1412406000000, 1412492400000, 1412578800000, 1412665200000, 1412751600000, 1412838000000, 1412924400000, 1413010800000, 1413097200000, 1413183600000, 1413270000000, 1413356400000, 1413442800000, 1413529200000, 1413615600000, 1413702000000, 1413788400000, 1413874800000, 1413961200000, 1414047600000, 1414134000000, 1414220400000, 1414306800000, 1414393200000, 1414479600000, 1414566000000, 1414652400000, 1414738800000, 1414825200000, 1414911600000, 1415001600000, 1415088000000, 1415174400000, 1415260800000, 1415347200000, 1415433600000, 1415520000000, 1415606400000, 1415692800000, 1415779200000, 1415865600000, 1415952000000, 1416038400000, 1416124800000, 1416211200000, 1416297600000, 1416384000000, 1416470400000, 1416556800000, 1416643200000, 1416729600000, 1416816000000, 1416902400000, 1416988800000, 1417075200000, 1417161600000, 1417248000000, 1417334400000, 1417420800000, 1417507200000, 1417593600000, 1417680000000, 1417766400000, 1417852800000, 1417939200000, 1418025600000, 1418112000000, 1418198400000, 1418284800000, 1418371200000, 1418457600000, 1418544000000, 1418630400000, 1418716800000, 1418803200000, 1418889600000, 1418976000000, 1419062400000, 1419148800000, 1419235200000, 1419321600000, 1419408000000, 1419494400000, 1419580800000, 1419667200000, 1419753600000, 1419840000000, 1419926400000, 1420012800000, 1420099200000, 1420185600000, 1420272000000, 1420358400000, 1420444800000, 1420531200000, 1420617600000, 1420704000000, 1420790400000, 1420876800000, 1420963200000, 1421049600000, 1421136000000, 1421222400000, 1421308800000, 1421395200000, 1421481600000, 1421568000000, 1421654400000, 1421740800000, 1421827200000, 1421913600000, 1422000000000, 1422086400000, 1422172800000, 1422259200000, 1422345600000, 1422432000000, 1422518400000, 1422604800000, 1422691200000, 1422777600000, 1422864000000, 1422950400000, 1423036800000, 1423123200000, 1423209600000, 1423296000000, 1423382400000, 1423468800000, 1423555200000, 1423641600000, 1423728000000, 1423814400000, 1423900800000, 1423987200000, 1424073600000, 1424160000000, 1424246400000, 1424332800000, 1424419200000, 1424505600000, 1424592000000, 1424678400000, 1424764800000, 1424851200000, 1424937600000, 1425024000000, 1425110400000, 1425196800000, 1425283200000, 1425369600000, 1425456000000, 1425542400000, 1425628800000, 1425715200000, 1425801600000, 1425884400000, 1425970800000, 1426057200000, 1426143600000, 1426230000000, 1426316400000, 1426402800000, 1426489200000, 1426575600000, 1426662000000, 1426748400000, 1426834800000, 1426921200000, 1427007600000, 1427094000000, 1427180400000, 1427266800000, 1427353200000, 1427439600000, 1427526000000, 1427612400000, 1427698800000, 1427785200000, 1427871600000, 1427958000000, 1428044400000, 1428130800000, 1428217200000, 1428303600000, 1428390000000, 1428476400000, 1428562800000, 1428649200000, 1428735600000, 1428822000000, 1428908400000, 1428994800000, 1429081200000, 1429167600000, 1429254000000, 1429340400000, 1429426800000, 1429513200000, 1429599600000, 1429686000000, 1429772400000, 1429858800000, 1429945200000, 1430031600000, 1430118000000, 1430204400000, 1430290800000, 1430377200000, 1430463600000, 1430550000000, 1430636400000, 1430722800000, 1430809200000, 1430895600000, 1430982000000, 1431068400000, 1431154800000, 1431241200000, 1431327600000, 1431414000000, 1431500400000, 1431586800000, 1431673200000, 1431759600000, 1431846000000, 1431932400000, 1432018800000, 1432105200000, 1432191600000, 1432278000000, 1432364400000, 1432450800000, 1432537200000, 1432623600000, 1432710000000, 1432796400000, 1432882800000, 1432969200000, 1433055600000, 1433142000000, 1433228400000, 1433314800000, 1433401200000, 1433487600000, 1433574000000, 1433660400000, 1433746800000, 1433833200000, 1433919600000, 1434006000000, 1434092400000, 1434178800000, 1434265200000, 1434351600000, 1434438000000, 1434524400000, 1434610800000, 1434697200000, 1434783600000, 1434870000000, 1434956400000, 1435042800000, 1435129200000, 1435215600000, 1435302000000, 1435388400000, 1435474800000, 1435561200000, 1435647600000, 1435734000000, 1435820400000, 1435906800000, 1435993200000, 1436079600000, 1436166000000, 1436252400000, 1436338800000, 1436425200000, 1436511600000, 1436598000000, 1436684400000, 1436770800000, 1436857200000, 1436943600000, 1437030000000, 1437116400000, 1437202800000, 1437289200000, 1437375600000, 1437462000000, 1437548400000, 1437634800000, 1437721200000, 1437807600000, 1437894000000, 1437980400000, 1438066800000, 1438153200000, 1438239600000, 1438326000000, 1438412400000, 1438498800000, 1438585200000, 1438671600000, 1438758000000, 1438844400000, 1438930800000, 1439017200000, 1439103600000, 1439190000000, 1439276400000, 1439362800000, 1439449200000, 1439535600000, 1439622000000, 1439708400000, 1439794800000, 1439881200000, 1439967600000, 1440054000000, 1440140400000, 1440226800000, 1440313200000, 1440399600000, 1440486000000, 1440572400000, 1440658800000, 1440745200000, 1440831600000, 1440918000000, 1441004400000, 1441090800000, 1441177200000, 1441263600000, 1441350000000, 1441436400000, 1441522800000, 1441609200000, 1441695600000, 1441782000000, 1441868400000, 1441954800000, 1442041200000, 1442127600000, 1442214000000, 1442300400000, 1442386800000, 1442473200000, 1442559600000, 1442646000000, 1442732400000, 1442818800000, 1442905200000, 1442991600000, 1443078000000, 1443164400000, 1443250800000, 1443337200000, 1443423600000, 1443510000000, 1443596400000, 1443682800000, 1443769200000, 1443855600000, 1443942000000, 1444028400000, 1444114800000, 1444201200000, 1444287600000, 1444374000000, 1444460400000, 1444546800000, 1444633200000, 1444719600000, 1444806000000, 1444892400000, 1444978800000, 1445065200000, 1445151600000, 1445238000000, 1445324400000, 1445410800000, 1445497200000, 1445583600000, 1445670000000, 1445756400000, 1445842800000, 1445929200000, 1446015600000, 1446102000000, 1446188400000, 1446274800000, 1446361200000, 1446451200000, 1446537600000, 1446624000000, 1446710400000, 1446796800000, 1446883200000, 1446969600000, 1447056000000, 1447142400000, 1447228800000, 1447315200000, 1447401600000, 1447488000000, 1447574400000, 1447660800000, 1447747200000, 1447833600000, 1447920000000, 1448006400000, 1448092800000, 1448179200000, 1448265600000, 1448352000000, 1448438400000, 1448524800000, 1448611200000, 1448697600000, 1448784000000, 1448870400000, 1448956800000, 1449043200000, 1449129600000, 1449216000000, 1449302400000, 1449388800000, 1449475200000, 1449561600000, 1449648000000, 1449734400000, 1449820800000, 1449907200000, 1449993600000, 1450080000000, 1450166400000, 1450252800000, 1450339200000, 1450425600000, 1450512000000, 1450598400000, 1450684800000, 1450771200000, 1450857600000, 1450944000000, 1451030400000, 1451116800000, 1451203200000, 1451289600000, 1451376000000, 1451462400000, 1451548800000, 1451635200000, 1451721600000, 1451808000000, 1451894400000, 1451980800000, 1452067200000, 1452153600000, 1452240000000, 1452326400000, 1452412800000, 1452499200000, 1452585600000, 1452672000000, 1452758400000, 1452844800000, 1452931200000, 1453017600000, 1453104000000, 1453190400000, 1453276800000, 1453363200000, 1453449600000, 1453536000000, 1453622400000, 1453708800000, 1453795200000, 1453881600000, 1453968000000, 1454054400000, 1454140800000, 1454227200000, 1454313600000, 1454400000000, 1454486400000, 1454572800000, 1454659200000, 1454745600000, 1454832000000, 1454918400000, 1455004800000, 1455091200000, 1455177600000, 1455264000000, 1455350400000, 1455436800000, 1455523200000, 1455609600000, 1455696000000, 1455782400000, 1455868800000, 1455955200000, 1456041600000, 1456128000000, 1456214400000, 1456300800000, 1456387200000, 1456473600000, 1456560000000, 1456646400000, 1456732800000, 1456819200000, 1456905600000, 1456992000000, 1457078400000, 1457164800000, 1457251200000, 1457337600000, 1457424000000, 1457510400000, 1457596800000, 1457683200000, 1457769600000, 1457856000000, 1457938800000, 1458025200000, 1458111600000, 1458198000000, 1458284400000, 1458370800000, 1458457200000, 1458543600000, 1458630000000, 1458716400000, 1458802800000, 1458889200000, 1458975600000, 1459062000000, 1459148400000, 1459234800000, 1459321200000, 1459407600000, 1459494000000, 1459580400000, 1459666800000, 1459753200000, 1459839600000, 1459926000000, 1460012400000, 1460098800000, 1460185200000, 1460271600000, 1460358000000, 1460444400000, 1460530800000, 1460617200000, 1460703600000, 1460790000000, 1460876400000, 1460962800000, 1461049200000, 1461135600000, 1461222000000, 1461308400000, 1461394800000, 1461481200000, 1461567600000, 1461654000000, 1461740400000, 1461826800000, 1461913200000, 1461999600000, 1462086000000, 1462172400000, 1462258800000, 1462345200000, 1462431600000, 1462518000000, 1462604400000, 1462690800000, 1462777200000, 1462863600000, 1462950000000, 1463036400000, 1463122800000, 1463209200000, 1463295600000, 1463382000000, 1463468400000, 1463554800000, 1463641200000, 1463727600000, 1463814000000, 1463900400000, 1463986800000, 1464073200000, 1464159600000, 1464246000000, 1464332400000, 1464418800000, 1464505200000, 1464591600000, 1464678000000, 1464764400000, 1464850800000, 1464937200000, 1465023600000, 1465110000000, 1465196400000, 1465282800000, 1465369200000, 1465455600000, 1465542000000, 1465628400000, 1465714800000, 1465801200000, 1465887600000, 1465974000000, 1466060400000, 1466146800000, 1466233200000, 1466319600000, 1466406000000, 1466492400000, 1466578800000, 1466665200000, 1466751600000, 1466838000000, 1466924400000, 1467010800000, 1467097200000, 1467183600000, 1467270000000, 1467356400000, 1467442800000, 1467529200000, 1467615600000, 1467702000000, 1467788400000, 1467874800000, 1467961200000, 1468047600000, 1468134000000, 1468220400000, 1468306800000, 1468393200000, 1468479600000, 1468566000000, 1468652400000, 1468738800000, 1468825200000, 1468911600000, 1468998000000, 1469084400000, 1469170800000, 1469257200000, 1469343600000, 1469430000000, 1469516400000, 1469602800000, 1469689200000, 1469775600000, 1469862000000, 1469948400000, 1470034800000, 1470121200000, 1470207600000, 1470294000000, 1470380400000, 1470466800000, 1470553200000, 1470639600000, 1470726000000, 1470812400000, 1470898800000, 1470985200000, 1471071600000, 1471158000000, 1471244400000, 1471330800000, 1471417200000, 1471503600000, 1471590000000, 1471676400000, 1471762800000, 1471849200000, 1471935600000, 1472022000000, 1472108400000, 1472194800000, 1472281200000, 1472367600000, 1472454000000, 1472540400000, 1472626800000, 1472713200000, 1472799600000, 1472886000000, 1472972400000, 1473058800000, 1473145200000, 1473231600000, 1473318000000, 1473404400000, 1473490800000, 1473577200000, 1473663600000, 1473750000000, 1473836400000, 1473922800000, 1474009200000, 1474095600000, 1474182000000, 1474268400000, 1474354800000, 1474441200000, 1474527600000, 1474614000000, 1474700400000, 1474786800000, 1474873200000, 1474959600000, 1475046000000, 1475132400000, 1475218800000, 1475305200000, 1475391600000, 1475478000000, 1475564400000, 1475650800000, 1475737200000, 1475823600000, 1475910000000, 1475996400000, 1476082800000, 1476169200000, 1476255600000, 1476342000000, 1476428400000, 1476514800000, 1476601200000, 1476687600000, 1476774000000, 1476860400000, 1476946800000, 1477033200000, 1477119600000, 1477206000000, 1477292400000, 1477378800000, 1477465200000, 1477551600000, 1477638000000, 1477724400000, 1477810800000, 1477897200000, 1477983600000, 1478070000000, 1478156400000, 1478242800000, 1478329200000, 1478415600000, 1478505600000, 1478592000000, 1478678400000, 1478764800000, 1478851200000, 1478937600000, 1479024000000, 1479110400000, 1479196800000, 1479283200000, 1479369600000, 1479456000000, 1479542400000, 1479628800000, 1479715200000, 1479801600000, 1479888000000, 1479974400000, 1480060800000, 1480147200000, 1480233600000, 1480320000000, 1480406400000, 1480492800000, 1480579200000, 1480665600000, 1480752000000, 1480838400000, 1480924800000, 1481011200000, 1481097600000, 1481184000000, 1481270400000, 1481356800000, 1481443200000, 1481529600000, 1481616000000, 1481702400000, 1481788800000, 1481875200000, 1481961600000, 1482048000000, 1482134400000, 1482220800000, 1482307200000, 1482393600000, 1482480000000, 1482566400000, 1482652800000, 1482739200000, 1482825600000, 1482912000000, 1482998400000, 1483084800000, 1483171200000, 1483257600000, 1483344000000, 1483430400000, 1483516800000, 1483603200000, 1483689600000, 1483776000000, 1483862400000, 1483948800000, 1484035200000, 1484121600000, 1484208000000, 1484294400000, 1484380800000, 1484467200000, 1484553600000, 1484640000000, 1484726400000, 1484812800000, 1484899200000, 1484985600000, 1485072000000, 1485158400000, 1485244800000, 1485331200000, 1485417600000, 1485504000000, 1485590400000, 1485676800000, 1485763200000, 1485849600000, 1485936000000, 1486022400000, 1486108800000, 1486195200000, 1486281600000, 1486368000000, 1486454400000, 1486540800000, 1486627200000, 1486713600000, 1486800000000, 1486886400000, 1486972800000, 1487059200000, 1487145600000, 1487232000000, 1487318400000, 1487404800000, 1487491200000, 1487577600000, 1487664000000, 1487750400000, 1487836800000, 1487923200000, 1488009600000, 1488096000000, 1488182400000, 1488268800000, 1488355200000, 1488441600000, 1488528000000, 1488614400000, 1488700800000, 1488787200000, 1488873600000, 1488960000000, 1489046400000, 1489132800000, 1489219200000, 1489305600000, 1489388400000, 1489474800000, 1489561200000, 1489647600000, 1489734000000, 1489820400000, 1489906800000, 1489993200000, 1490079600000, 1490166000000, 1490252400000, 1490338800000, 1490425200000, 1490511600000, 1490598000000, 1490684400000, 1490770800000, 1490857200000, 1490943600000, 1491030000000, 1491116400000, 1491202800000, 1491289200000, 1491375600000, 1491462000000, 1491548400000, 1491634800000, 1491721200000, 1491807600000, 1491894000000, 1491980400000, 1492066800000, 1492153200000, 1492239600000, 1492326000000, 1492412400000, 1492498800000, 1492585200000, 1492671600000, 1492758000000, 1492844400000, 1492930800000, 1493017200000, 1493103600000, 1493190000000, 1493276400000, 1493362800000, 1493449200000, 1493535600000, 1493622000000, 1493708400000, 1493794800000, 1493881200000, 1493967600000, 1494054000000, 1494140400000, 1494226800000, 1494313200000, 1494399600000, 1494486000000, 1494572400000, 1494658800000, 1494745200000, 1494831600000, 1494918000000, 1495004400000, 1495090800000, 1495177200000, 1495263600000, 1495350000000, 1495436400000]}}]]></graph_data></root>