<?xml version="1.0" encoding="utf-8"?><root><return_code><![CDATA[0]]></return_code><html_content><![CDATA[

      <div id="watch-actions-stats" class="watch-actions-stats-rats stats-cumulative top-selected-views" data-current-mode-css="stats-mode-daily" data-current-top-site-css="top-selected-views" data-current-metric-css="stats-metric-views">
        <div class="stats-header">
    <h1>
      <span class="stats-header-text yt-card-title">Video statistics</span>
<span class="stats-sub-header">Through May 22, 2017  
  <span class="yt-uix-clickcard">
    <button class="yt-uix-clickcard-target" aria-label="Learn more." aria-haspopup="true" data-position="topleft" type="button">
      <span class="yt-help-icon yt-sprite"></span>
    </button>
    <span class="yt-uix-clickcard-content" role="dialog" aria-label="Learn more." aria-describedby="-7195823418819600072">
      <button class="yt-uix-clickcard-close" aria-label="Close learn more dialog."></button>
      <p id="-7195823418819600072">The video statistics shown below are updated daily. They may lag behind the view count shown directly beneath the video, which updates many times a day.
      </p>
    </span>
  </span>

</span>
    </h1>

  </div>

        <table class="stats-bragbar-container yt-uix-button-group yt-uix-tabs" data-uix-tabs-selected-extra-class="yt-uix-button-toggled">
    <tr>
          <td class="stats-bragbar stats-bragbar-views yt-uix-button yt-uix-tabs-tab  yt-uix-tabs-selected yt-uix-button-toggled" data-uix-tabs-target-id="stats-chart-tab-views" data-top-site-css="top-selected-views" data-metric-css="stats-metric-views" style="border-bottom-color: #73c421">
    <span class="metric-label">Views</span>
    <div class="bragbar-metric-large">152,282,441</div>
  </td>

          <td class="stats-bragbar stats-bragbar-subscribers yt-uix-button yt-uix-tabs-tab " data-uix-tabs-target-id="stats-chart-tab-subscribers" data-top-site-css="top-selected-views" data-metric-css="stats-metric-subscribers" style="border-bottom-color: #e62117">
    <span class="metric-label">Subscriptions driven</span>
    <div class="bragbar-metric-large">78,089</div>
  </td>

          <td class="stats-bragbar stats-bragbar-shares yt-uix-button yt-uix-tabs-tab " data-uix-tabs-target-id="stats-chart-tab-shares" data-top-site-css="top-selected-views" data-metric-css="stats-metric-shares" style="border-bottom-color: #8882ef">
    <span class="metric-label">Shares</span>
    <div class="bragbar-metric-large">384,441</div>
  </td>

    </tr>
  </table>

  <div class="stats-charts-container">
      <div id="stats-chart-tab-views" class="stats-chart-menu ">
      </div>
      <div id="stats-chart-tab-subscribers" class="stats-chart-menu  hid">
      </div>
      <div id="stats-chart-tab-shares" class="stats-chart-menu  hid">
      </div>

    <div class="stats-chart-gviz"></div>

  </div>



  </div>

]]></html_content><graph_data><![CDATA[{"shares": {"daily": {"opt": {"colors": ["#8882ef"], "tooltip": {"trigger": "none"}, "pointSize": 0, "hAxis": {"slantedText": false, "viewWindow": {}, "gridlines": {"color": "transparent"}, "textStyle": {"color": "#666"}, "baselineColor": "transparent"}, "chartArea": {"left": 67.0, "top": 30}, "legend": {"position": "none"}, "vAxis": {"minValue": 0, "gridlines": {"color": "#f0f0f0"}, "baselineColor": "#e2e2e2", "textStyle": {"color": "#666"}, "titleTextStyle": {"color": "#666"}, "maxValue": 13386}, "enableInteractivity": false}, "data": [13385, 7434, 7017, 6213, 4740, 5759, 6254, 3994, 3367, 3626, 2979, 2729, 2382, 2285, 2853, 2502, 2193, 1611, 1718, 1658, 1939, 1904, 1615, 1679, 1463, 1345, 1377, 1580, 1467, 1180, 1130, 1139, 1071, 997, 1038, 1079, 856, 934, 1044, 1062, 1110, 1090, 1077, 922, 982, 1001, 901, 894, 958, 830, 738, 800, 812, 804, 804, 824, 831, 677, 734, 769, 763, 733, 737, 680, 576, 631, 643, 589, 513, 584, 514, 490, 512, 543, 598, 578, 583, 534, 508, 505, 517, 568, 487, 525, 370, 453, 540, 520, 438, 475, 511, 448, 474, 396, 494, 430, 451, 481, 508, 430, 493, 532, 495, 460, 466, 504, 471, 473, 420, 361, 407, 409, 350, 352, 357, 489, 492, 451, 421, 401, 341, 362, 358, 362, 351, 369, 337, 286, 288, 323, 360, 338, 375, 370, 388, 301, 256, 276, 305, 375, 316, 303, 306, 288, 312, 288, 309, 286, 263, 263, 268, 249, 279, 272, 308, 251, 245, 254, 249, 301, 322, 332, 247, 291, 271, 274, 249, 316, 278, 259, 253, 217, 253, 269, 247, 278, 242, 245, 219, 190, 235, 241, 254, 187, 217, 194, 183, 372, 366, 388, 236, 315, 257, 259, 215, 277, 243, 235, 200, 192, 193, 189, 211, 203, 201, 187, 201, 197, 220, 191, 157, 159, 158, 182, 171, 171, 193, 195, 174, 177, 181, 167, 171, 195, 195, 213, 240, 181, 189, 180, 194, 197, 150, 182, 167, 160, 163, 173, 154, 152, 151, 147, 145, 158, 212, 205, 131, 127, 123, 125, 142, 134, 147, 111, 149, 109, 115, 121, 156, 143, 127, 121, 99, 144, 143, 157, 135, 148, 109, 96, 144, 143, 120, 127, 119, 141, 113, 131, 146, 132, 131, 120, 132, 124, 129, 126, 118, 139, 139, 132, 115, 110, 128, 133, 147, 130, 96, 110, 119, 89, 141, 119, 113, 97, 104, 128, 108, 106, 90, 79, 81, 99, 81, 74, 100, 98, 102, 81, 99, 73, 69, 103, 132, 72, 84, 100, 126, 106, 83, 94, 82, 87, 79, 91, 101, 79, 111, 84, 91, 100, 73, 93, 89, 103, 87, 105, 77, 113, 112, 92, 87, 96, 80, 91, 109, 80, 86, 82, 73, 77, 103, 92, 101, 127, 153, 80, 83, 82, 88, 96, 109, 90, 98, 76, 77, 64, 87, 85, 77, 98, 98, 78, 86, 113, 88, 84, 97, 79, 87, 83, 103, 105, 99, 103, 89, 105, 93, 104, 105, 89, 69, 78, 87, 118, 102, 111, 100, 99, 81, 91, 89, 96, 93, 108, 71, 64, 92, 79, 71, 90, 76, 80, 74, 65, 60, 95, 98, 115, 93, 98, 82, 97, 82, 89, 79, 63, 65, 85, 86, 66, 91, 60, 54, 93, 71, 74, 91, 88, 72, 69, 82, 79, 94, 64, 84, 79, 53, 106, 74, 84, 78, 67, 76, 73, 73, 60, 84, 74, 103, 109, 104, 118, 78, 107, 68, 97, 90, 78, 92, 96, 82, 87, 98, 63, 65, 80, 87, 81, 65, 99, 91, 74, 69, 60, 83, 58, 82, 73, 67, 55, 81, 77, 78, 95, 64, 69, 50, 66, 55, 74, 78, 64, 61, 50, 59, 53, 67, 61, 70, 57, 68, 60, 73, 65, 82, 64, 65, 64, 68, 63, 59, 79, 72, 52, 64, 53, 55, 71, 72, 72, 61, 58, 56, 57, 61, 58, 62, 60, 56, 67, 79, 69, 62, 81, 75, 52, 64, 53, 60, 77, 72, 67, 66, 59, 77, 47, 66, 67, 66, 57, 65, 56, 55, 65, 62, 53, 50, 51, 64, 57, 64, 62, 56, 66, 61, 67, 109, 168, 190, 143, 145, 163, 168, 176, 164, 186, 168, 152, 184, 202, 169, 156, 188, 132, 153, 207, 185, 188, 192, 190, 187, 170, 170, 135, 121, 175, 144, 130, 154, 134, 154, 172, 156, 165, 144, 173, 138, 89, 96, 106, 89, 84, 86, 88, 58, 70, 87, 85, 79, 90, 78, 64, 80, 96, 119, 73, 91, 78, 91, 72, 81, 104, 87, 89, 91, 104, 84, 99, 100, 87, 86, 87, 101, 107, 99, 82, 83, 90, 88, 63, 91, 101, 103, 88, 76, 73, 73, 85, 66, 72, 65, 55, 73, 85, 78, 78, 84, 56, 55, 76, 64, 57, 78, 66, 43, 54, 63, 63, 60, 78, 62, 57, 49, 45, 48, 63, 45, 55, 35, 31, 45, 52, 37, 53, 58, 34, 45, 23, 45, 41, 49, 53, 45, 57, 56, 44, 44, 48, 54, 48, 38, 53, 45, 48, 49, 47, 25, 34, 47, 42, 65, 60, 52, 34, 40, 51, 55, 55, 57, 37, 32, 60, 37, 52, 56, 57, 40, 42, 26, 48, 54, 38, 57, 51, 48, 36, 54, 47, 45, 48, 48, 33, 42, 39, 48, 47, 40, 52, 53, 49, 49, 42, 66, 58, 42, 39, 40, 54, 53, 53, 41, 52, 38, 36, 41, 35, 52, 39, 53, 39, 28, 37, 45, 53, 42, 29, 36, 43, 36, 31, 47, 32, 48, 29, 42, 36, 38, 42, 53, 54, 29, 44, 32, 39, 42, 40, 30, 24, 43, 39, 44, 56, 34, 47, 36, 42, 43, 40, 56, 56, 36, 37, 36, 38, 65, 44, 47, 41, 40, 41, 54, 43, 49, 25, 42, 42, 37, 46, 45, 61, 32, 34, 33, 28, 32, 46, 38, 40, 47, 46, 41, 38, 41, 50, 55, 48, 38, 45, 33, 50, 38, 52, 47, 30, 32, 24, 44, 43, 43, 42, 27, 34, 29, 36, 26, 34, 23, 25, 26, 38, 24, 27, 34, 44, 23, 32, 40, 25, 34, 24, 40, 22, 26, 24, 19, 25, 19, 32, 36, 26, 26, 22, 33, 33, 32, 20, 22, 25, 28, 33, 21, 20, 29, 17, 31, 21, 25, 23, 33, 15, 24, 20, 23, 29, 24, 43, 27, 22, 21, 19, 21, 23, 26, 25, 11, 22, 18, 29, 33, 23, 18, 25, 16, 29, 29, 19, 26, 30, 31, 16, 26, 29, 31, 28, 27, 30, 26, 24, 19, 35, 22, 25, 28, 13, 33, 20, 23, 21, 15, 26, 33, 10, 14, 19, 30, 37, 15, 25, 24, 25, 18, 18, 20, 30, 20, 22, 10, 24, 30, 18, 18, 14, 5, 16, 22, 24, 23, 19, 17, 23, 24, 40, 48, 36, 49, 40, 43, 41, 40, 46, 51, 28, 35, 39, 43, 41, 41, 29, 39, 40, 47, 45, 36, 30, 38, 51, 48, 57, 44, 47, 53, 82, 46, 52, 40, 47, 42, 54, 44, 44, 38, 99, 86, 62, 85, 73, 61, 75, 76, 64, 66, 67, 54, 65, 61, 83, 68, 58, 93, 66, 64, 53, 48, 49, 71, 73, 58, 55, 60, 51, 67, 72, 51, 52, 57, 76, 61, 81, 69, 51, 82, 63, 79, 75, 78, 86, 84, 70, 66, 72, 74, 67, 76, 81, 81, 66, 75, 67, 70, 67, 65, 81, 72, 65, 61, 79, 53, 59, 53, 66, 53, 86, 84, 102, 101, 91, 97, 106, 95, 106, 136, 95, 128, 103, 108, 125, 107, 93, 121, 113, 113, 70, 107, 102, 78, 101, 113, 89, 85, 99, 124, 103, 115, 129, 102, 107, 132, 95, 103, 113, 124, 110, 101, 144, 115, 120, 109, 132, 121, 117, 124, 135, 130, 94, 137, 153, 109, 128, 134, 140, 126, 131, 116, 156, 143, 131, 154, 143, 122, 128, 110, 111, 126, 126, 104, 109, 107, 120, 114, 117, 101, 125, 96, 109, 108, 105, 102, 121, 137, 88, 109, 116, 122, 120, 120, 115, 138, 103, 143, 157, 133, 140, 140, 151, 149, 132, 131, 143, 149, 132, 127, 133, 154, 116, 116, 135, 144, 130, 122, 141, 120, 122, 135, 144, 146, 143, 115, 139, 133, 99, 125, 142, 114, 141, 110, 138, 123, 179, 140, 155, 128, 125, 114, 141, 158, 137, 132, 132, 129, 131, 135, 168, 141, 116, 159, 152, 125, 145, 159, 172, 139, 138, 153, 143, 133, 151, 126, 138, 155, 135, 143, 142, 139, 136, 142, 152, 131, 144, 126, 153, 159, 119, 138, 139, 161, 170, 132, 157, 141, 130, 168, 165, 167, 157, 170, 154, 152, 131, 148, 163, 145, 144, 127, 150, 131, 154, 132, 143, 151, 142, 173, 139, 126, 122, 152, 149, 151, 145, 132, 154, 155, 177, 152, 174, 140, 147, 145, 133, 150, 202, 181, 195, 203, 192, 154, 165, 151, 159, 168, 182, 156, 174, 167, 189, 148, 149, 110, 190, 172, 212, 210, 175, 208, 165, 180, 168, 190, 208, 195, 203, 184, 201, 195, 222, 196, 175, 186, 193, 167, 158, 194, 195, 186, 148, 198, 161, 172, 163, 159, 159, 152, 138, 169, 167, 194, 166, 139, 168, 160, 186, 176, 232, 169, 136, 147, 165, 193, 184, 166, 165, 179, 163, 154, 158, 158, 180, 178, 161, 152, 145, 176, 166, 176, 193, 159, 202, 148, 167, 181, 183, 160, 136, 157, 179, 192, 185, 175, 211, 158, 185, 170, 131, 201, 198, 186, 165, 179, 180, 170, 167, 196, 206, 148, 132, 171, 192, 181, 196, 166, 169, 161, 147, 203, 192, 197, 171, 205, 159, 213, 206, 224, 200, 206, 180, 168, 164, 205, 215, 183, 236, 198, 167, 175, 181, 198, 192, 182, 178, 192, 195, 236, 191, 211, 226, 230, 175, 182, 165, 169, 174, 193, 190, 168, 200, 184, 229, 198, 195, 157, 193, 183, 192, 181, 170, 179, 166, 238, 189, 193, 215, 199, 190, 176, 229, 220, 182, 210, 189, 211, 210, 196, 200, 216, 217, 223, 211, 207, 183, 205, 227, 230, 211, 220, 190, 186, 192, 235, 222, 187, 213, 200, 188, 213, 217, 231, 244, 226, 207, 260, 241, 244, 232, 173, 224, 205, 194, 248, 198, 219, 214, 204, 198, 180, 201, 212, 201, 230, 193, 208, 200, 219, 203, 220, 200, 218, 215, 178, 186, 203, 231, 239, 206, 212, 215, 183, 223, 223, 243, 202, 232, 182, 196, 186, 208, 196, 233, 184, 191, 208, 199, 229, 223, 268, 187, 215, 197, 205, 200, 228, 196, 181, 225, 189, 89, 211, 219, 162, 172, 164, 203, 172, 193, 227, 208, 194, 156, 212, 212, 175, 161, 201, 193, 155, 169, 155, 177, 211, 187, 143, 156, 159, 144, 209, 203, 206, 162, 167, 175, 173, 200, 234, 184, 159, 151, 167, 160, 176, 203, 163, 176, 165, 204, 208, 205, 220, 162, 181, 144, 168, 171, 206, 185, 179, 152, 188, 176, 185, 202, 181, 199, 187, 174, 177, 193, 186, 204, 204, 195, 168, 170, 235, 217, 215, 198, 216, 238, 244, 251, 234, 212, 190, 229, 211, 206, 206, 200, 252, 250, 170, 195, 230, 189, 218, 220, 258, 206, 194, 186, 210, 202, 221, 210, 220, 169, 180, 190, 200, 216, 199, 158, 209, 173, 187, 182, 212, 187, 189, 163, 183, 151, 199, 198, 199, 147, 123, 189, 169, 180, 205, 191, 179, 173, 171, 182, 195, 183, 175, 160, 162, 177, 166, 173, 184, 180, 150, 155, 165, 146, 165, 171, 177, 147, 205, 169, 171, 188, 207, 200, 166, 145, 159, 176, 172, 212, 205, 189, 196, 186, 246, 291, 288, 347, 302, 262, 291, 305, 303, 313, 278, 245, 293, 291, 304, 319, 282, 261, 289, 280, 340, 330, 326, 272, 357, 291, 264, 272, 297, 324, 309, 306, 317, 294, 278, 273, 300, 297, 299, 254, 294, 247, 258, 299, 291, 234, 236, 250, 257, 241, 216, 224, 242, 305]}}, "day": {"data": [1333782000000, 1333868400000, 1333954800000, 1334041200000, 1334127600000, 1334214000000, 1334300400000, 1334386800000, 1334473200000, 1334559600000, 1334646000000, 1334732400000, 1334818800000, 1334905200000, 1334991600000, 1335078000000, 1335164400000, 1335250800000, 1335337200000, 1335423600000, 1335510000000, 1335596400000, 1335682800000, 1335769200000, 1335855600000, 1335942000000, 1336028400000, 1336114800000, 1336201200000, 1336287600000, 1336374000000, 1336460400000, 1336546800000, 1336633200000, 1336719600000, 1336806000000, 1336892400000, 1336978800000, 1337065200000, 1337151600000, 1337238000000, 1337324400000, 1337410800000, 1337497200000, 1337583600000, 1337670000000, 1337756400000, 1337842800000, 1337929200000, 1338015600000, 1338102000000, 1338188400000, 1338274800000, 1338361200000, 1338447600000, 1338534000000, 1338620400000, 1338706800000, 1338793200000, 1338879600000, 1338966000000, 1339052400000, 1339138800000, 1339225200000, 1339311600000, 1339398000000, 1339484400000, 1339570800000, 1339657200000, 1339743600000, 1339830000000, 1339916400000, 1340002800000, 1340089200000, 1340175600000, 1340262000000, 1340348400000, 1340434800000, 1340521200000, 1340607600000, 1340694000000, 1340780400000, 1340866800000, 1340953200000, 1341039600000, 1341126000000, 1341212400000, 1341298800000, 1341385200000, 1341471600000, 1341558000000, 1341644400000, 1341730800000, 1341817200000, 1341903600000, 1341990000000, 1342076400000, 1342162800000, 1342249200000, 1342335600000, 1342422000000, 1342508400000, 1342594800000, 1342681200000, 1342767600000, 1342854000000, 1342940400000, 1343026800000, 1343113200000, 1343199600000, 1343286000000, 1343372400000, 1343458800000, 1343545200000, 1343631600000, 1343718000000, 1343804400000, 1343890800000, 1343977200000, 1344063600000, 1344150000000, 1344236400000, 1344322800000, 1344409200000, 1344495600000, 1344582000000, 1344668400000, 1344754800000, 1344841200000, 1344927600000, 1345014000000, 1345100400000, 1345186800000, 1345273200000, 1345359600000, 1345446000000, 1345532400000, 1345618800000, 1345705200000, 1345791600000, 1345878000000, 1345964400000, 1346050800000, 1346137200000, 1346223600000, 1346310000000, 1346396400000, 1346482800000, 1346569200000, 1346655600000, 1346742000000, 1346828400000, 1346914800000, 1347001200000, 1347087600000, 1347174000000, 1347260400000, 1347346800000, 1347433200000, 1347519600000, 1347606000000, 1347692400000, 1347778800000, 1347865200000, 1347951600000, 1348038000000, 1348124400000, 1348210800000, 1348297200000, 1348383600000, 1348470000000, 1348556400000, 1348642800000, 1348729200000, 1348815600000, 1348902000000, 1348988400000, 1349074800000, 1349161200000, 1349247600000, 1349334000000, 1349420400000, 1349506800000, 1349593200000, 1349679600000, 1349766000000, 1349852400000, 1349938800000, 1350025200000, 1350111600000, 1350198000000, 1350284400000, 1350370800000, 1350457200000, 1350543600000, 1350630000000, 1350716400000, 1350802800000, 1350889200000, 1350975600000, 1351062000000, 1351148400000, 1351234800000, 1351321200000, 1351407600000, 1351494000000, 1351580400000, 1351666800000, 1351753200000, 1351839600000, 1351926000000, 1352012400000, 1352102400000, 1352188800000, 1352275200000, 1352361600000, 1352448000000, 1352534400000, 1352620800000, 1352707200000, 1352793600000, 1352880000000, 1352966400000, 1353052800000, 1353139200000, 1353225600000, 1353312000000, 1353398400000, 1353484800000, 1353571200000, 1353657600000, 1353744000000, 1353830400000, 1353916800000, 1354003200000, 1354089600000, 1354176000000, 1354262400000, 1354348800000, 1354435200000, 1354521600000, 1354608000000, 1354694400000, 1354780800000, 1354867200000, 1354953600000, 1355040000000, 1355126400000, 1355212800000, 1355299200000, 1355385600000, 1355472000000, 1355558400000, 1355644800000, 1355731200000, 1355817600000, 1355904000000, 1355990400000, 1356076800000, 1356163200000, 1356249600000, 1356336000000, 1356422400000, 1356508800000, 1356595200000, 1356681600000, 1356768000000, 1356854400000, 1356940800000, 1357027200000, 1357113600000, 1357200000000, 1357286400000, 1357372800000, 1357459200000, 1357545600000, 1357632000000, 1357718400000, 1357804800000, 1357891200000, 1357977600000, 1358064000000, 1358150400000, 1358236800000, 1358323200000, 1358409600000, 1358496000000, 1358582400000, 1358668800000, 1358755200000, 1358841600000, 1358928000000, 1359014400000, 1359100800000, 1359187200000, 1359273600000, 1359360000000, 1359446400000, 1359532800000, 1359619200000, 1359705600000, 1359792000000, 1359878400000, 1359964800000, 1360051200000, 1360137600000, 1360224000000, 1360310400000, 1360396800000, 1360483200000, 1360569600000, 1360656000000, 1360742400000, 1360828800000, 1360915200000, 1361001600000, 1361088000000, 1361174400000, 1361260800000, 1361347200000, 1361433600000, 1361520000000, 1361606400000, 1361692800000, 1361779200000, 1361865600000, 1361952000000, 1362038400000, 1362124800000, 1362211200000, 1362297600000, 1362384000000, 1362470400000, 1362556800000, 1362643200000, 1362729600000, 1362816000000, 1362902400000, 1362985200000, 1363071600000, 1363158000000, 1363244400000, 1363330800000, 1363417200000, 1363503600000, 1363590000000, 1363676400000, 1363762800000, 1363849200000, 1363935600000, 1364022000000, 1364108400000, 1364194800000, 1364281200000, 1364367600000, 1364454000000, 1364540400000, 1364626800000, 1364713200000, 1364799600000, 1364886000000, 1364972400000, 1365058800000, 1365145200000, 1365231600000, 1365318000000, 1365404400000, 1365490800000, 1365577200000, 1365663600000, 1365750000000, 1365836400000, 1365922800000, 1366009200000, 1366095600000, 1366182000000, 1366268400000, 1366354800000, 1366441200000, 1366527600000, 1366614000000, 1366700400000, 1366786800000, 1366873200000, 1366959600000, 1367046000000, 1367132400000, 1367218800000, 1367305200000, 1367391600000, 1367478000000, 1367564400000, 1367650800000, 1367737200000, 1367823600000, 1367910000000, 1367996400000, 1368082800000, 1368169200000, 1368255600000, 1368342000000, 1368428400000, 1368514800000, 1368601200000, 1368687600000, 1368774000000, 1368860400000, 1368946800000, 1369033200000, 1369119600000, 1369206000000, 1369292400000, 1369378800000, 1369465200000, 1369551600000, 1369638000000, 1369724400000, 1369810800000, 1369897200000, 1369983600000, 1370070000000, 1370156400000, 1370242800000, 1370329200000, 1370415600000, 1370502000000, 1370588400000, 1370674800000, 1370761200000, 1370847600000, 1370934000000, 1371020400000, 1371106800000, 1371193200000, 1371279600000, 1371366000000, 1371452400000, 1371538800000, 1371625200000, 1371711600000, 1371798000000, 1371884400000, 1371970800000, 1372057200000, 1372143600000, 1372230000000, 1372316400000, 1372402800000, 1372489200000, 1372575600000, 1372662000000, 1372748400000, 1372834800000, 1372921200000, 1373007600000, 1373094000000, 1373180400000, 1373266800000, 1373353200000, 1373439600000, 1373526000000, 1373612400000, 1373698800000, 1373785200000, 1373871600000, 1373958000000, 1374044400000, 1374130800000, 1374217200000, 1374303600000, 1374390000000, 1374476400000, 1374562800000, 1374649200000, 1374735600000, 1374822000000, 1374908400000, 1374994800000, 1375081200000, 1375167600000, 1375254000000, 1375340400000, 1375426800000, 1375513200000, 1375599600000, 1375686000000, 1375772400000, 1375858800000, 1375945200000, 1376031600000, 1376118000000, 1376204400000, 1376290800000, 1376377200000, 1376463600000, 1376550000000, 1376636400000, 1376722800000, 1376809200000, 1376895600000, 1376982000000, 1377068400000, 1377154800000, 1377241200000, 1377327600000, 1377414000000, 1377500400000, 1377586800000, 1377673200000, 1377759600000, 1377846000000, 1377932400000, 1378018800000, 1378105200000, 1378191600000, 1378278000000, 1378364400000, 1378450800000, 1378537200000, 1378623600000, 1378710000000, 1378796400000, 1378882800000, 1378969200000, 1379055600000, 1379142000000, 1379228400000, 1379314800000, 1379401200000, 1379487600000, 1379574000000, 1379660400000, 1379746800000, 1379833200000, 1379919600000, 1380006000000, 1380092400000, 1380178800000, 1380265200000, 1380351600000, 1380438000000, 1380524400000, 1380610800000, 1380697200000, 1380783600000, 1380870000000, 1380956400000, 1381042800000, 1381129200000, 1381215600000, 1381302000000, 1381388400000, 1381474800000, 1381561200000, 1381647600000, 1381734000000, 1381820400000, 1381906800000, 1381993200000, 1382079600000, 1382166000000, 1382252400000, 1382338800000, 1382425200000, 1382511600000, 1382598000000, 1382684400000, 1382770800000, 1382857200000, 1382943600000, 1383030000000, 1383116400000, 1383202800000, 1383289200000, 1383375600000, 1383462000000, 1383552000000, 1383638400000, 1383724800000, 1383811200000, 1383897600000, 1383984000000, 1384070400000, 1384156800000, 1384243200000, 1384329600000, 1384416000000, 1384502400000, 1384588800000, 1384675200000, 1384761600000, 1384848000000, 1384934400000, 1385020800000, 1385107200000, 1385193600000, 1385280000000, 1385366400000, 1385452800000, 1385539200000, 1385625600000, 1385712000000, 1385798400000, 1385884800000, 1385971200000, 1386057600000, 1386144000000, 1386230400000, 1386316800000, 1386403200000, 1386489600000, 1386576000000, 1386662400000, 1386748800000, 1386835200000, 1386921600000, 1387008000000, 1387094400000, 1387180800000, 1387267200000, 1387353600000, 1387440000000, 1387526400000, 1387612800000, 1387699200000, 1387785600000, 1387872000000, 1387958400000, 1388044800000, 1388131200000, 1388217600000, 1388304000000, 1388390400000, 1388476800000, 1388563200000, 1388649600000, 1388736000000, 1388822400000, 1388908800000, 1388995200000, 1389081600000, 1389168000000, 1389254400000, 1389340800000, 1389427200000, 1389513600000, 1389600000000, 1389686400000, 1389772800000, 1389859200000, 1389945600000, 1390032000000, 1390118400000, 1390204800000, 1390291200000, 1390377600000, 1390464000000, 1390550400000, 1390636800000, 1390723200000, 1390809600000, 1390896000000, 1390982400000, 1391068800000, 1391155200000, 1391241600000, 1391328000000, 1391414400000, 1391500800000, 1391587200000, 1391673600000, 1391760000000, 1391846400000, 1391932800000, 1392019200000, 1392105600000, 1392192000000, 1392278400000, 1392364800000, 1392451200000, 1392537600000, 1392624000000, 1392710400000, 1392796800000, 1392883200000, 1392969600000, 1393056000000, 1393142400000, 1393228800000, 1393315200000, 1393401600000, 1393488000000, 1393574400000, 1393660800000, 1393747200000, 1393833600000, 1393920000000, 1394006400000, 1394092800000, 1394179200000, 1394265600000, 1394352000000, 1394434800000, 1394521200000, 1394607600000, 1394694000000, 1394780400000, 1394866800000, 1394953200000, 1395039600000, 1395126000000, 1395212400000, 1395298800000, 1395385200000, 1395471600000, 1395558000000, 1395644400000, 1395730800000, 1395817200000, 1395903600000, 1395990000000, 1396076400000, 1396162800000, 1396249200000, 1396335600000, 1396422000000, 1396508400000, 1396594800000, 1396681200000, 1396767600000, 1396854000000, 1396940400000, 1397026800000, 1397113200000, 1397199600000, 1397286000000, 1397372400000, 1397458800000, 1397545200000, 1397631600000, 1397718000000, 1397804400000, 1397890800000, 1397977200000, 1398063600000, 1398150000000, 1398236400000, 1398322800000, 1398409200000, 1398495600000, 1398582000000, 1398668400000, 1398754800000, 1398841200000, 1398927600000, 1399014000000, 1399100400000, 1399186800000, 1399273200000, 1399359600000, 1399446000000, 1399532400000, 1399618800000, 1399705200000, 1399791600000, 1399878000000, 1399964400000, 1400050800000, 1400137200000, 1400223600000, 1400310000000, 1400396400000, 1400482800000, 1400569200000, 1400655600000, 1400742000000, 1400828400000, 1400914800000, 1401001200000, 1401087600000, 1401174000000, 1401260400000, 1401346800000, 1401433200000, 1401519600000, 1401606000000, 1401692400000, 1401778800000, 1401865200000, 1401951600000, 1402038000000, 1402124400000, 1402210800000, 1402297200000, 1402383600000, 1402470000000, 1402556400000, 1402642800000, 1402729200000, 1402815600000, 1402902000000, 1402988400000, 1403074800000, 1403161200000, 1403247600000, 1403334000000, 1403420400000, 1403506800000, 1403593200000, 1403679600000, 1403766000000, 1403852400000, 1403938800000, 1404025200000, 1404111600000, 1404198000000, 1404284400000, 1404370800000, 1404457200000, 1404543600000, 1404630000000, 1404716400000, 1404802800000, 1404889200000, 1404975600000, 1405062000000, 1405148400000, 1405234800000, 1405321200000, 1405407600000, 1405494000000, 1405580400000, 1405666800000, 1405753200000, 1405839600000, 1405926000000, 1406012400000, 1406098800000, 1406185200000, 1406271600000, 1406358000000, 1406444400000, 1406530800000, 1406617200000, 1406703600000, 1406790000000, 1406876400000, 1406962800000, 1407049200000, 1407135600000, 1407222000000, 1407308400000, 1407394800000, 1407481200000, 1407567600000, 1407654000000, 1407740400000, 1407826800000, 1407913200000, 1407999600000, 1408086000000, 1408172400000, 1408258800000, 1408345200000, 1408431600000, 1408518000000, 1408604400000, 1408690800000, 1408777200000, 1408863600000, 1408950000000, 1409036400000, 1409122800000, 1409209200000, 1409295600000, 1409382000000, 1409468400000, 1409554800000, 1409641200000, 1409727600000, 1409814000000, 1409900400000, 1409986800000, 1410073200000, 1410159600000, 1410246000000, 1410332400000, 1410418800000, 1410505200000, 1410591600000, 1410678000000, 1410764400000, 1410850800000, 1410937200000, 1411023600000, 1411110000000, 1411196400000, 1411282800000, 1411369200000, 1411455600000, 1411542000000, 1411628400000, 1411714800000, 1411801200000, 1411887600000, 1411974000000, 1412060400000, 1412146800000, 1412233200000, 1412319600000, 1412406000000, 1412492400000, 1412578800000, 1412665200000, 1412751600000, 1412838000000, 1412924400000, 1413010800000, 1413097200000, 1413183600000, 1413270000000, 1413356400000, 1413442800000, 1413529200000, 1413615600000, 1413702000000, 1413788400000, 1413874800000, 1413961200000, 1414047600000, 1414134000000, 1414220400000, 1414306800000, 1414393200000, 1414479600000, 1414566000000, 1414652400000, 1414738800000, 1414825200000, 1414911600000, 1415001600000, 1415088000000, 1415174400000, 1415260800000, 1415347200000, 1415433600000, 1415520000000, 1415606400000, 1415692800000, 1415779200000, 1415865600000, 1415952000000, 1416038400000, 1416124800000, 1416211200000, 1416297600000, 1416384000000, 1416470400000, 1416556800000, 1416643200000, 1416729600000, 1416816000000, 1416902400000, 1416988800000, 1417075200000, 1417161600000, 1417248000000, 1417334400000, 1417420800000, 1417507200000, 1417593600000, 1417680000000, 1417766400000, 1417852800000, 1417939200000, 1418025600000, 1418112000000, 1418198400000, 1418284800000, 1418371200000, 1418457600000, 1418544000000, 1418630400000, 1418716800000, 1418803200000, 1418889600000, 1418976000000, 1419062400000, 1419148800000, 1419235200000, 1419321600000, 1419408000000, 1419494400000, 1419580800000, 1419667200000, 1419753600000, 1419840000000, 1419926400000, 1420012800000, 1420099200000, 1420185600000, 1420272000000, 1420358400000, 1420444800000, 1420531200000, 1420617600000, 1420704000000, 1420790400000, 1420876800000, 1420963200000, 1421049600000, 1421136000000, 1421222400000, 1421308800000, 1421395200000, 1421481600000, 1421568000000, 1421654400000, 1421740800000, 1421827200000, 1421913600000, 1422000000000, 1422086400000, 1422172800000, 1422259200000, 1422345600000, 1422432000000, 1422518400000, 1422604800000, 1422691200000, 1422777600000, 1422864000000, 1422950400000, 1423036800000, 1423123200000, 1423209600000, 1423296000000, 1423382400000, 1423468800000, 1423555200000, 1423641600000, 1423728000000, 1423814400000, 1423900800000, 1423987200000, 1424073600000, 1424160000000, 1424246400000, 1424332800000, 1424419200000, 1424505600000, 1424592000000, 1424678400000, 1424764800000, 1424851200000, 1424937600000, 1425024000000, 1425110400000, 1425196800000, 1425283200000, 1425369600000, 1425456000000, 1425542400000, 1425628800000, 1425715200000, 1425801600000, 1425884400000, 1425970800000, 1426057200000, 1426143600000, 1426230000000, 1426316400000, 1426402800000, 1426489200000, 1426575600000, 1426662000000, 1426748400000, 1426834800000, 1426921200000, 1427007600000, 1427094000000, 1427180400000, 1427266800000, 1427353200000, 1427439600000, 1427526000000, 1427612400000, 1427698800000, 1427785200000, 1427871600000, 1427958000000, 1428044400000, 1428130800000, 1428217200000, 1428303600000, 1428390000000, 1428476400000, 1428562800000, 1428649200000, 1428735600000, 1428822000000, 1428908400000, 1428994800000, 1429081200000, 1429167600000, 1429254000000, 1429340400000, 1429426800000, 1429513200000, 1429599600000, 1429686000000, 1429772400000, 1429858800000, 1429945200000, 1430031600000, 1430118000000, 1430204400000, 1430290800000, 1430377200000, 1430463600000, 1430550000000, 1430636400000, 1430722800000, 1430809200000, 1430895600000, 1430982000000, 1431068400000, 1431154800000, 1431241200000, 1431327600000, 1431414000000, 1431500400000, 1431586800000, 1431673200000, 1431759600000, 1431846000000, 1431932400000, 1432018800000, 1432105200000, 1432191600000, 1432278000000, 1432364400000, 1432450800000, 1432537200000, 1432623600000, 1432710000000, 1432796400000, 1432882800000, 1432969200000, 1433055600000, 1433142000000, 1433228400000, 1433314800000, 1433401200000, 1433487600000, 1433574000000, 1433660400000, 1433746800000, 1433833200000, 1433919600000, 1434006000000, 1434092400000, 1434178800000, 1434265200000, 1434351600000, 1434438000000, 1434524400000, 1434610800000, 1434697200000, 1434783600000, 1434870000000, 1434956400000, 1435042800000, 1435129200000, 1435215600000, 1435302000000, 1435388400000, 1435474800000, 1435561200000, 1435647600000, 1435734000000, 1435820400000, 1435906800000, 1435993200000, 1436079600000, 1436166000000, 1436252400000, 1436338800000, 1436425200000, 1436511600000, 1436598000000, 1436684400000, 1436770800000, 1436857200000, 1436943600000, 1437030000000, 1437116400000, 1437202800000, 1437289200000, 1437375600000, 1437462000000, 1437548400000, 1437634800000, 1437721200000, 1437807600000, 1437894000000, 1437980400000, 1438066800000, 1438153200000, 1438239600000, 1438326000000, 1438412400000, 1438498800000, 1438585200000, 1438671600000, 1438758000000, 1438844400000, 1438930800000, 1439017200000, 1439103600000, 1439190000000, 1439276400000, 1439362800000, 1439449200000, 1439535600000, 1439622000000, 1439708400000, 1439794800000, 1439881200000, 1439967600000, 1440054000000, 1440140400000, 1440226800000, 1440313200000, 1440399600000, 1440486000000, 1440572400000, 1440658800000, 1440745200000, 1440831600000, 1440918000000, 1441004400000, 1441090800000, 1441177200000, 1441263600000, 1441350000000, 1441436400000, 1441522800000, 1441609200000, 1441695600000, 1441782000000, 1441868400000, 1441954800000, 1442041200000, 1442127600000, 1442214000000, 1442300400000, 1442386800000, 1442473200000, 1442559600000, 1442646000000, 1442732400000, 1442818800000, 1442905200000, 1442991600000, 1443078000000, 1443164400000, 1443250800000, 1443337200000, 1443423600000, 1443510000000, 1443596400000, 1443682800000, 1443769200000, 1443855600000, 1443942000000, 1444028400000, 1444114800000, 1444201200000, 1444287600000, 1444374000000, 1444460400000, 1444546800000, 1444633200000, 1444719600000, 1444806000000, 1444892400000, 1444978800000, 1445065200000, 1445151600000, 1445238000000, 1445324400000, 1445410800000, 1445497200000, 1445583600000, 1445670000000, 1445756400000, 1445842800000, 1445929200000, 1446015600000, 1446102000000, 1446188400000, 1446274800000, 1446361200000, 1446451200000, 1446537600000, 1446624000000, 1446710400000, 1446796800000, 1446883200000, 1446969600000, 1447056000000, 1447142400000, 1447228800000, 1447315200000, 1447401600000, 1447488000000, 1447574400000, 1447660800000, 1447747200000, 1447833600000, 1447920000000, 1448006400000, 1448092800000, 1448179200000, 1448265600000, 1448352000000, 1448438400000, 1448524800000, 1448611200000, 1448697600000, 1448784000000, 1448870400000, 1448956800000, 1449043200000, 1449129600000, 1449216000000, 1449302400000, 1449388800000, 1449475200000, 1449561600000, 1449648000000, 1449734400000, 1449820800000, 1449907200000, 1449993600000, 1450080000000, 1450166400000, 1450252800000, 1450339200000, 1450425600000, 1450512000000, 1450598400000, 1450684800000, 1450771200000, 1450857600000, 1450944000000, 1451030400000, 1451116800000, 1451203200000, 1451289600000, 1451376000000, 1451462400000, 1451548800000, 1451635200000, 1451721600000, 1451808000000, 1451894400000, 1451980800000, 1452067200000, 1452153600000, 1452240000000, 1452326400000, 1452412800000, 1452499200000, 1452585600000, 1452672000000, 1452758400000, 1452844800000, 1452931200000, 1453017600000, 1453104000000, 1453190400000, 1453276800000, 1453363200000, 1453449600000, 1453536000000, 1453622400000, 1453708800000, 1453795200000, 1453881600000, 1453968000000, 1454054400000, 1454140800000, 1454227200000, 1454313600000, 1454400000000, 1454486400000, 1454572800000, 1454659200000, 1454745600000, 1454832000000, 1454918400000, 1455004800000, 1455091200000, 1455177600000, 1455264000000, 1455350400000, 1455436800000, 1455523200000, 1455609600000, 1455696000000, 1455782400000, 1455868800000, 1455955200000, 1456041600000, 1456128000000, 1456214400000, 1456300800000, 1456387200000, 1456473600000, 1456560000000, 1456646400000, 1456732800000, 1456819200000, 1456905600000, 1456992000000, 1457078400000, 1457164800000, 1457251200000, 1457337600000, 1457424000000, 1457510400000, 1457596800000, 1457683200000, 1457769600000, 1457856000000, 1457938800000, 1458025200000, 1458111600000, 1458198000000, 1458284400000, 1458370800000, 1458457200000, 1458543600000, 1458630000000, 1458716400000, 1458802800000, 1458889200000, 1458975600000, 1459062000000, 1459148400000, 1459234800000, 1459321200000, 1459407600000, 1459494000000, 1459580400000, 1459666800000, 1459753200000, 1459839600000, 1459926000000, 1460012400000, 1460098800000, 1460185200000, 1460271600000, 1460358000000, 1460444400000, 1460530800000, 1460617200000, 1460703600000, 1460790000000, 1460876400000, 1460962800000, 1461049200000, 1461135600000, 1461222000000, 1461308400000, 1461394800000, 1461481200000, 1461567600000, 1461654000000, 1461740400000, 1461826800000, 1461913200000, 1461999600000, 1462086000000, 1462172400000, 1462258800000, 1462345200000, 1462431600000, 1462518000000, 1462604400000, 1462690800000, 1462777200000, 1462863600000, 1462950000000, 1463036400000, 1463122800000, 1463209200000, 1463295600000, 1463382000000, 1463468400000, 1463554800000, 1463641200000, 1463727600000, 1463814000000, 1463900400000, 1463986800000, 1464073200000, 1464159600000, 1464246000000, 1464332400000, 1464418800000, 1464505200000, 1464591600000, 1464678000000, 1464764400000, 1464850800000, 1464937200000, 1465023600000, 1465110000000, 1465196400000, 1465282800000, 1465369200000, 1465455600000, 1465542000000, 1465628400000, 1465714800000, 1465801200000, 1465887600000, 1465974000000, 1466060400000, 1466146800000, 1466233200000, 1466319600000, 1466406000000, 1466492400000, 1466578800000, 1466665200000, 1466751600000, 1466838000000, 1466924400000, 1467010800000, 1467097200000, 1467183600000, 1467270000000, 1467356400000, 1467442800000, 1467529200000, 1467615600000, 1467702000000, 1467788400000, 1467874800000, 1467961200000, 1468047600000, 1468134000000, 1468220400000, 1468306800000, 1468393200000, 1468479600000, 1468566000000, 1468652400000, 1468738800000, 1468825200000, 1468911600000, 1468998000000, 1469084400000, 1469170800000, 1469257200000, 1469343600000, 1469430000000, 1469516400000, 1469602800000, 1469689200000, 1469775600000, 1469862000000, 1469948400000, 1470034800000, 1470121200000, 1470207600000, 1470294000000, 1470380400000, 1470466800000, 1470553200000, 1470639600000, 1470726000000, 1470812400000, 1470898800000, 1470985200000, 1471071600000, 1471158000000, 1471244400000, 1471330800000, 1471417200000, 1471503600000, 1471590000000, 1471676400000, 1471762800000, 1471849200000, 1471935600000, 1472022000000, 1472108400000, 1472194800000, 1472281200000, 1472367600000, 1472454000000, 1472540400000, 1472626800000, 1472713200000, 1472799600000, 1472886000000, 1472972400000, 1473058800000, 1473145200000, 1473231600000, 1473318000000, 1473404400000, 1473490800000, 1473577200000, 1473663600000, 1473750000000, 1473836400000, 1473922800000, 1474009200000, 1474095600000, 1474182000000, 1474268400000, 1474354800000, 1474441200000, 1474527600000, 1474614000000, 1474700400000, 1474786800000, 1474873200000, 1474959600000, 1475046000000, 1475132400000, 1475218800000, 1475305200000, 1475391600000, 1475478000000, 1475564400000, 1475650800000, 1475737200000, 1475823600000, 1475910000000, 1475996400000, 1476082800000, 1476169200000, 1476255600000, 1476342000000, 1476428400000, 1476514800000, 1476601200000, 1476687600000, 1476774000000, 1476860400000, 1476946800000, 1477033200000, 1477119600000, 1477206000000, 1477292400000, 1477378800000, 1477465200000, 1477551600000, 1477638000000, 1477724400000, 1477810800000, 1477897200000, 1477983600000, 1478070000000, 1478156400000, 1478242800000, 1478329200000, 1478415600000, 1478505600000, 1478592000000, 1478678400000, 1478764800000, 1478851200000, 1478937600000, 1479024000000, 1479110400000, 1479196800000, 1479283200000, 1479369600000, 1479456000000, 1479542400000, 1479628800000, 1479715200000, 1479801600000, 1479888000000, 1479974400000, 1480060800000, 1480147200000, 1480233600000, 1480320000000, 1480406400000, 1480492800000, 1480579200000, 1480665600000, 1480752000000, 1480838400000, 1480924800000, 1481011200000, 1481097600000, 1481184000000, 1481270400000, 1481356800000, 1481443200000, 1481529600000, 1481616000000, 1481702400000, 1481788800000, 1481875200000, 1481961600000, 1482048000000, 1482134400000, 1482220800000, 1482307200000, 1482393600000, 1482480000000, 1482566400000, 1482652800000, 1482739200000, 1482825600000, 1482912000000, 1482998400000, 1483084800000, 1483171200000, 1483257600000, 1483344000000, 1483430400000, 1483516800000, 1483603200000, 1483689600000, 1483776000000, 1483862400000, 1483948800000, 1484035200000, 1484121600000, 1484208000000, 1484294400000, 1484380800000, 1484467200000, 1484553600000, 1484640000000, 1484726400000, 1484812800000, 1484899200000, 1484985600000, 1485072000000, 1485158400000, 1485244800000, 1485331200000, 1485417600000, 1485504000000, 1485590400000, 1485676800000, 1485763200000, 1485849600000, 1485936000000, 1486022400000, 1486108800000, 1486195200000, 1486281600000, 1486368000000, 1486454400000, 1486540800000, 1486627200000, 1486713600000, 1486800000000, 1486886400000, 1486972800000, 1487059200000, 1487145600000, 1487232000000, 1487318400000, 1487404800000, 1487491200000, 1487577600000, 1487664000000, 1487750400000, 1487836800000, 1487923200000, 1488009600000, 1488096000000, 1488182400000, 1488268800000, 1488355200000, 1488441600000, 1488528000000, 1488614400000, 1488700800000, 1488787200000, 1488873600000, 1488960000000, 1489046400000, 1489132800000, 1489219200000, 1489305600000, 1489388400000, 1489474800000, 1489561200000, 1489647600000, 1489734000000, 1489820400000, 1489906800000, 1489993200000, 1490079600000, 1490166000000, 1490252400000, 1490338800000, 1490425200000, 1490511600000, 1490598000000, 1490684400000, 1490770800000, 1490857200000, 1490943600000, 1491030000000, 1491116400000, 1491202800000, 1491289200000, 1491375600000, 1491462000000, 1491548400000, 1491634800000, 1491721200000, 1491807600000, 1491894000000, 1491980400000, 1492066800000, 1492153200000, 1492239600000, 1492326000000, 1492412400000, 1492498800000, 1492585200000, 1492671600000, 1492758000000, 1492844400000, 1492930800000, 1493017200000, 1493103600000, 1493190000000, 1493276400000, 1493362800000, 1493449200000, 1493535600000, 1493622000000, 1493708400000, 1493794800000, 1493881200000, 1493967600000, 1494054000000, 1494140400000, 1494226800000, 1494313200000, 1494399600000, 1494486000000, 1494572400000, 1494658800000, 1494745200000, 1494831600000, 1494918000000, 1495004400000, 1495090800000, 1495177200000, 1495263600000, 1495350000000, 1495436400000]}, "views": {"daily": {"opt": {"colors": ["#73c421"], "tooltip": {"trigger": "none"}, "pointSize": 0, "hAxis": {"slantedText": false, "viewWindow": {}, "gridlines": {"color": "transparent"}, "textStyle": {"color": "#666"}, "baselineColor": "transparent"}, "chartArea": {"left": 81.0, "top": 30}, "legend": {"position": "none"}, "vAxis": {"minValue": 0, "gridlines": {"color": "#f0f0f0"}, "baselineColor": "#e2e2e2", "textStyle": {"color": "#666"}, "titleTextStyle": {"color": "#666"}, "maxValue": 2388913}, "enableInteractivity": false}, "data": [1965379, 2265920, 2388912, 1837710, 1442893, 1483073, 1713200, 1488335, 1101846, 1138604, 904186, 850223, 751626, 723792, 833461, 695875, 570062, 461381, 509351, 522384, 776142, 840110, 744099, 664110, 618466, 584686, 590206, 723624, 726409, 478223, 429509, 423622, 424879, 417353, 453170, 499001, 413601, 378970, 386209, 429531, 493753, 503048, 525585, 441716, 404485, 417908, 413078, 393637, 414771, 430439, 378580, 364759, 357530, 354436, 372820, 390254, 414858, 368223, 344088, 353914, 357215, 362957, 380656, 355775, 274622, 257200, 276652, 293494, 273475, 280608, 291032, 253752, 265809, 263513, 291118, 280431, 281160, 284581, 259442, 268718, 266634, 256894, 245709, 232177, 207639, 208045, 230293, 230000, 219324, 217382, 236893, 229275, 200132, 217274, 223800, 213871, 227430, 253458, 256204, 226056, 247966, 247923, 266139, 266667, 272359, 300204, 272958, 271760, 227077, 202699, 213156, 208311, 206817, 181407, 181992, 239365, 256638, 259930, 258766, 238289, 193549, 208362, 202496, 212680, 208280, 210585, 201202, 181646, 185951, 199328, 221498, 219816, 227786, 255320, 234520, 198820, 182691, 183195, 190396, 216561, 233400, 212375, 196728, 193527, 192799, 192317, 198790, 221131, 203069, 183148, 158810, 155275, 171628, 193042, 205728, 183908, 158013, 158498, 165250, 187278, 182298, 251250, 209176, 183324, 173858, 182508, 185072, 222196, 247875, 206291, 170460, 170346, 179802, 179328, 202110, 228916, 191882, 154080, 154260, 160969, 163177, 185965, 202911, 173607, 144053, 136251, 140658, 159642, 178452, 206610, 175359, 154247, 142767, 147855, 165848, 209795, 217930, 195479, 158842, 155829, 151050, 145638, 175061, 180725, 164649, 144457, 138520, 136867, 140709, 161020, 151872, 132343, 115313, 133528, 120680, 128067, 150353, 168627, 143907, 129239, 121931, 119688, 118701, 159823, 170120, 153427, 148907, 127650, 152457, 142796, 153982, 159098, 131497, 112542, 108359, 100216, 102581, 120244, 124011, 103403, 94698, 96461, 100429, 97552, 138768, 135182, 99842, 88827, 90822, 90725, 94296, 94147, 104590, 93382, 97362, 81974, 87048, 88571, 120590, 109233, 104740, 121396, 109096, 116797, 114817, 123478, 117525, 106076, 127033, 99870, 120097, 103607, 89127, 98222, 100188, 85903, 82571, 84905, 87530, 108524, 125619, 104477, 88873, 92270, 93900, 96899, 99973, 131490, 109411, 93930, 65794, 95582, 117044, 139525, 146935, 109649, 92880, 114585, 101398, 101809, 114394, 126967, 116863, 94439, 96925, 116926, 98807, 105213, 116338, 96568, 79580, 78494, 79601, 78792, 114642, 112842, 110344, 88058, 95841, 81108, 86739, 92156, 106605, 83568, 81473, 81465, 83759, 77148, 87377, 102265, 77264, 66354, 65168, 73061, 84204, 91527, 107407, 90812, 83194, 95199, 82812, 87920, 96395, 110156, 100384, 89007, 78844, 83193, 82763, 94410, 107403, 85058, 71615, 74033, 85519, 80757, 85248, 87522, 74383, 73444, 81385, 85375, 91230, 111205, 123419, 91262, 83888, 80093, 89696, 84225, 107800, 120027, 101616, 76906, 76398, 76421, 96244, 84593, 97591, 82071, 72811, 72615, 89326, 74390, 78848, 90331, 81851, 71774, 75780, 81687, 78716, 92945, 107132, 94749, 86849, 85737, 85919, 86934, 91529, 103440, 82913, 74213, 84146, 96519, 105238, 116753, 116904, 95522, 86455, 86260, 81852, 84745, 92735, 102220, 91680, 85390, 83817, 86131, 86075, 91616, 96296, 84832, 79583, 80001, 73590, 92073, 105173, 105011, 94016, 89071, 89344, 88395, 88403, 85517, 88844, 78306, 78058, 78155, 75983, 75923, 74354, 61720, 55284, 67604, 79200, 82874, 84768, 87347, 87985, 80718, 88401, 91252, 93806, 91172, 92226, 79483, 73489, 78518, 79308, 82424, 73295, 72589, 74636, 73404, 79752, 76809, 81692, 87149, 86009, 89052, 83888, 91674, 91954, 89215, 86511, 91260, 85671, 82472, 85146, 87633, 88664, 85447, 93916, 87654, 79872, 85094, 89787, 89580, 86634, 90274, 85989, 82183, 85070, 85649, 87893, 86777, 89855, 88241, 86962, 83779, 82579, 81911, 82556, 85592, 88248, 77769, 73865, 74956, 75046, 76801, 84810, 87067, 80589, 74458, 69174, 69613, 74027, 79586, 89860, 77129, 69631, 71431, 72439, 78578, 85429, 89899, 79020, 69313, 70443, 68632, 73031, 81537, 85885, 73135, 62834, 64224, 66906, 65218, 74499, 85384, 75043, 63105, 64742, 73977, 75801, 86110, 95840, 79259, 70807, 71126, 74852, 77743, 90916, 99335, 87485, 80389, 76647, 78152, 84646, 102415, 102591, 84745, 75235, 74291, 76528, 75221, 84913, 94851, 82048, 74411, 72359, 69339, 78730, 88291, 88801, 75886, 61726, 65471, 69400, 68965, 79891, 88671, 75143, 66690, 65607, 67868, 66275, 77684, 91722, 75949, 62939, 61039, 67270, 68003, 73356, 88718, 77903, 67750, 71784, 80077, 81807, 88259, 94275, 75570, 69505, 74982, 83314, 84656, 90674, 101647, 86510, 73066, 71058, 67887, 64589, 73840, 82994, 68310, 61007, 61995, 68066, 68165, 74805, 77187, 68883, 76254, 70898, 60811, 46764, 46653, 46729, 43061, 46553, 53440, 40232, 42954, 46836, 46123, 40314, 38765, 40522, 42277, 44924, 50998, 59456, 51108, 41371, 43955, 45768, 46431, 48903, 56321, 50498, 45917, 41832, 43970, 43521, 51587, 63915, 45034, 40635, 41798, 43292, 43969, 49678, 55530, 47195, 40075, 40606, 40355, 42287, 46135, 52540, 45200, 38522, 39569, 42629, 50291, 47651, 53306, 46971, 42545, 39415, 40983, 42173, 48227, 52025, 44057, 35169, 37865, 39902, 40333, 46472, 46410, 38189, 33524, 32500, 32353, 34346, 39026, 43649, 36100, 32709, 31220, 31921, 31697, 34899, 40040, 33213, 28951, 27076, 28823, 30604, 33333, 39769, 32618, 28702, 29288, 31199, 32247, 36632, 40012, 32115, 27762, 28948, 30274, 33647, 38568, 42878, 36194, 31118, 28474, 29492, 35104, 36298, 43879, 37412, 34834, 36425, 36944, 39060, 42828, 42213, 36245, 35399, 35669, 36193, 39262, 43323, 45597, 39358, 34069, 35435, 37042, 38144, 41553, 39007, 33232, 29889, 31636, 33327, 33728, 37304, 41776, 35193, 32038, 34071, 34608, 32818, 36578, 40965, 34817, 29505, 29151, 30619, 31800, 38693, 40224, 35659, 33966, 31846, 32902, 31712, 34801, 38561, 32968, 29428, 31859, 32851, 33289, 36206, 38633, 36627, 32978, 34862, 36332, 35663, 37195, 36652, 32090, 32829, 31929, 32723, 33204, 34681, 34028, 29979, 32014, 31695, 31253, 34252, 36836, 35120, 31466, 32906, 29793, 31333, 31314, 31580, 33080, 30569, 32865, 32634, 31685, 32832, 34018, 34669, 32190, 35015, 34565, 33490, 34096, 36757, 37710, 35052, 38989, 37156, 37835, 41489, 43310, 41304, 38121, 40800, 40239, 39407, 39142, 38612, 40923, 38117, 41857, 41165, 41241, 40703, 40463, 39318, 37117, 37986, 37088, 39562, 42002, 43704, 44580, 36629, 36974, 37223, 56425, 62871, 62270, 56422, 47241, 41643, 38127, 37717, 33951, 38666, 40348, 37217, 37077, 33473, 34730, 38462, 42877, 49950, 39073, 34885, 35690, 35232, 32392, 35977, 40487, 34872, 29959, 29351, 28811, 29716, 36023, 39276, 31085, 26605, 26966, 28128, 31873, 34450, 37515, 31355, 27322, 29916, 31792, 31059, 32357, 38514, 32641, 27720, 27563, 27543, 27175, 31207, 35486, 33370, 28064, 28440, 28762, 30027, 35113, 39511, 33521, 26400, 27397, 26304, 27554, 30383, 33172, 28945, 25508, 25757, 26748, 26780, 28764, 33986, 30927, 26565, 26285, 25799, 26516, 31362, 35768, 29912, 25571, 26134, 24764, 26908, 31000, 34284, 28090, 24711, 24674, 25406, 26459, 29355, 34263, 28714, 24513, 26361, 28924, 28483, 30399, 32565, 28050, 25144, 25024, 26359, 27137, 29755, 33776, 29535, 26765, 28427, 25374, 25940, 34124, 39453, 31930, 28858, 28629, 30795, 32241, 35640, 38900, 34290, 31715, 33336, 32769, 30924, 37891, 67037, 61512, 34288, 34580, 38446, 30521, 31603, 31427, 27768, 26272, 25338, 25794, 28124, 32065, 36080, 30461, 26165, 27904, 29104, 30388, 34878, 37445, 34571, 30575, 28158, 28439, 28985, 33149, 38165, 30891, 27918, 28900, 28788, 30134, 33237, 37216, 30904, 27638, 27196, 27879, 30461, 34047, 39179, 30969, 26879, 27884, 30962, 37398, 41103, 44482, 39778, 37985, 36995, 45713, 38012, 45570, 50512, 43499, 33021, 32881, 34354, 35162, 38143, 42336, 34976, 30233, 31627, 35192, 37071, 40205, 45859, 35724, 32087, 31300, 32788, 35448, 38487, 42476, 35050, 31216, 31067, 32015, 33918, 36245, 33685, 28950, 25236, 27317, 29364, 32035, 36348, 39719, 34874, 32509, 32385, 34142, 38225, 41787, 41505, 35432, 34003, 35308, 36005, 37845, 40857, 43545, 36486, 32649, 33592, 33945, 36043, 39395, 44942, 39803, 35143, 35615, 35923, 36694, 39007, 44592, 37530, 33022, 35091, 36516, 37430, 41638, 42528, 37502, 33958, 34309, 33890, 33910, 36951, 40749, 34511, 31975, 31979, 33594, 36928, 41008, 42709, 37393, 34576, 35085, 34003, 41246, 47684, 49454, 43193, 39240, 37295, 36942, 38500, 40117, 44291, 36703, 33669, 35586, 34314, 33583, 31071, 32834, 29041, 28485, 29313, 30867, 37001, 40427, 42017, 39359, 38022, 36639, 37625, 36829, 38933, 39362, 35029, 35272, 34451, 35228, 36362, 39156, 38192, 37234, 37184, 38360, 40914, 42611, 44275, 42774, 40584, 42493, 41475, 43454, 43563, 44316, 43792, 40114, 41479, 41936, 42177, 44544, 43738, 43113, 38931, 39338, 37721, 34403, 33449, 35910, 35333, 32349, 35763, 35176, 34803, 34865, 35765, 35422, 31031, 32124, 32477, 32353, 33139, 34508, 35853, 31966, 32682, 32243, 32667, 33672, 36722, 36434, 32230, 32926, 33173, 34611, 35183, 36927, 37411, 31595, 31168, 31048, 31433, 32390, 35463, 37187, 32577, 29530, 30208, 30031, 30602, 33546, 35986, 33081, 29347, 27843, 28766, 29983, 33750, 38948, 32567, 28398, 28366, 28384, 29242, 33707, 37927, 32933, 31388, 32831, 32810, 33713, 36740, 40851, 33803, 34700, 30022, 29857, 31368, 36459, 40207, 32945, 28706, 31076, 32347, 31239, 34697, 38358, 32095, 29728, 30119, 30431, 31548, 35464, 39388, 34430, 29888, 30964, 30714, 30775, 32898, 36789, 31382, 28135, 28431, 29367, 30383, 33751, 35307, 31364, 28606, 28347, 28191, 29822, 33221, 36675, 30967, 26994, 27370, 29110, 29045, 32142, 35948, 30538, 25859, 26005, 27385, 29200, 32500, 36837, 31234, 27131, 28112, 30557, 30340, 31242, 34116, 29034, 26162, 27361, 27548, 27895, 31160, 35505, 30374, 27050, 28373, 27582, 28576, 31689, 34482, 28569, 26330, 27005, 26503, 28179, 31766, 35096, 31282, 31154, 31741, 33242, 31554, 30104, 32944, 31794, 32967, 34993, 35649, 43147, 32103, 33436, 30360, 28853, 28627, 28926, 29250, 31427, 36059, 30898, 26124, 26369, 26852, 31369, 35275, 39067, 33466, 31221, 28975, 29506, 30301, 34410, 38301, 32171, 28686, 29276, 29616, 30480, 34309, 37112, 30948, 28446, 28285, 28449, 29453, 32752, 36881, 30842, 26108, 26494, 27434, 28774, 30539, 33590, 28387, 26215, 25977, 26271, 27249, 30931, 35219, 29175, 26462, 26949, 28271, 28987, 32752, 36297, 28677, 24358, 25494, 25879, 26424, 29672, 34561, 28523, 24624, 24609, 24802, 25558, 28593, 31303, 25203, 22665, 22435, 22575, 23885, 31320, 33598, 28471, 26695, 26582, 26590, 28864, 30166, 30509, 26490, 26110, 25910, 25605, 26700, 29820, 32415, 28447, 25633, 25532, 26326, 27507, 32410, 32824, 28084, 24880, 25476, 25804, 26557, 29553, 34451, 28601, 24600, 24741, 24651, 26393, 29976, 33284, 28166, 24676, 25028, 24885, 25221, 28164, 31008, 26226, 23525, 22874, 23306, 23902, 25983, 29117, 23795, 21071, 22165, 21880, 23025, 26342, 29740, 24979, 21938, 21188, 22387, 23249, 25687, 28202, 23755, 21221, 22185, 23220, 23919, 25638, 27061, 24519, 23008, 22087, 22406, 46798, 31813, 26025, 31271, 24782, 21146, 20675, 21626, 23289, 24205, 21254, 20550, 21112, 21742, 22349, 23556, 23714, 20356, 20879, 21827, 21208, 22773, 24046, 24016, 20766, 20805, 21239, 22105, 22556, 24153, 23904, 22344, 21837, 22091, 22139, 22374, 24643, 25319, 22450, 22288, 24508, 23504, 23652, 24840, 24709, 22386, 22071, 22289, 22620, 23047, 23745, 23820, 21727, 22782, 22854, 22294, 24016, 25348, 25319, 22847, 23886, 24396, 25317, 23500, 24230, 23606, 21725, 22745, 22882, 23756, 22931, 25518, 26584, 23239, 21682, 21444, 22015, 22172, 24487, 26096, 23770, 22481, 23226, 22771, 23806, 25903, 27990, 24765, 21415, 22760, 22134, 23437, 25939, 26379, 23667, 20233, 19132, 20976, 22381, 26465, 27942, 23353, 19897, 19224, 19271, 20061, 23889, 26572, 22320, 18549, 19989, 20834, 21340, 25530, 27922, 23704, 19433, 21137, 21211, 22540, 25105, 29006, 23805, 21028, 21957, 21187, 12542, 24543, 26766, 22345, 19594, 18815, 19688, 20010, 22558, 25433, 22841, 19667, 18875, 18966, 20604, 23546, 25681, 21798, 19271, 19369, 19905, 20653, 22698, 25964, 21105, 17493, 18524, 19571, 20087, 22754, 25024, 21600, 18213, 18757, 18215, 20114, 24417, 25869, 21340, 18041, 17919, 18054, 19031, 22127, 24183, 20211, 18120, 19265, 22182, 22106, 22824, 23502, 19022, 17359, 17633, 18878, 19406, 22652, 25301, 20799, 17798, 18611, 18826, 20231, 22441, 24529, 20317, 17946, 18389, 18794, 19321, 22357, 24516, 21037, 20008, 20349, 21049, 22243, 23231, 22117, 21095, 22603, 23085, 23365, 24128, 24989, 29337, 21401, 22318, 21451, 21383, 21235, 21754, 24430, 20930, 19297, 19709, 19938, 20290, 23718, 27151, 23524, 21556, 19960, 19766, 20067, 22997, 26352, 21178, 18878, 19011, 19467, 19641, 23384, 26049, 22838, 19100, 18610, 17715, 18049, 22650, 26592, 21573, 18165, 18297, 18998, 18883, 20815, 23136, 18194, 16215, 15915, 17197, 18234, 21100, 22905, 19486, 17652, 16881, 18630, 18430, 19434, 20679, 15777, 15151, 15552, 15587, 16442, 18413, 20473, 17316, 15044, 15751, 16018, 16724, 19609, 21337, 17049, 15737, 16638, 17304, 17656, 19972, 20880, 17810, 15914, 15849, 15838, 16076, 19272, 22248, 18849, 16923, 18228, 24073, 34841, 49537, 53211, 47172, 44969, 47753, 51774, 53146, 50624, 56978, 49510, 48277, 52482, 54898, 61247, 62462, 63620, 53692, 53432, 53563, 64539, 67275, 64911, 70272, 61112, 55566, 54887, 53306, 54508, 65079, 71039, 62041, 56554, 57928, 53047, 55812, 66070, 71374, 57254, 50513, 52501, 53058, 54412, 62332, 66591, 53209, 45113, 45650, 47935, 50011, 56285, 54076, 44292, 48722]}}, "subscribers": {"daily": {"opt": {"colors": ["#e62117"], "tooltip": {"trigger": "none"}, "pointSize": 0, "hAxis": {"slantedText": false, "viewWindow": {}, "gridlines": {"color": "transparent"}, "textStyle": {"color": "#666"}, "baselineColor": "transparent"}, "chartArea": {"left": 60.0, "top": 30}, "legend": {"position": "none"}, "vAxis": {"minValue": 0, "gridlines": {"color": "#f0f0f0"}, "baselineColor": "#e2e2e2", "textStyle": {"color": "#666"}, "titleTextStyle": {"color": "#666"}, "maxValue": 2570}, "enableInteractivity": false}, "data": [2569, 1999, 1854, 1396, 1058, 1268, 1452, 1052, 875, 991, 767, 627, 587, 563, 821, 675, 498, 344, 475, 425, 681, 690, 577, 538, 439, 434, 445, 540, 629, 284, 235, 240, 238, 248, 234, 311, 240, 233, 254, 298, 299, 267, 286, 232, 193, 225, 207, 188, 224, 219, 211, 170, 182, 185, 180, 207, 199, 180, 176, 225, 163, 204, 223, 179, 133, 129, 154, 155, 143, 137, 145, 135, 132, 143, 137, 162, 144, 145, 112, 128, 135, 124, 129, 109, 132, 113, 122, 132, 125, 113, 110, 113, 94, 119, 125, 102, 122, 142, 112, 109, 140, 118, 147, 148, 123, 159, 158, 146, 118, 100, 140, 111, 120, 114, 105, 146, 147, 148, 131, 96, 90, 101, 106, 117, 101, 108, 94, 94, 70, 107, 105, 77, 104, 112, 107, 83, 90, 77, 64, 83, 94, 97, 91, 79, 90, 85, 78, 92, 66, 82, 64, 53, 68, 90, 93, 75, 49, 54, 91, 88, 94, 111, 82, 87, 97, 96, 71, 102, 128, 90, 88, 86, 79, 84, 83, 122, 83, 71, 64, 65, 55, 57, 67, 59, 55, 47, 52, 69, 70, 65, 57, 75, 65, 55, 73, 81, 68, 73, 48, 48, 43, 55, 69, 84, 62, 57, 36, 44, 48, 56, 54, 45, 50, 49, 51, 48, 41, 52, 50, 44, 42, 34, 49, 44, 51, 49, 58, 58, 50, 58, 46, 57, 48, 37, 21, 28, 44, 47, 32, 32, 32, 34, 36, 50, 77, 69, 44, 60, 51, 36, 38, 35, 45, 42, 43, 33, 39, 35, 65, 62, 41, 44, 40, 49, 41, 69, 44, 49, 50, 47, 55, 41, 51, 34, 63, 38, 31, 32, 40, 48, 52, 46, 42, 39, 47, 45, 35, 61, 42, 54, 43, 47, 50, 60, 64, 55, 40, 51, 49, 41, 43, 63, 49, 48, 42, 40, 51, 41, 43, 40, 35, 34, 44, 26, 44, 61, 55, 40, 49, 38, 33, 46, 46, 34, 43, 34, 36, 34, 39, 43, 20, 28, 29, 31, 38, 42, 45, 44, 38, 50, 31, 39, 38, 49, 41, 48, 35, 38, 40, 61, 34, 47, 47, 31, 38, 34, 37, 48, 41, 44, 40, 51, 45, 51, 54, 22, 31, 24, 35, 27, 41, 36, 46, 44, 32, 30, 41, 32, 46, 44, 32, 31, 39, 31, 30, 40, 44, 35, 46, 39, 49, 46, 58, 40, 37, 49, 46, 39, 49, 44, 42, 26, 40, 36, 39, 56, 44, 41, 49, 36, 38, 30, 45, 39, 29, 23, 38, 44, 48, 44, 51, 40, 43, 45, 38, 52, 43, 47, 46, 48, 35, 45, 43, 31, 51, 40, 36, 45, 37, 35, 36, 34, 33, 41, 37, 40, 48, 33, 38, 46, 40, 33, 39, 44, 27, 31, 32, 33, 44, 55, 32, 36, 26, 39, 40, 34, 40, 39, 38, 44, 56, 55, 57, 62, 46, 39, 52, 40, 41, 47, 57, 44, 42, 48, 42, 42, 39, 46, 42, 47, 41, 47, 33, 41, 37, 46, 50, 37, 39, 31, 50, 38, 45, 41, 41, 37, 31, 58, 39, 38, 42, 46, 34, 37, 25, 44, 43, 29, 51, 34, 24, 47, 43, 50, 49, 42, 33, 36, 44, 41, 37, 33, 52, 37, 41, 36, 33, 41, 59, 48, 26, 32, 41, 35, 33, 50, 44, 50, 37, 32, 45, 42, 47, 53, 53, 45, 44, 53, 55, 69, 55, 41, 36, 38, 51, 44, 46, 49, 56, 54, 47, 43, 44, 61, 68, 40, 47, 50, 46, 44, 51, 47, 47, 46, 54, 44, 49, 39, 51, 48, 49, 38, 42, 40, 42, 54, 44, 33, 51, 39, 47, 59, 50, 39, 52, 48, 44, 54, 61, 71, 53, 39, 33, 32, 43, 60, 52, 45, 45, 41, 39, 35, 40, 54, 33, 49, 46, 31, 26, 22, 31, 13, 24, 26, 13, 30, 23, 34, 23, 23, 33, 27, 17, 30, 28, 30, 28, 30, 33, 18, 27, 22, 22, 31, 20, 19, 22, 33, 34, 28, 22, 23, 29, 21, 37, 26, 28, 21, 19, 24, 23, 36, 28, 27, 20, 21, 20, 25, 30, 31, 28, 25, 21, 23, 23, 31, 28, 18, 14, 30, 27, 30, 30, 17, 15, 22, 14, 18, 24, 13, 18, 17, 11, 22, 11, 19, 21, 14, 15, 14, 13, 18, 18, 15, 15, 22, 19, 15, 14, 12, 24, 18, 16, 17, 14, 22, 24, 17, 24, 18, 19, 10, 21, 15, 10, 15, 16, 21, 14, 17, 23, 28, 15, 9, 18, 16, 25, 18, 28, 16, 22, 22, 11, 9, 20, 19, 14, 21, 14, 19, 22, 21, 16, 20, 11, 7, 16, 13, 18, 12, 16, 9, 20, 9, 15, 16, 14, 16, 15, 22, 14, 17, 14, 19, 22, 15, 16, 23, 26, 20, 23, 15, 19, 20, 14, 14, 16, 18, 12, 13, 18, 12, 15, 24, 20, 21, 10, 13, 15, 16, 12, 19, 16, 15, 18, 24, 15, 16, 13, 9, 10, 14, 8, 10, 10, 26, 20, 16, 12, 25, 14, 20, 18, 13, 19, 22, 16, 30, 18, 18, 21, 14, 19, 21, 17, 15, 27, 11, 16, 20, 25, 24, 29, 20, 19, 17, 19, 14, 13, 14, 16, 20, 18, 21, 28, 18, 20, 22, 32, 37, 14, 13, 22, 17, 18, 16, 21, 16, 19, 18, 17, 16, 15, 13, 10, 10, 13, 17, 15, 11, 11, 10, 11, 11, 11, 18, 11, 13, 14, 12, 10, 16, 11, 14, 8, 5, 14, 7, 9, 13, 8, 9, 15, 7, 6, 13, 6, 8, 9, 8, 6, 8, 5, 11, 20, 14, 12, 9, 9, 11, 10, 7, 10, 11, 7, 11, 6, 9, 12, 10, 9, 14, 11, 10, 4, 14, 17, 6, 7, 10, 6, 10, 17, 9, 6, 7, 12, 5, 10, 8, 9, 7, 8, 6, 9, 9, 8, 6, 7, 12, 13, 7, 8, 8, 8, 14, 6, 5, 9, 14, 17, 7, 9, 14, 8, 13, 6, 8, 4, 11, 12, 7, 6, 8, 18, 11, 11, 4, 8, 5, 7, 6, 4, 10, 10, 5, 5, 4, 8, 8, 8, 9, 0, 4, 8, 6, 17, 7, 7, 10, 12, 10, 12, 12, 12, 8, 6, 10, 11, 11, 2, 11, 4, 9, 9, 19, 14, 11, 8, 9, 8, 13, 14, 16, 10, 6, 9, 11, 9, 15, 16, 12, 7, 8, 12, 17, 7, 6, 7, 5, 11, 13, 9, 10, 8, 7, 6, 8, 8, 4, 9, 17, 5, 12, 15, 12, 9, 9, 6, 2, 6, 9, 7, 9, 13, 8, 8, 5, 6, 6, 8, 11, 11, 9, 15, 9, 12, 14, 15, 10, 13, 8, 7, 6, 9, 10, 10, 8, 10, 16, 9, 6, 13, 16, 10, 6, 5, 7, 9, 9, 10, 9, 13, 8, 12, 7, 2, 7, 6, 9, 6, 9, 15, 7, 6, 8, 14, 7, 11, 14, 9, 15, 16, 10, 10, 5, 7, 17, 11, 12, 2, 7, 15, 9, 8, 4, 11, 4, 9, 13, 10, 13, 1, 5, 11, 10, 17, 11, 9, 11, 10, 11, 6, 11, 6, 11, 7, 9, 7, 5, 12, 11, 12, 9, 15, 9, 5, 6, 10, 17, 9, 13, 10, 14, 11, 12, 8, 4, 7, 11, 11, 12, 5, 8, 10, 9, 5, 7, 5, 6, 5, 10, 3, 8, 8, 11, 9, 7, 6, 3, 5, 5, 14, 14, 14, 9, 16, 12, 10, 9, 7, 11, 13, 7, 10, 12, 16, 7, 7, 9, 12, 10, 13, 9, 5, 13, 9, 10, 6, 8, 7, 6, 14, 5, 10, 8, 10, 5, 8, 8, 19, 4, 13, 11, 11, 12, 11, 10, 10, 5, 12, 7, 8, 8, 6, 13, 7, 6, 7, 11, 8, 9, 7, 9, 7, 6, 9, 9, 14, 3, 12, 7, 7, 8, 11, 6, 9, 5, 8, 2, 8, 7, 7, 8, 11, 6, 8, 10, 3, 11, 13, 10, 3, 6, 12, 8, 8, 9, 5, 9, 3, 4, 8, 10, 3, 7, 1, 7, 11, 3, 5, 7, 7, 5, 10, 5, 6, 13, 7, 9, 9, 12, 10, 11, 9, 7, 11, 8, 12, 1, 4, 9, 6, 3, 8, 6, 8, 6, 2, 9, 12, 11, 10, 8, 5, 9, 12, 11, 7, 6, 7, 5, 8, 8, 6, 12, 6, 14, 5, 12, 3, 11, 13, 5, 6, 12, 10, 5, 9, 10, 9, 6, 11, 5, 9, 10, 3, 4, 8, 12, 9, 9, 3, 10, 9, 13, 5, 5, 7, 4, 7, 11, 11, 5, 6, 11, 10, 7, 10, 9, 3, 8, 9, 8, 6, 6, 6, 7, 10, 4, 5, 9, 5, 8, 4, 4, 2, 10, 8, 5, 12, 7, 9, 6, 12, 7, 9, 4, 9, 8, 7, 5, 9, 11, 7, 14, 6, 9, 9, 4, 9, 7, 9, 2, 6, 7, 3, 2, 1, 6, 8, 10, 11, 5, 3, 10, 8, 11, 8, 15, 7, 4, 7, 8, 5, 9, 10, 3, 4, 7, 6, 4, 6, 7, 4, 7, 5, 6, 10, 11, 6, 3, 8, 6, 11, 7, 5, 6, 4, 7, 8, 3, 6, 4, 6, 4, 7, 4, 10, 3, 8, 5, 8, 2, 7, 9, 5, 3, 5, 3, 6, 4, 3, 4, 7, 8, 3, 2, 6, 5, 6, 6, 3, 11, 4, 2, 9, 2, 3, 6, 2, 6, 5, 10, 3, 5, 5, 6, 9, 7, 1, 4, 4, 4, 6, 9, 2, 5, 6, 5, 7, 6, 4, 9, 8, 8, 7, 8, 4, 11, 3, 6, 3, 3, 7, 4, 6, 8, 6, 4, 1, 6, 6, 3, 5, 3, 6, 5, 6, 6, 5, 4, 4, 4, 4, 3, 5, 8, 5, 7, 1, 4, 7, 4, 6, 1, 4, 9, 4, 5, 3, 1, 10, 8, 7, 3, 4, 4, 5, 10, 0, 3, 3, 3, 7, 6, 3, 4, 4, 4, 5, 5, 3, 6, 6, 6, 5, 2, 7, 4, 5, 1, 3, 12, 9, 3, 3, 5, 2, 6, 5, 1, 7, 1, 8, 2, 5, 7, 5, 4, 3, 7, 5, 8, 7, 5, 4, 6, 4, 13, 9, 6, 4, 5, 8, 3, 5, 8, 1, 9, 8, 2, 8, 4, 5, 3, 3, 3, 5, 6, 2, 4, 3, 4, 4, 8, 8, 3, 5, 5, 3, 1, 3, 4, 7, 5, 1, 2, 4, 6, 2, 5, 3, 2, 2, 4, 4, 5, 6, 2, 5, 4, 10, 6, 8, 1, 3, 1, 4, 2, 2, 1, 2, 3, 2, 4, 0, 0, 0, 0, 0, 0, 0, 0, 0, 0, 0, 8, 7, 4, 2, 2, 8, 5, 3, 4, 5, 3, 5, 6, 5, 6, 1, 4, 7, 7, 5, 8, 3, 4, 3, 4, 3, 5, 4, 4, 3, 5, 3, 4, 2, 6, 6, 4, 2, 8, -1, 1, 3, 10, 0, 2, 9, 7, 1, 5, 7, 3, 3, 4, 3, 4, 2, 9, 2, 3, 3, 9, 9, 9, 13, 10, 10, 8, 10, 16, 6, 9, 8, 11, 12, 12, 15, 15, 13, 11, 15, 15, 12, 8, 16, 11, 9, 12, 6, 5, 17, 9, 7, 8, 9, 5, 12, 13, 14, 11, 14, 8, 6, 15, 9, 6, 9, 6, 7, 9, 8, 7, 6, 8, 5, 10]}}}]]></graph_data></root>