<?xml version="1.0" encoding="utf-8"?><root><html_content><![CDATA[

      <div id="watch-actions-stats" class="watch-actions-stats-rats stats-cumulative top-selected-views" data-current-mode-css="stats-mode-daily" data-current-top-site-css="top-selected-views" data-current-metric-css="stats-metric-views">
        <div class="stats-header">
    <h1>
      <span class="stats-header-text yt-card-title">Video statistics</span>
<span class="stats-sub-header">Through May 22, 2017  
  <span class="yt-uix-clickcard">
    <button class="yt-uix-clickcard-target" aria-label="Learn more." aria-haspopup="true" data-position="topleft" type="button">
      <span class="yt-help-icon yt-sprite"></span>
    </button>
    <span class="yt-uix-clickcard-content" role="dialog" aria-label="Learn more." aria-describedby="-5809558318238636561">
      <button class="yt-uix-clickcard-close" aria-label="Close learn more dialog."></button>
      <p id="-5809558318238636561">The video statistics shown below are updated daily. They may lag behind the view count shown directly beneath the video, which updates many times a day.
      </p>
    </span>
  </span>

</span>
    </h1>

  </div>

        <table class="stats-bragbar-container yt-uix-button-group yt-uix-tabs" data-uix-tabs-selected-extra-class="yt-uix-button-toggled">
    <tr>
          <td class="stats-bragbar stats-bragbar-views yt-uix-button yt-uix-tabs-tab  yt-uix-tabs-selected yt-uix-button-toggled" data-uix-tabs-target-id="stats-chart-tab-views" data-top-site-css="top-selected-views" data-metric-css="stats-metric-views" style="border-bottom-color: #73c421">
    <span class="metric-label">Views</span>
    <div class="bragbar-metric-large">183,711,879</div>
  </td>

          <td class="stats-bragbar stats-bragbar-subscribers yt-uix-button yt-uix-tabs-tab " data-uix-tabs-target-id="stats-chart-tab-subscribers" data-top-site-css="top-selected-views" data-metric-css="stats-metric-subscribers" style="border-bottom-color: #e62117">
    <span class="metric-label">Subscriptions driven</span>
    <div class="bragbar-metric-large">111,695</div>
  </td>

          <td class="stats-bragbar stats-bragbar-shares yt-uix-button yt-uix-tabs-tab " data-uix-tabs-target-id="stats-chart-tab-shares" data-top-site-css="top-selected-views" data-metric-css="stats-metric-shares" style="border-bottom-color: #8882ef">
    <span class="metric-label">Shares</span>
    <div class="bragbar-metric-large">587,736</div>
  </td>

    </tr>
  </table>

  <div class="stats-charts-container">
      <div id="stats-chart-tab-views" class="stats-chart-menu ">
      </div>
      <div id="stats-chart-tab-subscribers" class="stats-chart-menu  hid">
      </div>
      <div id="stats-chart-tab-shares" class="stats-chart-menu  hid">
      </div>

    <div class="stats-chart-gviz"></div>

  </div>



  </div>

]]></html_content><graph_data><![CDATA[{"subscribers": {"daily": {"data": [1421, 864, 810, 635, 885, 955, 929, 455, 343, 311, 390, 306, 279, 235, 287, 243, 218, 222, 244, 235, 240, 245, 340, 346, 250, 217, 185, 187, 201, 262, 248, 309, 245, 250, 214, 273, 258, 221, 236, 286, 258, 191, 232, 212, 200, 217, 224, 178, 193, 186, 221, 192, 194, 202, 200, 197, 212, 182, 256, 287, 193, 189, 166, 200, 183, 208, 205, 217, 207, 194, 196, 172, 208, 214, 210, 188, 196, 192, 200, 170, 157, 199, 203, 201, 183, 187, 204, 165, 202, 243, 178, 155, 159, 169, 161, 186, 194, 169, 155, 139, 159, 182, 274, 359, 282, 244, 250, 266, 270, 320, 380, 320, 234, 232, 216, 156, 202, 219, 230, 191, 241, 262, 224, 238, 303, 272, 196, 216, 209, 212, 235, 265, 261, 175, 180, 197, 214, 208, 258, 246, 217, 202, 179, 233, 242, 233, 237, 196, 231, 202, 205, 216, 231, 230, 183, 140, 205, 200, 185, 188, 187, 153, 138, 165, 130, 151, 191, 154, 123, 114, 115, 154, 159, 146, 148, 125, 115, 137, 198, 270, 255, 253, 214, 193, 205, 177, 201, 211, 199, 165, 175, 154, 168, 201, 214, 155, 151, 147, 188, 162, 183, 177, 165, 135, 148, 162, 129, 151, 199, 170, 155, 159, 170, 146, 161, 187, 142, 166, 181, 152, 175, 194, 187, 166, 165, 108, 156, 139, 136, 187, 165, 139, 137, 166, 192, 157, 180, 146, 139, 158, 132, 133, 135, 146, 119, 118, 118, 130, 122, 161, 144, 128, 124, 138, 96, 114, 122, 167, 133, 105, 111, 111, 120, 122, 151, 128, 97, 90, 116, 109, 98, 121, 110, 113, 84, 108, 99, 126, 112, 102, 128, 98, 121, 154, 182, 182, 153, 174, 163, 125, 128, 137, 134, 137, 158, 170, 146, 132, 116, 137, 108, 95, 77, 99, 85, 116, 117, 120, 94, 98, 96, 101, 135, 125, 129, 90, 102, 90, 90, 96, 127, 105, 100, 118, 101, 99, 115, 135, 109, 87, 93, 85, 110, 91, 113, 87, 92, 83, 106, 87, 110, 95, 92, 94, 87, 68, 103, 88, 107, 81, 71, 79, 89, 80, 79, 81, 76, 69, 74, 89, 71, 73, 88, 65, 69, 62, 73, 79, 88, 74, 72, 76, 76, 69, 76, 81, 72, 69, 76, 91, 74, 89, 75, 131, 89, 92, 102, 95, 96, 88, 101, 66, 93, 103, 90, 90, 75, 66, 70, 77, 65, 71, 70, 71, 70, 68, 65, 82, 67, 95, 79, 72, 79, 68, 85, 85, 96, 78, 76, 89, 84, 84, 67, 81, 76, 72, 68, 67, 75, 76, 71, 79, 89, 75, 85, 71, 66, 76, 56, 86, 83, 92, 89, 82, 71, 80, 82, 71, 84, 79, 59, 56, 82, 56, 66, 74, 54, 52, 62, 84, 65, 61, 35, 57, 61, 63, 79, 71, 64, 68, 55, 63, 67, 73, 82, 84, 65, 62, 70, 53, 71, 67, 57, 46, 50, 69, 58, 55, 57, 64, 84, 57, 63, 59, 92, 80, 91, 80, 63, 79, 78, 83, 99, 81, 60, 65, 71, 72, 76, 103, 73, 65, 96, 56, 86, 73, 79, 72, 45, 45, 65, 67, 54, 80, 69, 55, 61, 59, 60, 73, 85, 71, 60, 62, 53, 66, 68, 82, 51, 74, 68, 86, 71, 81, 65, 71, 77, 61, 52, 48, 64, 61, 57, 55, 51, 42, 55, 54, 66, 53, 53, 55, 43, 63, 51, 62, 64, 55, 56, 41, 60, 72, 51, 55, 41, 49, 44, 63, 50, 63, 59, 54, 42, 57, 47, 62, 53, 60, 54, 42, 28, 58, 51, 51, 44, 43, 46, 62, 60, 41, 61, 45, 48, 38, 47, 46, 54, 70, 63, 51, 51, 58, 49, 42, 54, 51, 36, 35, 43, 47, 51, 57, 65, 54, 51, 44, 45, 51, 57, 36, 42, 39, 41, 46, 38, 39, 49, 33, 33, 38, 50, 51, 63, 60, 34, 42, 39, 52, 43, 55, 53, 39, 52, 46, 43, 53, 44, 36, 43, 43, 46, 50, 41, 62, 50, 42, 46, 54, 60, 52, 55, 52, 60, 49, 58, 47, 48, 52, 38, 52, 56, 55, 47, 64, 43, 41, 47, 35, 53, 69, 67, 59, 50, 57, 53, 50, 57, 72, 62, 69, 64, 60, 50, 74, 52, 65, 55, 50, 56, 33, 63, 47, 54, 51, 56, 47, 47, 38, 42, 45, 38, 38, 47, 45, 62, 72, 76, 68, 57, 56, 42, 47, 52, 53, 57, 39, 45, 54, 34, 49, 48, 43, 34, 40, 44, 51, 49, 32, 45, 46, 39, 40, 44, 51, 49, 32, 44, 43, 43, 50, 36, 48, 41, 47, 43, 46, 41, 44, 49, 40, 38, 46, 32, 38, 28, 51, 46, 38, 29, 35, 43, 37, 35, 52, 33, 46, 46, 41, 54, 54, 40, 42, 43, 47, 45, 45, 45, 35, 57, 34, 36, 34, 34, 39, 38, 39, 42, 33, 56, 39, 38, 38, 33, 47, 36, 43, 51, 45, 42, 44, 43, 29, 37, 32, 46, 35, 30, 28, 31, 32, 41, 40, 32, 25, 28, 39, 32, 24, 39, 39, 26, 28, 32, 25, 37, 42, 26, 30, 33, 30, 25, 30, 32, 22, 32, 31, 40, 44, 40, 42, 24, 23, 21, 31, 32, 39, 48, 41, 27, 39, 32, 38, 32, 47, 31, 29, 21, 33, 42, 35, 51, 27, 26, 32, 38, 27, 51, 42, 36, 32, 28, 21, 22, 32, 33, 40, 27, 28, 28, 27, 38, 36, 28, 29, 23, 36, 28, 28, 32, 26, 22, 22, 31, 29, 30, 43, 22, 25, 37, 26, 28, 41, 31, 26, 41, 24, 30, 20, 28, 38, 30, 34, 33, 25, 31, 33, 30, 27, 38, 18, 23, 27, 35, 33, 30, 29, 28, 10, 22, 30, 31, 33, 37, 27, 24, 28, 32, 29, 29, 23, 28, 39, 32, 28, 26, 31, 29, 18, 32, 25, 31, 34, 30, 20, 24, 30, 37, 34, 29, 23, 21, 28, 25, 32, 18, 23, 32, 25, 24, 25, 20, 22, 22, 27, 31, 17, 21, 23, 29, 29, 22, 20, 30, 11, 22, 22, 35, 11, 17, 23, 25, 22, 24, 43, 29, 34, 27, 28, 24, 29, 19, 21, 16, 15, 26, 27, 24, 22, 24, 27, 27, 26, 19, 31, 23, 24, 21, 28, 25, 22, 25, 27, 34, 26, 28, 13, 23, 25, 16, 26, 14, 30, 17, 23, 28, 32, 19, 27, 31, 29, 25, 22, 15, 29, 18, 16, 15, 35, 18, 22, 25, 12, 28, 29, 11, 23, 25, 19, 21, 24, 11, 23, 17, 28, 25, 21, 13, 31, 19, 28, 25, 27, 22, 18, 26, 25, 23, 26, 18, 27, 28, 17, 25, 21, 23, 31, 21, 20, 18, 20, 22, 31, 25, 25, 19, 30, 39, 20, 26, 23, 20, 29, 22, 16, 23, 20, 26, 21, 18, 22, 17, 22, 19, 16, 24, 19, 22, 15, 25, 25, 20, 27, 26, 18, 29, 14, 20, 26, 28, 32, 17, 23, 23, 20, 28, 23, 32, 31, 25, 30, 33, 23, 22, 23, 24, 24, 23, 29, 14, 28, 18, 21, 22, 21, 18, 28, 20, 22, 26, 27, 25, 25, 26, 16, 16, 16, 16, 25, 30, 27, 21, 16, 21, 15, 18, 27, 40, 23, 24, 26, 24, 20, 33, 18, 16, 24, 19, 27, 46, 32, 33, 27, 22, 21, 27, 23, 30, 26, 24, 18, 22, 19, 24, 32, 24, 20, 18, 19, 24, 32, 19, 27, 19, 22, 18, 23, 24, 32, 20, 28, 18, 17, 30, 28, 28, 18, 21, 16, 26, 23, 16, 19, 16, 17, 11, 22, 26, 21, 20, 24, 16, 17, 17, 15, 27, 29, 14, 12, 18, 5, 15, 13, 14, 21, 12, 12, 23, 15, 21, 23, 10, 17, 16, 19, 23, 14, 17, 14, 13, 18, 17, 11, 13, 18, 16, 16, 17, 13, 13, 18, 10, 7, 6, 12, 11, 15, 17, 15, 10, 16, 11, 22, 15, 13, 18, 18, 12, 18, 14, 18, 16, 8, 16, 13, 13, 16, 15, 16, 21, 19, 21, 13, 19, 7, 21, 20, 13, 11, 16, 15, 20, 11, 18, 24, 16, 13, 15, 11, 17, 19, 12, 14, 12, 17, 21, 13, 23, 13, 14, 13, 16, 8, 16, 20, 9, 15, 15, 13, 15, 14, 17, 9, 15, 14, 19, 10, 16, 15, 15, 15, 9, 13, 17, 17, 18, 12, 10, 7, 9, 17, 19, 8, 14, 14, 11, 9, 16, 13, 18, 12, 13, 12, 21, 10, 22, 14, 9, 13, 15, 9, 9, 13, 13, 16, 8, 14, 14, 18, 14, 8, 11, 9, 8, 8, 10, 9, 12, 14, 15, 11, 9, 13, 13, 14, 15, 13, 11, 8, 9, 8, 4, 13, 9, 13, 9, 12, 14, 11, 7, 13, 6, 12, 11, 9, 24, 14, 10, 12, 14, 8, 14, 15, 8, 12, 12, 10, 10, 11, 6, 13, 6, 16, 13, 8, 11, 9, 11, 8, 10, 10, 12, 19, 7, 9, 9, 8, 11, 8, 14, 11, 4, 10, 10, 6, 5, 5, 9, 10, 9, 11, 5, 9, 12, 19, 8, 10, 14, 14, 9, 13, 9, 15, 13, 14, 13, 10, 15, 11, 11, 15, 9, 13, 12, 13, 13, 9, 12, 11, 10, 9, 10, 10, 10, 8, 15, 15, 5, 18, 9, 17, 12, 10, 8, 14, 6, 16, 11, 7, 9, 16, 8, 4, 22, 13, 13, 13, 3, 9, 8, 17, 12, 10, 10, 15, 8, 8, 10, 10, 8, 4, 3, 8, 8, 15, 5, 12, 6, 10, 10, 4, 11, 6, 12, 12, 10, 9, 9, 8, 9, 9, 5, 6, 12, 11, 7, 10, 9, 10, 8, 10, 7, 11, 7, 12, 6, 11, 4, 10, 9, 8, 4, 5, 11, 5, 6, 6, 10, 6, 14, 9, 11, 11, 14, 5, 12, 11, 19, 5, 9, 7, 5, 5, 10, 5, 9, 7, 9, 7, 13, 12, 10, 4, 9, 6, 3, 5, 9, 5, 7, 7, 12, 9, 7, 9, 5, 6, 11, 0, 6, 7, 6, 8, 5, 9, 5, 4, 3, 1, 8, 5, 6, 7, 5, 11, 8, 6, 3, 4, 2, 9, 5, 0, 0, 0, 0, 0, 0, 0, 0, 0, 0, 0, 7, 5, 3, 5, 7, 4, 11, 6, 7, 7, 13, 10, 6, 8, 8, 5, 5, 5, 6, 14, 10, 11, 6, 4, 6, 8, 3, 6, 7, 13, 5, 10, 5, 7, 7, 8, 5, 7, 7, 9, 12, 5, 9, 6, 6, 9, 6, 6, 4, 8, 3, 8, 9, 10, 6, 5, 7, 14, 9, 7, 12, 5, 9, 3, 10, 6, 7, 5, 5, 6, 10, 9, 7, 4, 9, 6, 4, 9, 3, 6, 9, 5, 10, 5, 6, 5, 9, 4, 3, 3, 6, 8, 10, 8, 7, 3, 7, 4, 8, 5, 5, 7, 9, 7, 4, 6, 9, 11, 4, 5, 2, 7, 7, 7, 7], "opt": {"legend": {"position": "none"}, "chartArea": {"top": 30, "left": 60.0}, "pointSize": 0, "colors": ["#e62117"], "hAxis": {"baselineColor": "transparent", "textStyle": {"color": "#666"}, "gridlines": {"color": "transparent"}, "viewWindow": {}, "slantedText": false}, "enableInteractivity": false, "vAxis": {"baselineColor": "#e2e2e2", "titleTextStyle": {"color": "#666"}, "textStyle": {"color": "#666"}, "gridlines": {"color": "#f0f0f0"}, "maxValue": 1422, "minValue": 0}, "tooltip": {"trigger": "none"}}}}, "views": {"daily": {"data": [800450, 641073, 699481, 554870, 735270, 847413, 922816, 476845, 426573, 386094, 449791, 374874, 342158, 314512, 351055, 327352, 300064, 290929, 314303, 294527, 297614, 341756, 420134, 421639, 311031, 286414, 258907, 288781, 283602, 382073, 338589, 414613, 345320, 326590, 308190, 393935, 372274, 334673, 338392, 376337, 333766, 307791, 313027, 296801, 290848, 289987, 285617, 277249, 265948, 283235, 328138, 284919, 288896, 301383, 285276, 267275, 298426, 279626, 342366, 442139, 296310, 287162, 261169, 287343, 291665, 290549, 283535, 287101, 278188, 267441, 273695, 273355, 291761, 278235, 281714, 289835, 275593, 277692, 272612, 289531, 285389, 301433, 312723, 296110, 293516, 275278, 260132, 269691, 298277, 303224, 288711, 250706, 239413, 259589, 267537, 285263, 321015, 267536, 234186, 227602, 234669, 317861, 477017, 543467, 495223, 421793, 429541, 456675, 450329, 490544, 545752, 490132, 411131, 434355, 452683, 308859, 363181, 446591, 420193, 397554, 398122, 415084, 433128, 463740, 527873, 466392, 397071, 377627, 396188, 392705, 443355, 505162, 455787, 383811, 382863, 394320, 403809, 444101, 487898, 449872, 408934, 388092, 368229, 414945, 390441, 455369, 406007, 351273, 373654, 365099, 365976, 397185, 450233, 393978, 346377, 333253, 360380, 334569, 332401, 385066, 339049, 270701, 276494, 318608, 291716, 300077, 331445, 274754, 236170, 240277, 239981, 239986, 268960, 290192, 255750, 232548, 235129, 247013, 243644, 287277, 294947, 251450, 217585, 226023, 231202, 230662, 242606, 263978, 223446, 215270, 210432, 217443, 197731, 228211, 230739, 228649, 232710, 214386, 219327, 221584, 237348, 236773, 215780, 247663, 187025, 204878, 199033, 213068, 213272, 195931, 186658, 200225, 217575, 202575, 232481, 230611, 203090, 176842, 182418, 181374, 190535, 223875, 230181, 204502, 197815, 135783, 191100, 195091, 199920, 236473, 202542, 195441, 192443, 198018, 181813, 212789, 230314, 188076, 184739, 182583, 176988, 184226, 187881, 186807, 168639, 146652, 142594, 159166, 147381, 177916, 187487, 177045, 156046, 149403, 150862, 139486, 161916, 182785, 153780, 120005, 125542, 128056, 153315, 164663, 197904, 168123, 134686, 131262, 130516, 134998, 132363, 153942, 138954, 130444, 118537, 120661, 127836, 149192, 151255, 119735, 110998, 111103, 125480, 128612, 154916, 176237, 144325, 138012, 164703, 151140, 140929, 150607, 161189, 147285, 150711, 171467, 168741, 148818, 143701, 155399, 130389, 115375, 113402, 123240, 130723, 143686, 153834, 136986, 117036, 120864, 114944, 120164, 132596, 136650, 123146, 110252, 110633, 106420, 107046, 116643, 136242, 113283, 105661, 110743, 123750, 117402, 131443, 151318, 125832, 113309, 111335, 112798, 115184, 120813, 137107, 108206, 102295, 102772, 108484, 109253, 121730, 135238, 109849, 101532, 95327, 96520, 101114, 105977, 113962, 98205, 94446, 95420, 97777, 100067, 104153, 106955, 98210, 91772, 97468, 94640, 101941, 105213, 109102, 97626, 92831, 90348, 80554, 84052, 89146, 87563, 78783, 76947, 75571, 74807, 77322, 79210, 86504, 74815, 74311, 87062, 94085, 108971, 125620, 143442, 126009, 135047, 136115, 119398, 124272, 125853, 127058, 113368, 121182, 120703, 117519, 107659, 99773, 105407, 97236, 105040, 100576, 101150, 106257, 110150, 104287, 96011, 102523, 105249, 99476, 100575, 103664, 103389, 94951, 103789, 109665, 107609, 109170, 111394, 108645, 101891, 101022, 100416, 103975, 107091, 106991, 105169, 99587, 100587, 101585, 105711, 102548, 107183, 105471, 101218, 101659, 100179, 100024, 102514, 108353, 105959, 98651, 100560, 101423, 98271, 101579, 111038, 115199, 104239, 99090, 97232, 97417, 98003, 99936, 106388, 97423, 89489, 91840, 92906, 92800, 99431, 97346, 85623, 80345, 83477, 88154, 91240, 101578, 106452, 97240, 87490, 89109, 86010, 89479, 101297, 99276, 88356, 84669, 85799, 89646, 89245, 96931, 100583, 87892, 80666, 81370, 85806, 88053, 88060, 96178, 90719, 84971, 80897, 84240, 90796, 100490, 105817, 93218, 85650, 84711, 89241, 93332, 97237, 107208, 97825, 89446, 90501, 89337, 85688, 93738, 101986, 93461, 81216, 84263, 87202, 86725, 96045, 102518, 87755, 82368, 78620, 81637, 80819, 88202, 100272, 86095, 74788, 74625, 79046, 79771, 84734, 93685, 79453, 69874, 75512, 80262, 82170, 82764, 94217, 81690, 78097, 83828, 89346, 90204, 90814, 94401, 80869, 73997, 62631, 63925, 65769, 73685, 75871, 64217, 57467, 56139, 60744, 62111, 69336, 64331, 64415, 63193, 62006, 59759, 60316, 64479, 69327, 64658, 65398, 77430, 59298, 61570, 73079, 72869, 58947, 56071, 60083, 65386, 65568, 69582, 81079, 70380, 59200, 60531, 64552, 65597, 62007, 71287, 63689, 59589, 57365, 56409, 59178, 64205, 65408, 55962, 49995, 49494, 55044, 55241, 60338, 67041, 53296, 43572, 48712, 51265, 51740, 54897, 70836, 61726, 50322, 52413, 52211, 51721, 50036, 59516, 50591, 47096, 50033, 52376, 55089, 57448, 59862, 54240, 48532, 49083, 48331, 54785, 55080, 61116, 51806, 50508, 48228, 47770, 50322, 54605, 58030, 47813, 45567, 46655, 47757, 51365, 57633, 62462, 57117, 50667, 46703, 52211, 52063, 53101, 61697, 55039, 51083, 54524, 55798, 55246, 55362, 62178, 56083, 51417, 54183, 55512, 61149, 64220, 67023, 59996, 57791, 58442, 58999, 69943, 63135, 58352, 53663, 51105, 50773, 50871, 61477, 62982, 61261, 57609, 57991, 57474, 57285, 56837, 59260, 64358, 57138, 48740, 49068, 52232, 72150, 73919, 72389, 66347, 62549, 65258, 65997, 68867, 66034, 71357, 65837, 67585, 70234, 70303, 71592, 74065, 77795, 67859, 65760, 62428, 62551, 61815, 65764, 67624, 61038, 60876, 61156, 56651, 56536, 58059, 60263, 52995, 52428, 54886, 60542, 67802, 73169, 77006, 69248, 69131, 68459, 71313, 66299, 67697, 69537, 60844, 61460, 62195, 62221, 65215, 67831, 65456, 61076, 61230, 63981, 68339, 77060, 79444, 72509, 67473, 76679, 74269, 77366, 77165, 73071, 70578, 69830, 74530, 71744, 71581, 73795, 74057, 71283, 63500, 71857, 72515, 71933, 70697, 68324, 72232, 63917, 58078, 59435, 61065, 64670, 65929, 65127, 58832, 63984, 61734, 61282, 62967, 65963, 65257, 61937, 64429, 65349, 65308, 67049, 74019, 75876, 70066, 73749, 73826, 75748, 77360, 84037, 86827, 74970, 73807, 72028, 74315, 75866, 76524, 77398, 70082, 68260, 68795, 70307, 71827, 73653, 74738, 68494, 67630, 66200, 69934, 73869, 77170, 82061, 73057, 70305, 69853, 72868, 74548, 77859, 79737, 70553, 65822, 67295, 67570, 63763, 72592, 77960, 65937, 61836, 63782, 64520, 66567, 71891, 76039, 65853, 64522, 62022, 66216, 69899, 75675, 80842, 73962, 68998, 69890, 74834, 75296, 80409, 84438, 72669, 69131, 70125, 73206, 75562, 78147, 82348, 68747, 60039, 60919, 63139, 67258, 82604, 84076, 75804, 74404, 71745, 77031, 76027, 76321, 79884, 76562, 70893, 72125, 74846, 77650, 83770, 88557, 78453, 75663, 78713, 77347, 80855, 85757, 90573, 69096, 65263, 65660, 68561, 70556, 74821, 78720, 70917, 67146, 68771, 71856, 76672, 78506, 80583, 72557, 69397, 71687, 71774, 73770, 75642, 78851, 71614, 67807, 68728, 72573, 74403, 76843, 80711, 72252, 70787, 71445, 74034, 76449, 78111, 77484, 73734, 73277, 76266, 73334, 64851, 72096, 79401, 75875, 82956, 84208, 87055, 69165, 79118, 82210, 74272, 71020, 72862, 74643, 79964, 84700, 91996, 80547, 74241, 75885, 78728, 81150, 82039, 87344, 73928, 72113, 68068, 68751, 71320, 74713, 80507, 70605, 71423, 73328, 73683, 75153, 78316, 80882, 71429, 69357, 72351, 73116, 77136, 79500, 84995, 73506, 72064, 72720, 74492, 76905, 83114, 85694, 76432, 76478, 75234, 74631, 74561, 73826, 77052, 68770, 62959, 62798, 62824, 66074, 69387, 75359, 67692, 64533, 66110, 66138, 68142, 71748, 78377, 64808, 63566, 64023, 64565, 65703, 70153, 76858, 68513, 63782, 64558, 68152, 68775, 72057, 82959, 73214, 67749, 67805, 69484, 65917, 72964, 78746, 69635, 66695, 67246, 69288, 71688, 71934, 72590, 68170, 68006, 70213, 67295, 70154, 72020, 77717, 69539, 65711, 67114, 68418, 70866, 74732, 77896, 70284, 67354, 66522, 65859, 68493, 73782, 80017, 72180, 66949, 69843, 70443, 73150, 77107, 75939, 70542, 68795, 69751, 68249, 71397, 74757, 78708, 68321, 65598, 65005, 67235, 70014, 74556, 78110, 68498, 63850, 65079, 64910, 63462, 67144, 71172, 64131, 62903, 60784, 61402, 62914, 66788, 70921, 63617, 61255, 63712, 66111, 68833, 68758, 70592, 66547, 65127, 69351, 68121, 67235, 70095, 71069, 63970, 63490, 66463, 68007, 68053, 69901, 71804, 63882, 65528, 66510, 66488, 68217, 68859, 68915, 65737, 68520, 68699, 68031, 69033, 71638, 66678, 63399, 67784, 69110, 69834, 71223, 71763, 69885, 63987, 67888, 68425, 69949, 70774, 72949, 70642, 65197, 69285, 71140, 71716, 72107, 71712, 67212, 61638, 66505, 67526, 67045, 68346, 68911, 66474, 61113, 64880, 67057, 67193, 66375, 66756, 65583, 60644, 65095, 66450, 64829, 66224, 68554, 68362, 62627, 65954, 68244, 68552, 67966, 69131, 68544, 56036, 64462, 64177, 62981, 62333, 64087, 64265, 59707, 59127, 61290, 60048, 60231, 63746, 65828, 60303, 58792, 57606, 59047, 60736, 66682, 71948, 62890, 61358, 60634, 59951, 61128, 66873, 73091, 69471, 66911, 68475, 63416, 63450, 67820, 68237, 60289, 58697, 60264, 59671, 66160, 71643, 71849, 63391, 59300, 60877, 62421, 64386, 70536, 75874, 67900, 63721, 63895, 65049, 66829, 70644, 73004, 65756, 61427, 63249, 63109, 61733, 64042, 66373, 59393, 57584, 59409, 62016, 63158, 65954, 70640, 68452, 64394, 63711, 63562, 64804, 69164, 73673, 63619, 58349, 60378, 60526, 61029, 62113, 65340, 58319, 54915, 55877, 58113, 60001, 61793, 64677, 58574, 55619, 58842, 61011, 60929, 65845, 67198, 58648, 56268, 52100, 51512, 52806, 53303, 55606, 49746, 47776, 47362, 46570, 48276, 52075, 52559, 47090, 49733, 52515, 51173, 52659, 53083, 53290, 47106, 46415, 46814, 51939, 48647, 42934, 48884, 48479, 50811, 53734, 56016, 58609, 46421, 52877, 48535, 49583, 58808, 54713, 52956, 51151, 55857, 49329, 46571, 48663, 50190, 51125, 53965, 59381, 53791, 51613, 50750, 52339, 53260, 55895, 58686, 51745, 48924, 51500, 53463, 53750, 54514, 54708, 49254, 48930, 49726, 50492, 52728, 55556, 58199, 51520, 49607, 50922, 52312, 51638, 51783, 53536, 47856, 47508, 46315, 49054, 51913, 54391, 57182, 52514, 48911, 50051, 51084, 51798, 52541, 53829, 48660, 44450, 49724, 51449, 51862, 54182, 57921, 50772, 49316, 48675, 48653, 50740, 54208, 57642, 50678, 50730, 52018, 54362, 54974, 57585, 60616, 52943, 50773, 48531, 46693, 47934, 48717, 49966, 44937, 44960, 43174, 44930, 46034, 48196, 49955, 46892, 44919, 43639, 45474, 47611, 47647, 47374, 43118, 40897, 45944, 46222, 47550, 52244, 52579, 42146, 40726, 45364, 45341, 48823, 50207, 46001, 40935, 39580, 44538, 44720, 42500, 43082, 47565, 45389, 41485, 45320, 48165, 50211, 51184, 50945, 43611, 42933, 45839, 47644, 46643, 48705, 50600, 45965, 41890, 45183, 46218, 46752, 51688, 51463, 48278, 42794, 48065, 51508, 52043, 51812, 46775, 43782, 45325, 51132, 51434, 49996, 51554, 51155, 41617, 40223, 41778, 48669, 44176, 44872, 45077, 41272, 42009, 43143, 42197, 42867, 44786, 44137, 39464, 39964, 41931, 40435, 42096, 43031, 40820, 37473, 39710, 40997, 41740, 44051, 45724, 43532, 40087, 41912, 44213, 44149, 44789, 45761, 46151, 41292, 44650, 45114, 45981, 47390, 48422, 46544, 41817, 43059, 43997, 44059, 44446, 44735, 43774, 40817, 43560, 45585, 45644, 50046, 52205, 50092, 44574, 48296, 49291, 50174, 50883, 52654, 50785, 44878, 50095, 47428, 49611, 47852, 58098, 53803, 48124, 50653, 52655, 53408, 54273, 55892, 50352, 46134, 49195, 48622, 48637, 50077, 53868, 54089, 47134, 47518, 49642, 50660, 51671, 52516, 52063, 46482, 44452, 43874, 46378, 48106, 50035, 51264, 44788, 42711, 42686, 42246, 43768, 45636, 49062, 44056, 39969, 45098, 48516, 49936, 53985, 56944, 45693, 44790, 46433, 46189, 50070, 54436, 55496, 46277, 46419, 44502, 46549, 49429, 46062, 52934, 48274, 44278, 40373, 41837, 42285, 44751, 45214, 41148, 37920, 39224, 38727, 43970, 48807, 50074, 45054, 45745, 47322, 48436, 50101, 51821, 49965, 43289, 41917, 44365, 46136, 47276, 49728, 50873, 46066, 43417, 44765, 43655, 44386, 48145, 52240, 46324, 48644, 47978, 48598, 48470, 50904, 53348, 46958, 45082, 46285, 46133, 46767, 50852, 53841, 44890, 41658, 43318, 46690, 46657, 44396, 43921, 43441, 43306, 45284, 44457, 46797, 46964, 47804, 40145, 39495, 40570, 41246, 43671, 51628, 55465, 46184, 45983, 46660, 45034, 46644, 47124, 47185, 42638, 46612, 47492, 45348, 46720, 47972, 51038, 37467, 39224, 33456, 45043, 46411, 49618, 50589, 45648, 44278, 45641, 42435, 41415, 45705, 50306, 45672, 45984, 46143, 43569, 44214, 52779, 56078, 50380, 48321, 49675, 46982, 45789, 45431, 39562, 37622, 38776, 36630, 38726, 43334, 47974, 49509, 43259, 38299, 40051, 39897, 43169, 45472, 48288, 41409, 41005, 40283, 40030, 40733, 40967, 43466, 38117, 35595, 35216, 32116, 34653, 36585, 38627, 36360, 34572, 35362, 35514, 34827, 36207, 37506, 33380, 32704, 33275, 34161, 33904, 34912, 36384, 32710, 31716, 32491, 31559, 31376, 34111, 35810, 33679, 33167, 34734, 37276, 37305, 41369, 45156, 40155, 37958, 41243, 42500, 42276, 45995, 45720, 42862, 42872, 42629, 42728, 43594, 46718, 43072, 38264, 36419, 36658, 37946, 40433, 40088, 39734, 35393, 36084, 36044, 38483, 40985, 39235, 37428, 33870, 33831, 34551, 33778, 33972, 36617, 38747, 35724, 34845, 32988, 33060, 33695, 35283, 36115, 35162, 35020, 36190, 36536, 36389, 37562, 39458, 34494, 34073, 34565, 34887, 36363, 38497, 39379, 32845, 31251], "opt": {"legend": {"position": "none"}, "chartArea": {"top": 30, "left": 74.0}, "pointSize": 0, "colors": ["#73c421"], "hAxis": {"baselineColor": "transparent", "textStyle": {"color": "#666"}, "gridlines": {"color": "transparent"}, "viewWindow": {}, "slantedText": false}, "enableInteractivity": false, "vAxis": {"baselineColor": "#e2e2e2", "titleTextStyle": {"color": "#666"}, "textStyle": {"color": "#666"}, "gridlines": {"color": "#f0f0f0"}, "maxValue": 922817, "minValue": 0}, "tooltip": {"trigger": "none"}}}}, "day": {"data": [1339398000000, 1339484400000, 1339570800000, 1339657200000, 1339743600000, 1339830000000, 1339916400000, 1340002800000, 1340089200000, 1340175600000, 1340262000000, 1340348400000, 1340434800000, 1340521200000, 1340607600000, 1340694000000, 1340780400000, 1340866800000, 1340953200000, 1341039600000, 1341126000000, 1341212400000, 1341298800000, 1341385200000, 1341471600000, 1341558000000, 1341644400000, 1341730800000, 1341817200000, 1341903600000, 1341990000000, 1342076400000, 1342162800000, 1342249200000, 1342335600000, 1342422000000, 1342508400000, 1342594800000, 1342681200000, 1342767600000, 1342854000000, 1342940400000, 1343026800000, 1343113200000, 1343199600000, 1343286000000, 1343372400000, 1343458800000, 1343545200000, 1343631600000, 1343718000000, 1343804400000, 1343890800000, 1343977200000, 1344063600000, 1344150000000, 1344236400000, 1344322800000, 1344409200000, 1344495600000, 1344582000000, 1344668400000, 1344754800000, 1344841200000, 1344927600000, 1345014000000, 1345100400000, 1345186800000, 1345273200000, 1345359600000, 1345446000000, 1345532400000, 1345618800000, 1345705200000, 1345791600000, 1345878000000, 1345964400000, 1346050800000, 1346137200000, 1346223600000, 1346310000000, 1346396400000, 1346482800000, 1346569200000, 1346655600000, 1346742000000, 1346828400000, 1346914800000, 1347001200000, 1347087600000, 1347174000000, 1347260400000, 1347346800000, 1347433200000, 1347519600000, 1347606000000, 1347692400000, 1347778800000, 1347865200000, 1347951600000, 1348038000000, 1348124400000, 1348210800000, 1348297200000, 1348383600000, 1348470000000, 1348556400000, 1348642800000, 1348729200000, 1348815600000, 1348902000000, 1348988400000, 1349074800000, 1349161200000, 1349247600000, 1349334000000, 1349420400000, 1349506800000, 1349593200000, 1349679600000, 1349766000000, 1349852400000, 1349938800000, 1350025200000, 1350111600000, 1350198000000, 1350284400000, 1350370800000, 1350457200000, 1350543600000, 1350630000000, 1350716400000, 1350802800000, 1350889200000, 1350975600000, 1351062000000, 1351148400000, 1351234800000, 1351321200000, 1351407600000, 1351494000000, 1351580400000, 1351666800000, 1351753200000, 1351839600000, 1351926000000, 1352012400000, 1352102400000, 1352188800000, 1352275200000, 1352361600000, 1352448000000, 1352534400000, 1352620800000, 1352707200000, 1352793600000, 1352880000000, 1352966400000, 1353052800000, 1353139200000, 1353225600000, 1353312000000, 1353398400000, 1353484800000, 1353571200000, 1353657600000, 1353744000000, 1353830400000, 1353916800000, 1354003200000, 1354089600000, 1354176000000, 1354262400000, 1354348800000, 1354435200000, 1354521600000, 1354608000000, 1354694400000, 1354780800000, 1354867200000, 1354953600000, 1355040000000, 1355126400000, 1355212800000, 1355299200000, 1355385600000, 1355472000000, 1355558400000, 1355644800000, 1355731200000, 1355817600000, 1355904000000, 1355990400000, 1356076800000, 1356163200000, 1356249600000, 1356336000000, 1356422400000, 1356508800000, 1356595200000, 1356681600000, 1356768000000, 1356854400000, 1356940800000, 1357027200000, 1357113600000, 1357200000000, 1357286400000, 1357372800000, 1357459200000, 1357545600000, 1357632000000, 1357718400000, 1357804800000, 1357891200000, 1357977600000, 1358064000000, 1358150400000, 1358236800000, 1358323200000, 1358409600000, 1358496000000, 1358582400000, 1358668800000, 1358755200000, 1358841600000, 1358928000000, 1359014400000, 1359100800000, 1359187200000, 1359273600000, 1359360000000, 1359446400000, 1359532800000, 1359619200000, 1359705600000, 1359792000000, 1359878400000, 1359964800000, 1360051200000, 1360137600000, 1360224000000, 1360310400000, 1360396800000, 1360483200000, 1360569600000, 1360656000000, 1360742400000, 1360828800000, 1360915200000, 1361001600000, 1361088000000, 1361174400000, 1361260800000, 1361347200000, 1361433600000, 1361520000000, 1361606400000, 1361692800000, 1361779200000, 1361865600000, 1361952000000, 1362038400000, 1362124800000, 1362211200000, 1362297600000, 1362384000000, 1362470400000, 1362556800000, 1362643200000, 1362729600000, 1362816000000, 1362902400000, 1362985200000, 1363071600000, 1363158000000, 1363244400000, 1363330800000, 1363417200000, 1363503600000, 1363590000000, 1363676400000, 1363762800000, 1363849200000, 1363935600000, 1364022000000, 1364108400000, 1364194800000, 1364281200000, 1364367600000, 1364454000000, 1364540400000, 1364626800000, 1364713200000, 1364799600000, 1364886000000, 1364972400000, 1365058800000, 1365145200000, 1365231600000, 1365318000000, 1365404400000, 1365490800000, 1365577200000, 1365663600000, 1365750000000, 1365836400000, 1365922800000, 1366009200000, 1366095600000, 1366182000000, 1366268400000, 1366354800000, 1366441200000, 1366527600000, 1366614000000, 1366700400000, 1366786800000, 1366873200000, 1366959600000, 1367046000000, 1367132400000, 1367218800000, 1367305200000, 1367391600000, 1367478000000, 1367564400000, 1367650800000, 1367737200000, 1367823600000, 1367910000000, 1367996400000, 1368082800000, 1368169200000, 1368255600000, 1368342000000, 1368428400000, 1368514800000, 1368601200000, 1368687600000, 1368774000000, 1368860400000, 1368946800000, 1369033200000, 1369119600000, 1369206000000, 1369292400000, 1369378800000, 1369465200000, 1369551600000, 1369638000000, 1369724400000, 1369810800000, 1369897200000, 1369983600000, 1370070000000, 1370156400000, 1370242800000, 1370329200000, 1370415600000, 1370502000000, 1370588400000, 1370674800000, 1370761200000, 1370847600000, 1370934000000, 1371020400000, 1371106800000, 1371193200000, 1371279600000, 1371366000000, 1371452400000, 1371538800000, 1371625200000, 1371711600000, 1371798000000, 1371884400000, 1371970800000, 1372057200000, 1372143600000, 1372230000000, 1372316400000, 1372402800000, 1372489200000, 1372575600000, 1372662000000, 1372748400000, 1372834800000, 1372921200000, 1373007600000, 1373094000000, 1373180400000, 1373266800000, 1373353200000, 1373439600000, 1373526000000, 1373612400000, 1373698800000, 1373785200000, 1373871600000, 1373958000000, 1374044400000, 1374130800000, 1374217200000, 1374303600000, 1374390000000, 1374476400000, 1374562800000, 1374649200000, 1374735600000, 1374822000000, 1374908400000, 1374994800000, 1375081200000, 1375167600000, 1375254000000, 1375340400000, 1375426800000, 1375513200000, 1375599600000, 1375686000000, 1375772400000, 1375858800000, 1375945200000, 1376031600000, 1376118000000, 1376204400000, 1376290800000, 1376377200000, 1376463600000, 1376550000000, 1376636400000, 1376722800000, 1376809200000, 1376895600000, 1376982000000, 1377068400000, 1377154800000, 1377241200000, 1377327600000, 1377414000000, 1377500400000, 1377586800000, 1377673200000, 1377759600000, 1377846000000, 1377932400000, 1378018800000, 1378105200000, 1378191600000, 1378278000000, 1378364400000, 1378450800000, 1378537200000, 1378623600000, 1378710000000, 1378796400000, 1378882800000, 1378969200000, 1379055600000, 1379142000000, 1379228400000, 1379314800000, 1379401200000, 1379487600000, 1379574000000, 1379660400000, 1379746800000, 1379833200000, 1379919600000, 1380006000000, 1380092400000, 1380178800000, 1380265200000, 1380351600000, 1380438000000, 1380524400000, 1380610800000, 1380697200000, 1380783600000, 1380870000000, 1380956400000, 1381042800000, 1381129200000, 1381215600000, 1381302000000, 1381388400000, 1381474800000, 1381561200000, 1381647600000, 1381734000000, 1381820400000, 1381906800000, 1381993200000, 1382079600000, 1382166000000, 1382252400000, 1382338800000, 1382425200000, 1382511600000, 1382598000000, 1382684400000, 1382770800000, 1382857200000, 1382943600000, 1383030000000, 1383116400000, 1383202800000, 1383289200000, 1383375600000, 1383462000000, 1383552000000, 1383638400000, 1383724800000, 1383811200000, 1383897600000, 1383984000000, 1384070400000, 1384156800000, 1384243200000, 1384329600000, 1384416000000, 1384502400000, 1384588800000, 1384675200000, 1384761600000, 1384848000000, 1384934400000, 1385020800000, 1385107200000, 1385193600000, 1385280000000, 1385366400000, 1385452800000, 1385539200000, 1385625600000, 1385712000000, 1385798400000, 1385884800000, 1385971200000, 1386057600000, 1386144000000, 1386230400000, 1386316800000, 1386403200000, 1386489600000, 1386576000000, 1386662400000, 1386748800000, 1386835200000, 1386921600000, 1387008000000, 1387094400000, 1387180800000, 1387267200000, 1387353600000, 1387440000000, 1387526400000, 1387612800000, 1387699200000, 1387785600000, 1387872000000, 1387958400000, 1388044800000, 1388131200000, 1388217600000, 1388304000000, 1388390400000, 1388476800000, 1388563200000, 1388649600000, 1388736000000, 1388822400000, 1388908800000, 1388995200000, 1389081600000, 1389168000000, 1389254400000, 1389340800000, 1389427200000, 1389513600000, 1389600000000, 1389686400000, 1389772800000, 1389859200000, 1389945600000, 1390032000000, 1390118400000, 1390204800000, 1390291200000, 1390377600000, 1390464000000, 1390550400000, 1390636800000, 1390723200000, 1390809600000, 1390896000000, 1390982400000, 1391068800000, 1391155200000, 1391241600000, 1391328000000, 1391414400000, 1391500800000, 1391587200000, 1391673600000, 1391760000000, 1391846400000, 1391932800000, 1392019200000, 1392105600000, 1392192000000, 1392278400000, 1392364800000, 1392451200000, 1392537600000, 1392624000000, 1392710400000, 1392796800000, 1392883200000, 1392969600000, 1393056000000, 1393142400000, 1393228800000, 1393315200000, 1393401600000, 1393488000000, 1393574400000, 1393660800000, 1393747200000, 1393833600000, 1393920000000, 1394006400000, 1394092800000, 1394179200000, 1394265600000, 1394352000000, 1394434800000, 1394521200000, 1394607600000, 1394694000000, 1394780400000, 1394866800000, 1394953200000, 1395039600000, 1395126000000, 1395212400000, 1395298800000, 1395385200000, 1395471600000, 1395558000000, 1395644400000, 1395730800000, 1395817200000, 1395903600000, 1395990000000, 1396076400000, 1396162800000, 1396249200000, 1396335600000, 1396422000000, 1396508400000, 1396594800000, 1396681200000, 1396767600000, 1396854000000, 1396940400000, 1397026800000, 1397113200000, 1397199600000, 1397286000000, 1397372400000, 1397458800000, 1397545200000, 1397631600000, 1397718000000, 1397804400000, 1397890800000, 1397977200000, 1398063600000, 1398150000000, 1398236400000, 1398322800000, 1398409200000, 1398495600000, 1398582000000, 1398668400000, 1398754800000, 1398841200000, 1398927600000, 1399014000000, 1399100400000, 1399186800000, 1399273200000, 1399359600000, 1399446000000, 1399532400000, 1399618800000, 1399705200000, 1399791600000, 1399878000000, 1399964400000, 1400050800000, 1400137200000, 1400223600000, 1400310000000, 1400396400000, 1400482800000, 1400569200000, 1400655600000, 1400742000000, 1400828400000, 1400914800000, 1401001200000, 1401087600000, 1401174000000, 1401260400000, 1401346800000, 1401433200000, 1401519600000, 1401606000000, 1401692400000, 1401778800000, 1401865200000, 1401951600000, 1402038000000, 1402124400000, 1402210800000, 1402297200000, 1402383600000, 1402470000000, 1402556400000, 1402642800000, 1402729200000, 1402815600000, 1402902000000, 1402988400000, 1403074800000, 1403161200000, 1403247600000, 1403334000000, 1403420400000, 1403506800000, 1403593200000, 1403679600000, 1403766000000, 1403852400000, 1403938800000, 1404025200000, 1404111600000, 1404198000000, 1404284400000, 1404370800000, 1404457200000, 1404543600000, 1404630000000, 1404716400000, 1404802800000, 1404889200000, 1404975600000, 1405062000000, 1405148400000, 1405234800000, 1405321200000, 1405407600000, 1405494000000, 1405580400000, 1405666800000, 1405753200000, 1405839600000, 1405926000000, 1406012400000, 1406098800000, 1406185200000, 1406271600000, 1406358000000, 1406444400000, 1406530800000, 1406617200000, 1406703600000, 1406790000000, 1406876400000, 1406962800000, 1407049200000, 1407135600000, 1407222000000, 1407308400000, 1407394800000, 1407481200000, 1407567600000, 1407654000000, 1407740400000, 1407826800000, 1407913200000, 1407999600000, 1408086000000, 1408172400000, 1408258800000, 1408345200000, 1408431600000, 1408518000000, 1408604400000, 1408690800000, 1408777200000, 1408863600000, 1408950000000, 1409036400000, 1409122800000, 1409209200000, 1409295600000, 1409382000000, 1409468400000, 1409554800000, 1409641200000, 1409727600000, 1409814000000, 1409900400000, 1409986800000, 1410073200000, 1410159600000, 1410246000000, 1410332400000, 1410418800000, 1410505200000, 1410591600000, 1410678000000, 1410764400000, 1410850800000, 1410937200000, 1411023600000, 1411110000000, 1411196400000, 1411282800000, 1411369200000, 1411455600000, 1411542000000, 1411628400000, 1411714800000, 1411801200000, 1411887600000, 1411974000000, 1412060400000, 1412146800000, 1412233200000, 1412319600000, 1412406000000, 1412492400000, 1412578800000, 1412665200000, 1412751600000, 1412838000000, 1412924400000, 1413010800000, 1413097200000, 1413183600000, 1413270000000, 1413356400000, 1413442800000, 1413529200000, 1413615600000, 1413702000000, 1413788400000, 1413874800000, 1413961200000, 1414047600000, 1414134000000, 1414220400000, 1414306800000, 1414393200000, 1414479600000, 1414566000000, 1414652400000, 1414738800000, 1414825200000, 1414911600000, 1415001600000, 1415088000000, 1415174400000, 1415260800000, 1415347200000, 1415433600000, 1415520000000, 1415606400000, 1415692800000, 1415779200000, 1415865600000, 1415952000000, 1416038400000, 1416124800000, 1416211200000, 1416297600000, 1416384000000, 1416470400000, 1416556800000, 1416643200000, 1416729600000, 1416816000000, 1416902400000, 1416988800000, 1417075200000, 1417161600000, 1417248000000, 1417334400000, 1417420800000, 1417507200000, 1417593600000, 1417680000000, 1417766400000, 1417852800000, 1417939200000, 1418025600000, 1418112000000, 1418198400000, 1418284800000, 1418371200000, 1418457600000, 1418544000000, 1418630400000, 1418716800000, 1418803200000, 1418889600000, 1418976000000, 1419062400000, 1419148800000, 1419235200000, 1419321600000, 1419408000000, 1419494400000, 1419580800000, 1419667200000, 1419753600000, 1419840000000, 1419926400000, 1420012800000, 1420099200000, 1420185600000, 1420272000000, 1420358400000, 1420444800000, 1420531200000, 1420617600000, 1420704000000, 1420790400000, 1420876800000, 1420963200000, 1421049600000, 1421136000000, 1421222400000, 1421308800000, 1421395200000, 1421481600000, 1421568000000, 1421654400000, 1421740800000, 1421827200000, 1421913600000, 1422000000000, 1422086400000, 1422172800000, 1422259200000, 1422345600000, 1422432000000, 1422518400000, 1422604800000, 1422691200000, 1422777600000, 1422864000000, 1422950400000, 1423036800000, 1423123200000, 1423209600000, 1423296000000, 1423382400000, 1423468800000, 1423555200000, 1423641600000, 1423728000000, 1423814400000, 1423900800000, 1423987200000, 1424073600000, 1424160000000, 1424246400000, 1424332800000, 1424419200000, 1424505600000, 1424592000000, 1424678400000, 1424764800000, 1424851200000, 1424937600000, 1425024000000, 1425110400000, 1425196800000, 1425283200000, 1425369600000, 1425456000000, 1425542400000, 1425628800000, 1425715200000, 1425801600000, 1425884400000, 1425970800000, 1426057200000, 1426143600000, 1426230000000, 1426316400000, 1426402800000, 1426489200000, 1426575600000, 1426662000000, 1426748400000, 1426834800000, 1426921200000, 1427007600000, 1427094000000, 1427180400000, 1427266800000, 1427353200000, 1427439600000, 1427526000000, 1427612400000, 1427698800000, 1427785200000, 1427871600000, 1427958000000, 1428044400000, 1428130800000, 1428217200000, 1428303600000, 1428390000000, 1428476400000, 1428562800000, 1428649200000, 1428735600000, 1428822000000, 1428908400000, 1428994800000, 1429081200000, 1429167600000, 1429254000000, 1429340400000, 1429426800000, 1429513200000, 1429599600000, 1429686000000, 1429772400000, 1429858800000, 1429945200000, 1430031600000, 1430118000000, 1430204400000, 1430290800000, 1430377200000, 1430463600000, 1430550000000, 1430636400000, 1430722800000, 1430809200000, 1430895600000, 1430982000000, 1431068400000, 1431154800000, 1431241200000, 1431327600000, 1431414000000, 1431500400000, 1431586800000, 1431673200000, 1431759600000, 1431846000000, 1431932400000, 1432018800000, 1432105200000, 1432191600000, 1432278000000, 1432364400000, 1432450800000, 1432537200000, 1432623600000, 1432710000000, 1432796400000, 1432882800000, 1432969200000, 1433055600000, 1433142000000, 1433228400000, 1433314800000, 1433401200000, 1433487600000, 1433574000000, 1433660400000, 1433746800000, 1433833200000, 1433919600000, 1434006000000, 1434092400000, 1434178800000, 1434265200000, 1434351600000, 1434438000000, 1434524400000, 1434610800000, 1434697200000, 1434783600000, 1434870000000, 1434956400000, 1435042800000, 1435129200000, 1435215600000, 1435302000000, 1435388400000, 1435474800000, 1435561200000, 1435647600000, 1435734000000, 1435820400000, 1435906800000, 1435993200000, 1436079600000, 1436166000000, 1436252400000, 1436338800000, 1436425200000, 1436511600000, 1436598000000, 1436684400000, 1436770800000, 1436857200000, 1436943600000, 1437030000000, 1437116400000, 1437202800000, 1437289200000, 1437375600000, 1437462000000, 1437548400000, 1437634800000, 1437721200000, 1437807600000, 1437894000000, 1437980400000, 1438066800000, 1438153200000, 1438239600000, 1438326000000, 1438412400000, 1438498800000, 1438585200000, 1438671600000, 1438758000000, 1438844400000, 1438930800000, 1439017200000, 1439103600000, 1439190000000, 1439276400000, 1439362800000, 1439449200000, 1439535600000, 1439622000000, 1439708400000, 1439794800000, 1439881200000, 1439967600000, 1440054000000, 1440140400000, 1440226800000, 1440313200000, 1440399600000, 1440486000000, 1440572400000, 1440658800000, 1440745200000, 1440831600000, 1440918000000, 1441004400000, 1441090800000, 1441177200000, 1441263600000, 1441350000000, 1441436400000, 1441522800000, 1441609200000, 1441695600000, 1441782000000, 1441868400000, 1441954800000, 1442041200000, 1442127600000, 1442214000000, 1442300400000, 1442386800000, 1442473200000, 1442559600000, 1442646000000, 1442732400000, 1442818800000, 1442905200000, 1442991600000, 1443078000000, 1443164400000, 1443250800000, 1443337200000, 1443423600000, 1443510000000, 1443596400000, 1443682800000, 1443769200000, 1443855600000, 1443942000000, 1444028400000, 1444114800000, 1444201200000, 1444287600000, 1444374000000, 1444460400000, 1444546800000, 1444633200000, 1444719600000, 1444806000000, 1444892400000, 1444978800000, 1445065200000, 1445151600000, 1445238000000, 1445324400000, 1445410800000, 1445497200000, 1445583600000, 1445670000000, 1445756400000, 1445842800000, 1445929200000, 1446015600000, 1446102000000, 1446188400000, 1446274800000, 1446361200000, 1446451200000, 1446537600000, 1446624000000, 1446710400000, 1446796800000, 1446883200000, 1446969600000, 1447056000000, 1447142400000, 1447228800000, 1447315200000, 1447401600000, 1447488000000, 1447574400000, 1447660800000, 1447747200000, 1447833600000, 1447920000000, 1448006400000, 1448092800000, 1448179200000, 1448265600000, 1448352000000, 1448438400000, 1448524800000, 1448611200000, 1448697600000, 1448784000000, 1448870400000, 1448956800000, 1449043200000, 1449129600000, 1449216000000, 1449302400000, 1449388800000, 1449475200000, 1449561600000, 1449648000000, 1449734400000, 1449820800000, 1449907200000, 1449993600000, 1450080000000, 1450166400000, 1450252800000, 1450339200000, 1450425600000, 1450512000000, 1450598400000, 1450684800000, 1450771200000, 1450857600000, 1450944000000, 1451030400000, 1451116800000, 1451203200000, 1451289600000, 1451376000000, 1451462400000, 1451548800000, 1451635200000, 1451721600000, 1451808000000, 1451894400000, 1451980800000, 1452067200000, 1452153600000, 1452240000000, 1452326400000, 1452412800000, 1452499200000, 1452585600000, 1452672000000, 1452758400000, 1452844800000, 1452931200000, 1453017600000, 1453104000000, 1453190400000, 1453276800000, 1453363200000, 1453449600000, 1453536000000, 1453622400000, 1453708800000, 1453795200000, 1453881600000, 1453968000000, 1454054400000, 1454140800000, 1454227200000, 1454313600000, 1454400000000, 1454486400000, 1454572800000, 1454659200000, 1454745600000, 1454832000000, 1454918400000, 1455004800000, 1455091200000, 1455177600000, 1455264000000, 1455350400000, 1455436800000, 1455523200000, 1455609600000, 1455696000000, 1455782400000, 1455868800000, 1455955200000, 1456041600000, 1456128000000, 1456214400000, 1456300800000, 1456387200000, 1456473600000, 1456560000000, 1456646400000, 1456732800000, 1456819200000, 1456905600000, 1456992000000, 1457078400000, 1457164800000, 1457251200000, 1457337600000, 1457424000000, 1457510400000, 1457596800000, 1457683200000, 1457769600000, 1457856000000, 1457938800000, 1458025200000, 1458111600000, 1458198000000, 1458284400000, 1458370800000, 1458457200000, 1458543600000, 1458630000000, 1458716400000, 1458802800000, 1458889200000, 1458975600000, 1459062000000, 1459148400000, 1459234800000, 1459321200000, 1459407600000, 1459494000000, 1459580400000, 1459666800000, 1459753200000, 1459839600000, 1459926000000, 1460012400000, 1460098800000, 1460185200000, 1460271600000, 1460358000000, 1460444400000, 1460530800000, 1460617200000, 1460703600000, 1460790000000, 1460876400000, 1460962800000, 1461049200000, 1461135600000, 1461222000000, 1461308400000, 1461394800000, 1461481200000, 1461567600000, 1461654000000, 1461740400000, 1461826800000, 1461913200000, 1461999600000, 1462086000000, 1462172400000, 1462258800000, 1462345200000, 1462431600000, 1462518000000, 1462604400000, 1462690800000, 1462777200000, 1462863600000, 1462950000000, 1463036400000, 1463122800000, 1463209200000, 1463295600000, 1463382000000, 1463468400000, 1463554800000, 1463641200000, 1463727600000, 1463814000000, 1463900400000, 1463986800000, 1464073200000, 1464159600000, 1464246000000, 1464332400000, 1464418800000, 1464505200000, 1464591600000, 1464678000000, 1464764400000, 1464850800000, 1464937200000, 1465023600000, 1465110000000, 1465196400000, 1465282800000, 1465369200000, 1465455600000, 1465542000000, 1465628400000, 1465714800000, 1465801200000, 1465887600000, 1465974000000, 1466060400000, 1466146800000, 1466233200000, 1466319600000, 1466406000000, 1466492400000, 1466578800000, 1466665200000, 1466751600000, 1466838000000, 1466924400000, 1467010800000, 1467097200000, 1467183600000, 1467270000000, 1467356400000, 1467442800000, 1467529200000, 1467615600000, 1467702000000, 1467788400000, 1467874800000, 1467961200000, 1468047600000, 1468134000000, 1468220400000, 1468306800000, 1468393200000, 1468479600000, 1468566000000, 1468652400000, 1468738800000, 1468825200000, 1468911600000, 1468998000000, 1469084400000, 1469170800000, 1469257200000, 1469343600000, 1469430000000, 1469516400000, 1469602800000, 1469689200000, 1469775600000, 1469862000000, 1469948400000, 1470034800000, 1470121200000, 1470207600000, 1470294000000, 1470380400000, 1470466800000, 1470553200000, 1470639600000, 1470726000000, 1470812400000, 1470898800000, 1470985200000, 1471071600000, 1471158000000, 1471244400000, 1471330800000, 1471417200000, 1471503600000, 1471590000000, 1471676400000, 1471762800000, 1471849200000, 1471935600000, 1472022000000, 1472108400000, 1472194800000, 1472281200000, 1472367600000, 1472454000000, 1472540400000, 1472626800000, 1472713200000, 1472799600000, 1472886000000, 1472972400000, 1473058800000, 1473145200000, 1473231600000, 1473318000000, 1473404400000, 1473490800000, 1473577200000, 1473663600000, 1473750000000, 1473836400000, 1473922800000, 1474009200000, 1474095600000, 1474182000000, 1474268400000, 1474354800000, 1474441200000, 1474527600000, 1474614000000, 1474700400000, 1474786800000, 1474873200000, 1474959600000, 1475046000000, 1475132400000, 1475218800000, 1475305200000, 1475391600000, 1475478000000, 1475564400000, 1475650800000, 1475737200000, 1475823600000, 1475910000000, 1475996400000, 1476082800000, 1476169200000, 1476255600000, 1476342000000, 1476428400000, 1476514800000, 1476601200000, 1476687600000, 1476774000000, 1476860400000, 1476946800000, 1477033200000, 1477119600000, 1477206000000, 1477292400000, 1477378800000, 1477465200000, 1477551600000, 1477638000000, 1477724400000, 1477810800000, 1477897200000, 1477983600000, 1478070000000, 1478156400000, 1478242800000, 1478329200000, 1478415600000, 1478505600000, 1478592000000, 1478678400000, 1478764800000, 1478851200000, 1478937600000, 1479024000000, 1479110400000, 1479196800000, 1479283200000, 1479369600000, 1479456000000, 1479542400000, 1479628800000, 1479715200000, 1479801600000, 1479888000000, 1479974400000, 1480060800000, 1480147200000, 1480233600000, 1480320000000, 1480406400000, 1480492800000, 1480579200000, 1480665600000, 1480752000000, 1480838400000, 1480924800000, 1481011200000, 1481097600000, 1481184000000, 1481270400000, 1481356800000, 1481443200000, 1481529600000, 1481616000000, 1481702400000, 1481788800000, 1481875200000, 1481961600000, 1482048000000, 1482134400000, 1482220800000, 1482307200000, 1482393600000, 1482480000000, 1482566400000, 1482652800000, 1482739200000, 1482825600000, 1482912000000, 1482998400000, 1483084800000, 1483171200000, 1483257600000, 1483344000000, 1483430400000, 1483516800000, 1483603200000, 1483689600000, 1483776000000, 1483862400000, 1483948800000, 1484035200000, 1484121600000, 1484208000000, 1484294400000, 1484380800000, 1484467200000, 1484553600000, 1484640000000, 1484726400000, 1484812800000, 1484899200000, 1484985600000, 1485072000000, 1485158400000, 1485244800000, 1485331200000, 1485417600000, 1485504000000, 1485590400000, 1485676800000, 1485763200000, 1485849600000, 1485936000000, 1486022400000, 1486108800000, 1486195200000, 1486281600000, 1486368000000, 1486454400000, 1486540800000, 1486627200000, 1486713600000, 1486800000000, 1486886400000, 1486972800000, 1487059200000, 1487145600000, 1487232000000, 1487318400000, 1487404800000, 1487491200000, 1487577600000, 1487664000000, 1487750400000, 1487836800000, 1487923200000, 1488009600000, 1488096000000, 1488182400000, 1488268800000, 1488355200000, 1488441600000, 1488528000000, 1488614400000, 1488700800000, 1488787200000, 1488873600000, 1488960000000, 1489046400000, 1489132800000, 1489219200000, 1489305600000, 1489388400000, 1489474800000, 1489561200000, 1489647600000, 1489734000000, 1489820400000, 1489906800000, 1489993200000, 1490079600000, 1490166000000, 1490252400000, 1490338800000, 1490425200000, 1490511600000, 1490598000000, 1490684400000, 1490770800000, 1490857200000, 1490943600000, 1491030000000, 1491116400000, 1491202800000, 1491289200000, 1491375600000, 1491462000000, 1491548400000, 1491634800000, 1491721200000, 1491807600000, 1491894000000, 1491980400000, 1492066800000, 1492153200000, 1492239600000, 1492326000000, 1492412400000, 1492498800000, 1492585200000, 1492671600000, 1492758000000, 1492844400000, 1492930800000, 1493017200000, 1493103600000, 1493190000000, 1493276400000, 1493362800000, 1493449200000, 1493535600000, 1493622000000, 1493708400000, 1493794800000, 1493881200000, 1493967600000, 1494054000000, 1494140400000, 1494226800000, 1494313200000, 1494399600000, 1494486000000, 1494572400000, 1494658800000, 1494745200000, 1494831600000, 1494918000000, 1495004400000, 1495090800000, 1495177200000, 1495263600000, 1495350000000, 1495436400000]}, "shares": {"daily": {"data": [12496, 5018, 3777, 3207, 3770, 3870, 4017, 2119, 1808, 1812, 2068, 1660, 1458, 1329, 1544, 1411, 1222, 1241, 1285, 1176, 1198, 1472, 1636, 1558, 1139, 1078, 948, 1081, 1099, 1487, 1377, 1670, 1263, 1258, 1152, 1498, 1373, 1233, 1191, 1348, 1174, 1045, 1149, 1062, 1110, 1026, 985, 919, 919, 1055, 1176, 998, 1048, 1019, 980, 962, 1128, 955, 974, 1367, 1040, 1003, 914, 998, 1018, 974, 937, 973, 928, 999, 975, 989, 1022, 957, 1045, 992, 989, 1024, 1017, 990, 975, 994, 1060, 1068, 1031, 1068, 964, 1030, 1106, 996, 1025, 954, 907, 927, 961, 955, 981, 893, 845, 800, 823, 1022, 1366, 1445, 1424, 1269, 1236, 1274, 1315, 1295, 1401, 1372, 1133, 1146, 1213, 880, 896, 1092, 1065, 1072, 1074, 981, 1176, 1102, 1223, 1191, 1041, 970, 972, 971, 1040, 1126, 1129, 933, 978, 963, 920, 1027, 1069, 1153, 1325, 1269, 1110, 1302, 1306, 1186, 1255, 829, 829, 837, 838, 949, 922, 936, 843, 869, 858, 769, 733, 755, 749, 611, 643, 658, 643, 686, 733, 716, 615, 660, 603, 620, 584, 628, 590, 618, 558, 568, 575, 596, 573, 601, 519, 517, 546, 510, 550, 552, 556, 588, 536, 540, 503, 497, 510, 500, 409, 438, 503, 536, 534, 535, 523, 405, 424, 504, 499, 498, 511, 481, 472, 513, 536, 464, 545, 538, 481, 531, 472, 458, 436, 509, 482, 493, 446, 442, 399, 414, 380, 490, 386, 409, 364, 385, 360, 396, 437, 358, 387, 371, 339, 344, 333, 337, 338, 274, 324, 318, 253, 339, 394, 362, 327, 334, 299, 276, 312, 361, 325, 247, 282, 270, 291, 321, 397, 407, 360, 328, 299, 267, 268, 302, 292, 250, 251, 241, 268, 333, 320, 261, 226, 266, 277, 302, 335, 361, 352, 325, 327, 329, 269, 293, 358, 332, 304, 368, 346, 292, 320, 365, 314, 274, 273, 224, 285, 264, 303, 304, 226, 229, 272, 231, 277, 237, 289, 217, 243, 221, 215, 244, 274, 263, 252, 244, 284, 242, 249, 272, 292, 251, 197, 226, 218, 226, 225, 230, 244, 210, 211, 221, 229, 256, 220, 197, 220, 221, 191, 222, 214, 187, 189, 211, 163, 213, 182, 189, 212, 196, 165, 179, 183, 198, 187, 186, 183, 168, 185, 179, 202, 183, 181, 155, 176, 152, 152, 142, 197, 176, 145, 162, 175, 181, 216, 223, 218, 222, 204, 194, 253, 206, 196, 201, 210, 227, 180, 153, 193, 154, 188, 161, 179, 202, 156, 154, 169, 133, 181, 166, 170, 123, 169, 194, 155, 188, 193, 199, 191, 182, 178, 164, 170, 170, 187, 143, 166, 166, 170, 159, 155, 178, 168, 169, 158, 168, 153, 183, 159, 170, 180, 153, 178, 169, 248, 162, 161, 165, 159, 160, 137, 146, 157, 122, 136, 163, 139, 153, 133, 111, 153, 137, 120, 126, 107, 130, 124, 134, 136, 136, 178, 130, 136, 134, 135, 122, 158, 126, 154, 109, 128, 130, 94, 130, 129, 125, 122, 94, 116, 126, 113, 150, 138, 105, 118, 136, 110, 130, 110, 123, 125, 104, 104, 131, 130, 113, 129, 121, 91, 98, 132, 142, 110, 90, 111, 113, 107, 127, 122, 109, 96, 94, 96, 187, 377, 385, 390, 315, 284, 279, 337, 325, 367, 298, 303, 296, 325, 335, 314, 338, 339, 303, 364, 337, 332, 299, 341, 297, 295, 274, 260, 269, 291, 246, 230, 256, 244, 234, 251, 236, 265, 253, 253, 182, 199, 258, 243, 297, 264, 235, 216, 211, 273, 238, 255, 221, 222, 208, 228, 264, 308, 285, 242, 238, 267, 214, 240, 262, 250, 235, 232, 211, 214, 232, 226, 220, 198, 188, 215, 199, 238, 229, 247, 185, 199, 186, 181, 189, 188, 198, 214, 192, 182, 194, 172, 171, 204, 167, 172, 173, 199, 182, 192, 174, 217, 163, 160, 183, 151, 184, 182, 169, 172, 159, 152, 152, 187, 170, 175, 135, 139, 131, 174, 184, 185, 182, 162, 142, 180, 197, 181, 164, 178, 151, 162, 178, 162, 159, 206, 170, 187, 150, 157, 182, 157, 219, 185, 172, 151, 160, 222, 193, 139, 125, 130, 129, 150, 167, 166, 157, 130, 145, 156, 163, 151, 157, 152, 156, 135, 143, 149, 199, 200, 189, 187, 185, 186, 144, 156, 160, 210, 215, 180, 218, 207, 237, 343, 257, 224, 222, 207, 185, 185, 163, 175, 207, 153, 191, 153, 143, 136, 150, 149, 144, 120, 157, 169, 190, 192, 188, 160, 167, 158, 128, 160, 152, 123, 112, 113, 136, 139, 131, 170, 124, 134, 129, 161, 162, 188, 145, 155, 154, 133, 173, 169, 157, 162, 154, 148, 112, 150, 154, 140, 132, 125, 109, 134, 132, 123, 121, 133, 132, 109, 114, 94, 135, 128, 136, 130, 103, 97, 120, 131, 108, 105, 127, 95, 122, 141, 108, 118, 124, 98, 119, 143, 156, 155, 148, 189, 133, 132, 148, 127, 157, 142, 163, 163, 166, 111, 138, 148, 129, 129, 124, 148, 132, 107, 117, 141, 133, 131, 122, 120, 129, 128, 114, 133, 107, 129, 101, 102, 105, 105, 103, 125, 108, 114, 99, 109, 146, 140, 129, 85, 123, 92, 130, 103, 109, 118, 116, 105, 91, 98, 108, 113, 96, 107, 126, 118, 106, 114, 113, 92, 91, 79, 83, 98, 102, 117, 91, 98, 91, 99, 82, 102, 100, 88, 101, 104, 119, 88, 107, 143, 94, 101, 94, 86, 70, 127, 115, 83, 70, 87, 78, 71, 76, 88, 71, 50, 80, 58, 89, 85, 96, 83, 92, 96, 97, 82, 78, 99, 70, 60, 66, 71, 87, 92, 78, 99, 79, 61, 84, 82, 74, 82, 99, 89, 89, 71, 50, 89, 116, 87, 82, 76, 62, 44, 73, 100, 72, 64, 80, 73, 100, 83, 88, 85, 60, 71, 29, 74, 52, 100, 78, 78, 70, 69, 72, 108, 118, 114, 102, 91, 108, 115, 114, 151, 111, 110, 123, 102, 142, 119, 110, 139, 120, 106, 143, 135, 136, 116, 140, 145, 111, 154, 141, 140, 142, 105, 100, 101, 119, 119, 114, 115, 100, 107, 118, 154, 175, 179, 170, 140, 150, 136, 160, 146, 166, 173, 159, 166, 163, 164, 174, 183, 217, 175, 185, 172, 137, 146, 157, 171, 133, 159, 151, 149, 136, 123, 121, 117, 126, 135, 130, 159, 148, 166, 129, 144, 152, 165, 146, 192, 206, 188, 163, 149, 175, 179, 165, 161, 174, 164, 143, 171, 144, 165, 161, 147, 142, 143, 127, 123, 140, 159, 152, 136, 156, 160, 214, 252, 170, 206, 188, 207, 182, 191, 172, 194, 235, 192, 180, 196, 181, 193, 213, 195, 182, 190, 189, 198, 199, 236, 232, 209, 220, 211, 230, 217, 208, 221, 234, 316, 354, 226, 267, 234, 220, 247, 209, 239, 210, 258, 232, 280, 244, 262, 196, 234, 233, 220, 218, 199, 219, 207, 215, 273, 223, 240, 226, 225, 273, 239, 238, 226, 227, 262, 219, 239, 255, 237, 213, 236, 201, 227, 260, 259, 222, 244, 228, 209, 212, 231, 240, 207, 204, 215, 226, 233, 234, 246, 253, 286, 288, 269, 303, 260, 254, 256, 251, 254, 232, 252, 259, 254, 225, 232, 237, 210, 231, 208, 227, 224, 272, 227, 221, 217, 210, 287, 230, 274, 268, 257, 237, 229, 215, 220, 235, 242, 224, 265, 200, 272, 271, 255, 283, 255, 268, 245, 388, 462, 545, 463, 360, 382, 334, 387, 419, 363, 381, 377, 370, 375, 403, 457, 419, 457, 365, 377, 357, 429, 339, 398, 383, 316, 335, 417, 389, 382, 386, 447, 366, 370, 346, 401, 377, 400, 369, 294, 279, 248, 264, 277, 233, 239, 224, 235, 222, 247, 231, 274, 275, 229, 240, 228, 238, 241, 257, 265, 238, 218, 220, 230, 199, 233, 253, 238, 229, 210, 314, 310, 224, 256, 228, 256, 219, 239, 231, 238, 252, 200, 174, 210, 202, 236, 234, 233, 231, 256, 283, 188, 229, 234, 264, 241, 245, 292, 244, 236, 275, 236, 218, 238, 231, 237, 279, 274, 274, 254, 235, 248, 260, 226, 261, 247, 237, 261, 236, 248, 206, 274, 246, 243, 239, 259, 252, 294, 267, 266, 286, 303, 262, 242, 243, 244, 243, 201, 230, 245, 215, 212, 268, 293, 250, 230, 254, 267, 233, 285, 260, 233, 245, 269, 252, 284, 265, 270, 214, 259, 269, 240, 236, 283, 285, 249, 307, 261, 256, 249, 289, 282, 271, 232, 244, 261, 246, 258, 217, 200, 221, 235, 244, 233, 254, 272, 205, 199, 221, 240, 245, 236, 251, 224, 229, 211, 202, 203, 239, 243, 170, 174, 204, 215, 235, 232, 234, 221, 246, 244, 223, 251, 301, 289, 252, 284, 281, 260, 306, 281, 301, 242, 263, 285, 300, 317, 296, 304, 256, 299, 275, 283, 339, 299, 296, 236, 276, 285, 252, 258, 300, 287, 285, 272, 254, 317, 275, 279, 333, 281, 247, 292, 274, 257, 286, 293, 252, 260, 242, 263, 275, 262, 267, 297, 290, 300, 273, 306, 250, 286, 271, 294, 302, 289, 254, 289, 322, 265, 286, 307, 295, 254, 300, 261, 282, 286, 288, 293, 425, 327, 294, 285, 246, 274, 328, 279, 298, 281, 281, 299, 306, 294, 305, 286, 309, 319, 309, 302, 297, 332, 320, 304, 323, 287, 295, 289, 340, 314, 346, 310, 349, 310, 297, 329, 274, 350, 316, 285, 307, 322, 332, 341, 301, 339, 289, 305, 305, 288, 292, 313, 270, 266, 296, 279, 296, 328, 336, 268, 252, 262, 270, 299, 295, 302, 271, 288, 282, 299, 261, 324, 308, 281, 297, 299, 331, 322, 359, 350, 266, 273, 266, 297, 246, 311, 321, 257, 230, 266, 242, 242, 270, 276, 208, 227, 260, 282, 228, 242, 269, 246, 288, 229, 276, 254, 257, 251, 225, 221, 236, 256, 267, 303, 291, 319, 312, 265, 251, 273, 290, 272, 279, 245, 253, 302, 264, 294, 297, 263, 262, 268, 274, 242, 314, 289, 254, 249, 270, 251, 252, 273, 287, 215, 241, 271, 271, 256, 290, 263, 242, 256, 270, 258, 285, 280, 322, 253, 277, 256, 270, 235, 228, 233, 260, 247, 289, 285, 278, 242, 250, 264, 239, 259, 270, 298, 259, 286, 255, 312, 268, 251, 281, 298, 287, 297, 292, 264, 245, 299, 308, 280, 227, 269, 276, 282, 262, 248, 275, 255, 238, 252, 287, 288, 270, 242, 263, 274, 282, 282, 281, 297, 283, 283, 259, 268, 292, 267, 296, 293, 244, 271, 195, 260, 246, 252, 284, 257, 243, 234, 287, 229, 282, 276, 270, 251, 240, 294, 221, 266, 256, 250, 245, 239, 226, 293, 254, 276, 262, 279, 300, 262, 317, 302, 268, 277, 277, 274, 274, 282, 301, 308, 269, 263, 276, 267, 258, 245, 249, 276, 227, 255, 259, 239, 261, 246, 249, 229, 245, 235, 295, 241, 267, 231, 223, 245, 290, 302, 271, 260, 283, 231, 225, 276, 244, 244, 250, 207, 228, 230, 246, 270, 231, 253, 249, 301, 287, 280, 259, 291, 256, 242], "opt": {"legend": {"position": "none"}, "chartArea": {"top": 30, "left": 67.0}, "pointSize": 0, "colors": ["#8882ef"], "hAxis": {"baselineColor": "transparent", "textStyle": {"color": "#666"}, "gridlines": {"color": "transparent"}, "viewWindow": {}, "slantedText": false}, "enableInteractivity": false, "vAxis": {"baselineColor": "#e2e2e2", "titleTextStyle": {"color": "#666"}, "textStyle": {"color": "#666"}, "gridlines": {"color": "#f0f0f0"}, "maxValue": 12497, "minValue": 0}, "tooltip": {"trigger": "none"}}}}}]]></graph_data><return_code><![CDATA[0]]></return_code></root>