<?xml version="1.0" encoding="utf-8"?><root><html_content><![CDATA[

      <div id="watch-actions-stats" class="watch-actions-stats-rats stats-cumulative top-selected-views" data-current-mode-css="stats-mode-daily" data-current-top-site-css="top-selected-views" data-current-metric-css="stats-metric-views">
        <div class="stats-header">
    <h1>
      <span class="stats-header-text yt-card-title">Video statistics</span>
<span class="stats-sub-header">Through May 22, 2017  
  <span class="yt-uix-clickcard">
    <button class="yt-uix-clickcard-target" aria-label="Learn more." aria-haspopup="true" data-position="topleft" type="button">
      <span class="yt-help-icon yt-sprite"></span>
    </button>
    <span class="yt-uix-clickcard-content" role="dialog" aria-label="Learn more." aria-describedby="5522136282213593171">
      <button class="yt-uix-clickcard-close" aria-label="Close learn more dialog."></button>
      <p id="5522136282213593171">The video statistics shown below are updated daily. They may lag behind the view count shown directly beneath the video, which updates many times a day.
      </p>
    </span>
  </span>

</span>
    </h1>

  </div>

        <table class="stats-bragbar-container yt-uix-button-group yt-uix-tabs" data-uix-tabs-selected-extra-class="yt-uix-button-toggled">
    <tr>
          <td class="stats-bragbar stats-bragbar-views yt-uix-button yt-uix-tabs-tab  yt-uix-tabs-selected yt-uix-button-toggled" data-uix-tabs-target-id="stats-chart-tab-views" data-top-site-css="top-selected-views" data-metric-css="stats-metric-views" style="border-bottom-color: #73c421">
    <span class="metric-label">Views</span>
    <div class="bragbar-metric-large">33,168,650</div>
  </td>

        <td class="stats-bragbar-filler"></td>
    </tr>
  </table>

  <div class="stats-charts-container">
      <div id="stats-chart-tab-views" class="stats-chart-menu ">
      </div>

    <div class="stats-chart-gviz"></div>

  </div>



  </div>

]]></html_content><graph_data><![CDATA[{"views": {"daily": {"opt": {"hAxis": {"viewWindow": {}, "textStyle": {"color": "#666"}, "baselineColor": "transparent", "slantedText": false, "gridlines": {"color": "transparent"}}, "enableInteractivity": false, "vAxis": {"textStyle": {"color": "#666"}, "gridlines": {"color": "#f0f0f0"}, "minValue": 0, "baselineColor": "#e2e2e2", "maxValue": 35883, "titleTextStyle": {"color": "#666"}}, "pointSize": 0, "legend": {"position": "none"}, "tooltip": {"trigger": "none"}, "chartArea": {"left": 67.0, "top": 30}, "colors": ["#73c421"]}, "data": [111, 178, 182, 165, 197, 301, 381, 16449, 16248, 4639, 3983, 3920, 3984, 4137, 2925, 1056, 951, 898, 999, 991, 1268, 2268, 5741, 7089, 7732, 7639, 7958, 8540, 8477, 8405, 8363, 8105, 7928, 10243, 10857, 11199, 11458, 10082, 9125, 8993, 9438, 17642, 17755, 19691, 19991, 21278, 18023, 16627, 16570, 19147, 21202, 21570, 22264, 20326, 18872, 18230, 19572, 18873, 19126, 20113, 19012, 20899, 21594, 22694, 22111, 21208, 20602, 18537, 17368, 17363, 17164, 17996, 18367, 20854, 19342, 17755, 17973, 18513, 18267, 18996, 20891, 19660, 18726, 20101, 15509, 19271, 21586, 22207, 19269, 20074, 21399, 18491, 21639, 19141, 19733, 13721, 16871, 15590, 15140, 14495, 14339, 14498, 12281, 13395, 13428, 13420, 13955, 14327, 14659, 13741, 13788, 14926, 16747, 17851, 17293, 17963, 16172, 15533, 13918, 14142, 13981, 13351, 13777, 12632, 12523, 12632, 13057, 12120, 12198, 12418, 11287, 11269, 11672, 11988, 11732, 12267, 13654, 12708, 12178, 12170, 12602, 12529, 12928, 13240, 12484, 11964, 11924, 12182, 13055, 13234, 13577, 12530, 12836, 13054, 13021, 12679, 11831, 10285, 10675, 11563, 12212, 12422, 12928, 12400, 11491, 11681, 11532, 11643, 11292, 11343, 10907, 10931, 10691, 9925, 9995, 10745, 10796, 11156, 11472, 10712, 10876, 10578, 10098, 10190, 10560, 11354, 9994, 10366, 9259, 10443, 10691, 10435, 10996, 9974, 9636, 10009, 9556, 9941, 10414, 11298, 9658, 9346, 9645, 9629, 9519, 9671, 10161, 8924, 8246, 8353, 8257, 8825, 9376, 9586, 8890, 8583, 8646, 8440, 8651, 8583, 8816, 7783, 7257, 7062, 7436, 7603, 10101, 7210, 6497, 6437, 6358, 6534, 6813, 10205, 14856, 16790, 12929, 12843, 11762, 12976, 13843, 8696, 5793, 5615, 6365, 6289, 6381, 6914, 7415, 6653, 6346, 6434, 6720, 6360, 6725, 6941, 7009, 6606, 6347, 6285, 6315, 6653, 6705, 5949, 7733, 9837, 9795, 10402, 10376, 10990, 12579, 12820, 13394, 13318, 14030, 14378, 12641, 12253, 12676, 12105, 12144, 12196, 13446, 19535, 18471, 22036, 21095, 21403, 22306, 21287, 15678, 12973, 12256, 16189, 16867, 17124, 16159, 12282, 10382, 10126, 10165, 9883, 10842, 11582, 25326, 23977, 21854, 21762, 22144, 20906, 15100, 14617, 14562, 14221, 13892, 13822, 13840, 13242, 13424, 12857, 13063, 13087, 12702, 13194, 13250, 13050, 12062, 11537, 11000, 11274, 10698, 10148, 10790, 9802, 8965, 9214, 8645, 9140, 8757, 8155, 7483, 7701, 7409, 7037, 7332, 8209, 7943, 7499, 7455, 7925, 8489, 8502, 9550, 8766, 8846, 8782, 8288, 8609, 8369, 7869, 7854, 7734, 7634, 8198, 8654, 14318, 14894, 13747, 13206, 14509, 13934, 13904, 9056, 8601, 7880, 7515, 7769, 7884, 7983, 8060, 8283, 8162, 7888, 10061, 10809, 11271, 11366, 10463, 9751, 9367, 9856, 9481, 9592, 8665, 9386, 6236, 9232, 9012, 9384, 9407, 9152, 9277, 9502, 8813, 8852, 9105, 9026, 9356, 9632, 9830, 9763, 9310, 8984, 8740, 8514, 8995, 10016, 9079, 8410, 8331, 9012, 9209, 9324, 10287, 9416, 8896, 9059, 8573, 8821, 8883, 9549, 8447, 8218, 8323, 8605, 8561, 8817, 9362, 9548, 8869, 9203, 9440, 9568, 9687, 10278, 10045, 9248, 9082, 9046, 9077, 9629, 10170, 9330, 9104, 8370, 9416, 9443, 9547, 10045, 9248, 9364, 9129, 9175, 9614, 9590, 9993, 9574, 9504, 10752, 10847, 11082, 10791, 11594, 10024, 8889, 8815, 9117, 10219, 11530, 11182, 10959, 9958, 9759, 10200, 10322, 10789, 11691, 10596, 10042, 10347, 10787, 10235, 10099, 10375, 9532, 9171, 9383, 9664, 9196, 9070, 9700, 8633, 8257, 8634, 8694, 9107, 9212, 9604, 8663, 8528, 8676, 8758, 8457, 8572, 9218, 8666, 8544, 9210, 9255, 9393, 8501, 7791, 7189, 8034, 8490, 8560, 8969, 9660, 8779, 7612, 8123, 8070, 8188, 8621, 8920, 8966, 8095, 7517, 7625, 8024, 8157, 8416, 8558, 8171, 7856, 7697, 7826, 7706, 8000, 8645, 7800, 7372, 7338, 7199, 7493, 7787, 7828, 7009, 6643, 6657, 6735, 6713, 6983, 7338, 6557, 6122, 6503, 6911, 6687, 7454, 7663, 7245, 7555, 7615, 7699, 7377, 8371, 8212, 7649, 7751, 7396, 7350, 7343, 7673, 7564, 6881, 6795, 6790, 6905, 6884, 7448, 7261, 7219, 6887, 6732, 6515, 6451, 6628, 6611, 6314, 6018, 6161, 5986, 6144, 6314, 6882, 6954, 6536, 6361, 6497, 6433, 6454, 6736, 6217, 6094, 6220, 5826, 6282, 6620, 6520, 6615, 6348, 6628, 6597, 6647, 6766, 6787, 6384, 7231, 6492, 5109, 4799, 5404, 7768, 7586, 7731, 7494, 7425, 7471, 7753, 8117, 7640, 7498, 7195, 7533, 7505, 7710, 8139, 7843, 7381, 7517, 7550, 7887, 7881, 8158, 7526, 7539, 7739, 7777, 7451, 7690, 7989, 7480, 7788, 7645, 8167, 8424, 8112, 7800, 7709, 7733, 8413, 8335, 8016, 8369, 8226, 7804, 7963, 7868, 7817, 7845, 8129, 8422, 8168, 7548, 7361, 7922, 8844, 8958, 8920, 8930, 9325, 8942, 8477, 8699, 8966, 9496, 8409, 8984, 9337, 9477, 9462, 9525, 9250, 9009, 9187, 9470, 8312, 7782, 8557, 8576, 8921, 9630, 10560, 9876, 9757, 10119, 9620, 9173, 9497, 9692, 8859, 9303, 8782, 8316, 8136, 8218, 8270, 8682, 8654, 8839, 8486, 8319, 8278, 9017, 9270, 8847, 8152, 8350, 8206, 8683, 8887, 8157, 7869, 8934, 8294, 7954, 7877, 7566, 7699, 8166, 7961, 7792, 7370, 7498, 7731, 7902, 7816, 8010, 8288, 7836, 8275, 8369, 8543, 8306, 8884, 8749, 8286, 8272, 8393, 8501, 8479, 8567, 8789, 8633, 8664, 7880, 7679, 8290, 8380, 8595, 8874, 8312, 8159, 8267, 8541, 8744, 9281, 8686, 8125, 7541, 7805, 8384, 9197, 9403, 8992, 8139, 8549, 9125, 9683, 10035, 9990, 9612, 7292, 7826, 7630, 7430, 8080, 7323, 7138, 7219, 7010, 7115, 7333, 7199, 7888, 7595, 7737, 7595, 8124, 7953, 8126, 8542, 8063, 7694, 7444, 7565, 8186, 7570, 8292, 7878, 7538, 7192, 7044, 7840, 8932, 9377, 9845, 8358, 8188, 8757, 8183, 8545, 8819, 8136, 8152, 7674, 9212, 9602, 9660, 8993, 8342, 9120, 9594, 9947, 7785, 7540, 8800, 8424, 8400, 7956, 7435, 6888, 7157, 7105, 7570, 6913, 6797, 7975, 7622, 7648, 7255, 7446, 6955, 7819, 7400, 7709, 8512, 8878, 8337, 8350, 8349, 8292, 8898, 8825, 9288, 9292, 9042, 8290, 8650, 8814, 9193, 8658, 8276, 8592, 7315, 7817, 7762, 8308, 8639, 7794, 7157, 7773, 7760, 8190, 8565, 8629, 7870, 7602, 8081, 8033, 8388, 8236, 9301, 9017, 8609, 8706, 9324, 9335, 10439, 10400, 8836, 9366, 9041, 8750, 8651, 8927, 10140, 8355, 7322, 7957, 8230, 8466, 9262, 9150, 8441, 8030, 7236, 8380, 8129, 7870, 8367, 7913, 7762, 7111, 5161, 6173, 8081, 7466, 7158, 6810, 6853, 6861, 7479, 7122, 7586, 6969, 6677, 7399, 6985, 7406, 7436, 7827, 7454, 7051, 6977, 7027, 7639, 7821, 8152, 7428, 7221, 7046, 6880, 6903, 7306, 7297, 7248, 6185, 7067, 7398, 9599, 9411, 8860, 7248, 7056, 8435, 8036, 8399, 7525, 8047, 6905, 6203, 7328, 7284, 7089, 7230, 8621, 7871, 7464, 6449, 6687, 7519, 7363, 7067, 7173, 7085, 7000, 8117, 7160, 7282, 8108, 7616, 6580, 6406, 6829, 7044, 7452, 7300, 6314, 6293, 6296, 7169, 7376, 6861, 8273, 7225, 7345, 7955, 7826, 8731, 7958, 8179, 7258, 7243, 6887, 7574, 7988, 8205, 8863, 8477, 7927, 7788, 8302, 8221, 8115, 8083, 7840, 7437, 7919, 8227, 7554, 7630, 7103, 6971, 6913, 6965, 7188, 7110, 7355, 7259, 6731, 6773, 6090, 6461, 6358, 6452, 6733, 6715, 7179, 7786, 7769, 7975, 8562, 8639, 8113, 8422, 9088, 8672, 8783, 8922, 7863, 7352, 8161, 7760, 7725, 7387, 6984, 7336, 7158, 7464, 7638, 7701, 7629, 7572, 7469, 7074, 7733, 7815, 7357, 7664, 7608, 7078, 7138, 7062, 7331, 7373, 7378, 7151, 7030, 6747, 7145, 7248, 7392, 7197, 7169, 7257, 6908, 7184, 7084, 6723, 7101, 7414, 7193, 7190, 6942, 7262, 6760, 6584, 6717, 6849, 6336, 6207, 6508, 6720, 6659, 7043, 7351, 6910, 6858, 6491, 6344, 7067, 7295, 7705, 7145, 6617, 6409, 6370, 6740, 7444, 7450, 7233, 6108, 6286, 6635, 6555, 6659, 7149, 6434, 5982, 6212, 6455, 6195, 6365, 6749, 6269, 5847, 6017, 6829, 8335, 11005, 11484, 9917, 9371, 9049, 8685, 9128, 9173, 9806, 9619, 8835, 8664, 8563, 8855, 9095, 9601, 9132, 8587, 8367, 8591, 8523, 8366, 8758, 8346, 7960, 8270, 8145, 8872, 9282, 9602, 9688, 8890, 10359, 9840, 9600, 10372, 10517, 9159, 8677, 8434, 7862, 8534, 8739, 9879, 8949, 8190, 8112, 8544, 8679, 8957, 8591, 7939, 7732, 7665, 7887, 8303, 8036, 9281, 8451, 8208, 8616, 8768, 8790, 8960, 9314, 8341, 7615, 7743, 7277, 7634, 8738, 9026, 8345, 7965, 7745, 7919, 9112, 8466, 7465, 7879, 8095, 7682, 6731, 7106, 7823, 7829, 7672, 8044, 8264, 7433, 8844, 8703, 8888, 8421, 8337, 8735, 9055, 8796, 9340, 9833, 9402, 9151, 9482, 7938, 9582, 9400, 10252, 9032, 8939, 8968, 8666, 9395, 9087, 9338, 9327, 8585, 9063, 9269, 9487, 9659, 10369, 8398, 7811, 8734, 8591, 9480, 8101, 8967, 8225, 7903, 8625, 8700, 8935, 9158, 9513, 8969, 8904, 9066, 11163, 11314, 12048, 12576, 10770, 9938, 10117, 10630, 10900, 11763, 12538, 11752, 10888, 11008, 11368, 11429, 11361, 11795, 10801, 10521, 10266, 10482, 10656, 10816, 11525, 10640, 10019, 10044, 10731, 11043, 11195, 12239, 11573, 10586, 11361, 11776, 12385, 11786, 12407, 11426, 11110, 11941, 12447, 13090, 13733, 14529, 13443, 12964, 12565, 12985, 9777, 13112, 13766, 14684, 27864, 31443, 30487, 29084, 25970, 23989, 21902, 22211, 21936, 21596, 21647, 22282, 22340, 20553, 10617, 10902, 10616, 10955, 11171, 11328, 10639, 10973, 11149, 11687, 12165, 12353, 13575, 12480, 12166, 12497, 13057, 15037, 15731, 16103, 14980, 13876, 13884, 14196, 16021, 17645, 17427, 17326, 17985, 17117, 12051, 11354, 10941, 11100, 10639, 10460, 10855, 11040, 10963, 12028, 12385, 11617, 11235, 11171, 11818, 11027, 10608, 10805, 11403, 11704, 11790, 11729, 12322, 12213, 12124, 11111, 11164, 11883, 11788, 11334, 12205, 11370, 10410, 12388, 11753, 12050, 11962, 10882, 10917, 10646, 10567, 10403, 10118, 10514, 11281, 10640, 10112, 10686, 10807, 11398, 11432, 11653, 11056, 10684, 10821, 11190, 11364, 12083, 12464, 11680, 11152, 11742, 11553, 11152, 11286, 11411, 10790, 10779, 10975, 11376, 11463, 11427, 12081, 11799, 10856, 11388, 11006, 11270, 11903, 12690, 12609, 10410, 10016, 10029, 10387, 10508, 11231, 11197, 10305, 9903, 10065, 9985, 13210, 12845, 12256, 11814, 11692, 11381, 11235, 10300, 10579, 11783, 11009, 10642, 10488, 11174, 11470, 11323, 12190, 10919, 10486, 11188, 11238, 11212, 10976, 11050, 9673, 9037, 9219, 9467, 25658, 28117, 29433, 25694, 23610, 22543, 21675, 20485, 21292, 23460, 19904, 17966, 18352, 19005, 16552, 17883, 18310, 16365, 16415, 16394, 16380, 16046, 16877, 17707, 17048, 11691, 11342, 11513, 10909, 11494, 11834, 10712, 8278, 10571, 11351, 11454, 10957, 11334, 11521, 10978, 10879, 10834, 11508, 11804, 12587, 11521, 11380, 11467, 10998, 11507, 12513, 13331, 13056, 12268, 12656, 13010, 13945, 14538, 15389, 14313, 13276, 13272, 14978, 14237, 14019, 14778, 14167, 13755, 14035, 14027, 13885, 14320, 15001, 14404, 13790, 13616, 14026, 14363, 14924, 15627, 14346, 13691, 13726, 14069, 14096, 15084, 14729, 14627, 13955, 14805, 14935, 13467, 14009, 14530, 12843, 13687, 13695, 14515, 11872, 12763, 13633, 12319, 11658, 12165, 11965, 13390, 14362, 15204, 13909, 13467, 13470, 12948, 13974, 14851, 15794, 14683, 14234, 13431, 13751, 15500, 16877, 19244, 16852, 14729, 13796, 14354, 13914, 15069, 15311, 13456, 13192, 14012, 14157, 12752, 14696, 16287, 14501, 13970, 14215, 14177, 15746, 15739, 17163, 15458, 15516, 16064, 15647, 15886, 16685, 17814, 19261, 18020, 18194, 17441, 18400, 20077, 21660, 19531, 18522, 17950, 18485, 19444, 20439, 22377, 18963, 18761, 19285, 18903, 19343, 20305, 22115, 19802, 18403, 18497, 19368, 19696, 20692, 22495, 20248, 19299, 19461, 20252, 20164, 20646, 22261, 20557, 19660, 19623, 20000, 20621, 20801, 20630, 18800, 19069, 19229, 19241, 20201, 19706, 20722, 18482, 18093, 18610, 18605, 19016, 19395, 19797, 18517, 19505, 20181, 19361, 19677, 20009, 21087, 19535, 16741, 16842, 17087, 17446, 18694, 18380, 17637, 17853, 18656, 18531, 20368, 20292, 21047, 18660, 18199, 18135, 19027, 18203, 17995, 18296, 16092, 15637, 16455, 15695, 15235, 17374, 17891, 16666, 16544, 15749, 15804, 16933, 18778, 19479, 17188, 16354, 16840, 16778, 17915, 17249, 18096, 15860, 14987, 16492, 17018, 16787, 16783, 17401, 16513, 17192, 17368, 17297, 17277, 18237, 17942, 16719, 17425, 16952, 17552, 17668, 17010, 17707, 16896, 17179, 16738, 16645, 18203, 18469, 16795, 16769, 17547, 18247, 18392, 18602, 18713, 17718, 15336, 15732, 16154, 16851, 21539, 24476, 23212, 20344, 21107, 24919, 23383, 22491, 24747, 23672, 20735, 21580, 22485, 21624, 22654, 23114, 21882, 20008, 20833, 21897, 21537, 21917, 21890, 20674, 20001, 20375, 20859, 20234, 20380, 21412, 20836, 18960, 19236, 20290, 20147, 21338, 21940, 21859, 24711, 21103, 21269, 21672, 21842, 22513, 22724, 20782, 19528, 20724, 20805, 20981, 22217, 22560, 20757, 19915, 19337, 20101, 20908, 21701, 23111, 20685, 19093, 19523, 19712, 19748, 22122, 22443, 20341, 18477, 19510, 19619, 20564, 22282, 21908, 18186, 17107, 17856, 18769, 19886, 20879, 22056, 20224, 19718, 20441, 20706, 19809, 20856, 21364, 18855, 18054, 17393, 17390, 16978, 18741, 19192, 17576, 17443, 17909, 17847, 18635, 20112, 21352, 19849, 18887, 19852, 20389, 21133, 22905, 23671, 23118, 21832, 23005, 22607, 23604, 24954, 25969, 23127, 21363, 21892, 23463, 23921, 24367, 26536, 23941, 21366, 22496, 22928, 23579, 24284, 26035, 23484, 22022, 23724, 25106, 24244, 25145, 25961, 23521, 21379, 21417, 21486, 21202, 21885, 23302, 21879, 20588, 20506, 21090, 21383, 22363, 22415, 19975, 19624, 20551, 20218, 20304, 21087, 21307, 19795, 19774, 20400, 20360, 20766, 18732, 20295, 19709, 20575, 21432, 21525, 24039, 19914, 21240, 19696, 19185, 19788, 20176, 20345, 20631, 22377, 20045, 18959, 20835, 22225, 22316, 23307, 25037, 22602, 21421, 20026, 20085, 20770, 22357, 23791, 21018, 20480, 21955, 22177, 22765, 23447, 24777, 21906, 20870, 22052, 22316, 23217, 24539, 25878, 22333, 21365, 21754, 22240, 23682, 23636, 24744, 22814, 21763, 21331, 21604, 22870, 24342, 25246, 22217, 19773, 19457, 19638, 22179, 25212, 25654, 22876, 21251, 22974, 22416, 22758, 24039, 25236, 24099, 23045, 21460, 21550, 24090, 25212, 25457, 21814, 21107, 20279, 21819, 23273, 23966, 24168, 21669, 21811, 20781, 23242, 25312, 24596, 25399, 24190, 21219, 20816, 21251, 21911, 22608, 23825, 22585, 20752, 21315, 21542, 22139, 24285, 24654, 22213, 20507, 21375, 21173, 21474, 21963, 23664, 20211, 20071, 20086, 19819, 20710, 21717, 22371, 20537, 18719, 19101, 18645, 18427, 20047, 21094, 18666, 18228, 17245, 18552, 20703, 19064, 20267, 17947, 18958, 18508, 19521, 21238, 20761, 22813, 20326, 20055, 19345, 19547, 19859, 20650, 23455, 18902, 17896, 19154, 20176, 21028, 21433, 20235, 21197, 20637, 20097, 20623, 20647, 21531, 21465, 19488, 18255, 19331, 20228, 21217, 21776, 21791, 20111, 19573, 20358, 19724, 18709, 19665, 18403, 18547, 17796, 17843, 18235, 19833, 19403, 18896, 16520, 17571, 17905, 17813, 18656, 19148, 19186, 17968, 17968, 18053, 18485, 19303, 19225, 20693, 16900, 17258, 15645, 15024, 16644, 16802, 18442, 15142, 14928, 14829, 16701, 16444, 18116, 17447, 16927, 16377, 16261, 17734, 18680, 19871, 18013, 17785, 18875, 19638, 20742, 19003, 19974, 18101, 16640, 20495, 17672, 19250, 17337, 24536, 23316, 20179, 20774, 18647, 18702, 18108, 18199, 19692, 18124, 16697, 18015, 18943, 27420, 35882, 35688, 29053, 26489, 22064, 20903, 21537, 21296, 20056, 18079, 16846, 16803, 17262, 16834, 17919, 18546, 16047, 14951, 15335, 15939, 16615, 18024, 19069, 16680, 16018, 18959, 20311, 20335, 17511, 16691, 16192, 15668, 16638, 17712, 22601, 25750, 25692, 21121, 22724, 20235, 15205, 15829, 17345, 18418, 17835, 17493, 16357, 17145, 17888, 18202, 17481, 16855, 15293, 15885, 16233, 16199, 16936, 15912, 14116, 14781, 15296, 15678, 15867, 17087, 16120, 15523, 13964, 14648, 15549, 15898, 17733, 17300, 16400, 15633, 17320, 16702, 17654, 18489, 19449, 17073, 17581, 17128, 18292, 17094, 21564, 23773, 19672, 20060, 17207, 20305, 18303, 21674, 20007, 18402, 18082, 22803, 18574, 17916, 18179, 21312, 17101, 16402, 17886, 17206, 17439, 18612, 19470, 18998, 16238, 18538, 18567, 18897, 19575, 17217, 17986, 16215, 17141, 15692, 16703, 17412, 17192, 14769, 15459, 15275, 15993, 15861, 20572, 19457, 14873, 16812, 16643, 15346, 18822, 19268, 20195, 17791, 15742, 15352, 15710, 16106, 16704, 16834, 17837, 18974, 17091, 16411, 16517, 17453, 18318, 15495, 15553, 16250, 15157, 15421, 16468, 19882, 17193, 13489, 13952, 15791, 17213, 18329, 18170, 15108, 14294, 14941, 15843, 17558, 19705, 22403, 19080, 18895, 19129, 17663, 17121, 17364, 19625, 16730, 16108, 14983, 13674, 16907, 18924, 17773, 17663, 15267, 15785, 14537, 15950, 18019, 18324, 16970, 15323, 16240, 16612, 16413, 17106, 19759, 15692, 15607, 15230, 16231, 16203, 17638, 19899, 18615, 18131, 20039, 22600, 20784, 24085, 25053, 22990, 25099, 25515, 28704, 27378, 30642, 29567, 24531, 22963, 22628, 24319, 23087, 22054, 21538, 19699, 18890, 20070, 19511, 21614, 21362, 22038, 19849, 18938, 19079, 18539, 19525, 19627, 18095, 16029, 16595, 17309, 17816, 17817, 20161, 20132, 19944, 20741, 19019, 19887, 20905, 22287, 21367, 19178, 18626, 18164, 18774, 20915, 20501, 20018, 17876, 16274, 16945, 16629, 16446, 18478, 20379, 17238, 17202]}}, "day": {"data": [1279695600000, 1279782000000, 1279868400000, 1279954800000, 1280041200000, 1280127600000, 1280214000000, 1280300400000, 1280386800000, 1280473200000, 1280559600000, 1280646000000, 1280732400000, 1280818800000, 1280905200000, 1280991600000, 1281078000000, 1281164400000, 1281250800000, 1281337200000, 1281423600000, 1281510000000, 1281596400000, 1281682800000, 1281769200000, 1281855600000, 1281942000000, 1282028400000, 1282114800000, 1282201200000, 1282287600000, 1282374000000, 1282460400000, 1282546800000, 1282633200000, 1282719600000, 1282806000000, 1282892400000, 1282978800000, 1283065200000, 1283151600000, 1283238000000, 1283324400000, 1283410800000, 1283497200000, 1283583600000, 1283670000000, 1283756400000, 1283842800000, 1283929200000, 1284015600000, 1284102000000, 1284188400000, 1284274800000, 1284361200000, 1284447600000, 1284534000000, 1284620400000, 1284706800000, 1284793200000, 1284879600000, 1284966000000, 1285052400000, 1285138800000, 1285225200000, 1285311600000, 1285398000000, 1285484400000, 1285570800000, 1285657200000, 1285743600000, 1285830000000, 1285916400000, 1286002800000, 1286089200000, 1286175600000, 1286262000000, 1286348400000, 1286434800000, 1286521200000, 1286607600000, 1286694000000, 1286780400000, 1286866800000, 1286953200000, 1287039600000, 1287126000000, 1287212400000, 1287298800000, 1287385200000, 1287471600000, 1287558000000, 1287644400000, 1287730800000, 1287817200000, 1287903600000, 1287990000000, 1288076400000, 1288162800000, 1288249200000, 1288335600000, 1288422000000, 1288508400000, 1288594800000, 1288681200000, 1288767600000, 1288854000000, 1288940400000, 1289026800000, 1289113200000, 1289203200000, 1289289600000, 1289376000000, 1289462400000, 1289548800000, 1289635200000, 1289721600000, 1289808000000, 1289894400000, 1289980800000, 1290067200000, 1290153600000, 1290240000000, 1290326400000, 1290412800000, 1290499200000, 1290585600000, 1290672000000, 1290758400000, 1290844800000, 1290931200000, 1291017600000, 1291104000000, 1291190400000, 1291276800000, 1291363200000, 1291449600000, 1291536000000, 1291622400000, 1291708800000, 1291795200000, 1291881600000, 1291968000000, 1292054400000, 1292140800000, 1292227200000, 1292313600000, 1292400000000, 1292486400000, 1292572800000, 1292659200000, 1292745600000, 1292832000000, 1292918400000, 1293004800000, 1293091200000, 1293177600000, 1293264000000, 1293350400000, 1293436800000, 1293523200000, 1293609600000, 1293696000000, 1293782400000, 1293868800000, 1293955200000, 1294041600000, 1294128000000, 1294214400000, 1294300800000, 1294387200000, 1294473600000, 1294560000000, 1294646400000, 1294732800000, 1294819200000, 1294905600000, 1294992000000, 1295078400000, 1295164800000, 1295251200000, 1295337600000, 1295424000000, 1295510400000, 1295596800000, 1295683200000, 1295769600000, 1295856000000, 1295942400000, 1296028800000, 1296115200000, 1296201600000, 1296288000000, 1296374400000, 1296460800000, 1296547200000, 1296633600000, 1296720000000, 1296806400000, 1296892800000, 1296979200000, 1297065600000, 1297152000000, 1297238400000, 1297324800000, 1297411200000, 1297497600000, 1297584000000, 1297670400000, 1297756800000, 1297843200000, 1297929600000, 1298016000000, 1298102400000, 1298188800000, 1298275200000, 1298361600000, 1298448000000, 1298534400000, 1298620800000, 1298707200000, 1298793600000, 1298880000000, 1298966400000, 1299052800000, 1299139200000, 1299225600000, 1299312000000, 1299398400000, 1299484800000, 1299571200000, 1299657600000, 1299744000000, 1299830400000, 1299916800000, 1300003200000, 1300086000000, 1300172400000, 1300258800000, 1300345200000, 1300431600000, 1300518000000, 1300604400000, 1300690800000, 1300777200000, 1300863600000, 1300950000000, 1301036400000, 1301122800000, 1301209200000, 1301295600000, 1301382000000, 1301468400000, 1301554800000, 1301641200000, 1301727600000, 1301814000000, 1301900400000, 1301986800000, 1302073200000, 1302159600000, 1302246000000, 1302332400000, 1302418800000, 1302505200000, 1302591600000, 1302678000000, 1302764400000, 1302850800000, 1302937200000, 1303023600000, 1303110000000, 1303196400000, 1303282800000, 1303369200000, 1303455600000, 1303542000000, 1303628400000, 1303714800000, 1303801200000, 1303887600000, 1303974000000, 1304060400000, 1304146800000, 1304233200000, 1304319600000, 1304406000000, 1304492400000, 1304578800000, 1304665200000, 1304751600000, 1304838000000, 1304924400000, 1305010800000, 1305097200000, 1305183600000, 1305270000000, 1305356400000, 1305442800000, 1305529200000, 1305615600000, 1305702000000, 1305788400000, 1305874800000, 1305961200000, 1306047600000, 1306134000000, 1306220400000, 1306306800000, 1306393200000, 1306479600000, 1306566000000, 1306652400000, 1306738800000, 1306825200000, 1306911600000, 1306998000000, 1307084400000, 1307170800000, 1307257200000, 1307343600000, 1307430000000, 1307516400000, 1307602800000, 1307689200000, 1307775600000, 1307862000000, 1307948400000, 1308034800000, 1308121200000, 1308207600000, 1308294000000, 1308380400000, 1308466800000, 1308553200000, 1308639600000, 1308726000000, 1308812400000, 1308898800000, 1308985200000, 1309071600000, 1309158000000, 1309244400000, 1309330800000, 1309417200000, 1309503600000, 1309590000000, 1309676400000, 1309762800000, 1309849200000, 1309935600000, 1310022000000, 1310108400000, 1310194800000, 1310281200000, 1310367600000, 1310454000000, 1310540400000, 1310626800000, 1310713200000, 1310799600000, 1310886000000, 1310972400000, 1311058800000, 1311145200000, 1311231600000, 1311318000000, 1311404400000, 1311490800000, 1311577200000, 1311663600000, 1311750000000, 1311836400000, 1311922800000, 1312009200000, 1312095600000, 1312182000000, 1312268400000, 1312354800000, 1312441200000, 1312527600000, 1312614000000, 1312700400000, 1312786800000, 1312873200000, 1312959600000, 1313046000000, 1313132400000, 1313218800000, 1313305200000, 1313391600000, 1313478000000, 1313564400000, 1313650800000, 1313737200000, 1313823600000, 1313910000000, 1313996400000, 1314082800000, 1314169200000, 1314255600000, 1314342000000, 1314428400000, 1314514800000, 1314601200000, 1314687600000, 1314774000000, 1314860400000, 1314946800000, 1315033200000, 1315119600000, 1315206000000, 1315292400000, 1315378800000, 1315465200000, 1315551600000, 1315638000000, 1315724400000, 1315810800000, 1315897200000, 1315983600000, 1316070000000, 1316156400000, 1316242800000, 1316329200000, 1316415600000, 1316502000000, 1316588400000, 1316674800000, 1316761200000, 1316847600000, 1316934000000, 1317020400000, 1317106800000, 1317193200000, 1317279600000, 1317366000000, 1317452400000, 1317538800000, 1317625200000, 1317711600000, 1317798000000, 1317884400000, 1317970800000, 1318057200000, 1318143600000, 1318230000000, 1318316400000, 1318402800000, 1318489200000, 1318575600000, 1318662000000, 1318748400000, 1318834800000, 1318921200000, 1319007600000, 1319094000000, 1319180400000, 1319266800000, 1319353200000, 1319439600000, 1319526000000, 1319612400000, 1319698800000, 1319785200000, 1319871600000, 1319958000000, 1320044400000, 1320130800000, 1320217200000, 1320303600000, 1320390000000, 1320476400000, 1320562800000, 1320652800000, 1320739200000, 1320825600000, 1320912000000, 1320998400000, 1321084800000, 1321171200000, 1321257600000, 1321344000000, 1321430400000, 1321516800000, 1321603200000, 1321689600000, 1321776000000, 1321862400000, 1321948800000, 1322035200000, 1322121600000, 1322208000000, 1322294400000, 1322380800000, 1322467200000, 1322553600000, 1322640000000, 1322726400000, 1322812800000, 1322899200000, 1322985600000, 1323072000000, 1323158400000, 1323244800000, 1323331200000, 1323417600000, 1323504000000, 1323590400000, 1323676800000, 1323763200000, 1323849600000, 1323936000000, 1324022400000, 1324108800000, 1324195200000, 1324281600000, 1324368000000, 1324454400000, 1324540800000, 1324627200000, 1324713600000, 1324800000000, 1324886400000, 1324972800000, 1325059200000, 1325145600000, 1325232000000, 1325318400000, 1325404800000, 1325491200000, 1325577600000, 1325664000000, 1325750400000, 1325836800000, 1325923200000, 1326009600000, 1326096000000, 1326182400000, 1326268800000, 1326355200000, 1326441600000, 1326528000000, 1326614400000, 1326700800000, 1326787200000, 1326873600000, 1326960000000, 1327046400000, 1327132800000, 1327219200000, 1327305600000, 1327392000000, 1327478400000, 1327564800000, 1327651200000, 1327737600000, 1327824000000, 1327910400000, 1327996800000, 1328083200000, 1328169600000, 1328256000000, 1328342400000, 1328428800000, 1328515200000, 1328601600000, 1328688000000, 1328774400000, 1328860800000, 1328947200000, 1329033600000, 1329120000000, 1329206400000, 1329292800000, 1329379200000, 1329465600000, 1329552000000, 1329638400000, 1329724800000, 1329811200000, 1329897600000, 1329984000000, 1330070400000, 1330156800000, 1330243200000, 1330329600000, 1330416000000, 1330502400000, 1330588800000, 1330675200000, 1330761600000, 1330848000000, 1330934400000, 1331020800000, 1331107200000, 1331193600000, 1331280000000, 1331366400000, 1331452800000, 1331535600000, 1331622000000, 1331708400000, 1331794800000, 1331881200000, 1331967600000, 1332054000000, 1332140400000, 1332226800000, 1332313200000, 1332399600000, 1332486000000, 1332572400000, 1332658800000, 1332745200000, 1332831600000, 1332918000000, 1333004400000, 1333090800000, 1333177200000, 1333263600000, 1333350000000, 1333436400000, 1333522800000, 1333609200000, 1333695600000, 1333782000000, 1333868400000, 1333954800000, 1334041200000, 1334127600000, 1334214000000, 1334300400000, 1334386800000, 1334473200000, 1334559600000, 1334646000000, 1334732400000, 1334818800000, 1334905200000, 1334991600000, 1335078000000, 1335164400000, 1335250800000, 1335337200000, 1335423600000, 1335510000000, 1335596400000, 1335682800000, 1335769200000, 1335855600000, 1335942000000, 1336028400000, 1336114800000, 1336201200000, 1336287600000, 1336374000000, 1336460400000, 1336546800000, 1336633200000, 1336719600000, 1336806000000, 1336892400000, 1336978800000, 1337065200000, 1337151600000, 1337238000000, 1337324400000, 1337410800000, 1337497200000, 1337583600000, 1337670000000, 1337756400000, 1337842800000, 1337929200000, 1338015600000, 1338102000000, 1338188400000, 1338274800000, 1338361200000, 1338447600000, 1338534000000, 1338620400000, 1338706800000, 1338793200000, 1338879600000, 1338966000000, 1339052400000, 1339138800000, 1339225200000, 1339311600000, 1339398000000, 1339484400000, 1339570800000, 1339657200000, 1339743600000, 1339830000000, 1339916400000, 1340002800000, 1340089200000, 1340175600000, 1340262000000, 1340348400000, 1340434800000, 1340521200000, 1340607600000, 1340694000000, 1340780400000, 1340866800000, 1340953200000, 1341039600000, 1341126000000, 1341212400000, 1341298800000, 1341385200000, 1341471600000, 1341558000000, 1341644400000, 1341730800000, 1341817200000, 1341903600000, 1341990000000, 1342076400000, 1342162800000, 1342249200000, 1342335600000, 1342422000000, 1342508400000, 1342594800000, 1342681200000, 1342767600000, 1342854000000, 1342940400000, 1343026800000, 1343113200000, 1343199600000, 1343286000000, 1343372400000, 1343458800000, 1343545200000, 1343631600000, 1343718000000, 1343804400000, 1343890800000, 1343977200000, 1344063600000, 1344150000000, 1344236400000, 1344322800000, 1344409200000, 1344495600000, 1344582000000, 1344668400000, 1344754800000, 1344841200000, 1344927600000, 1345014000000, 1345100400000, 1345186800000, 1345273200000, 1345359600000, 1345446000000, 1345532400000, 1345618800000, 1345705200000, 1345791600000, 1345878000000, 1345964400000, 1346050800000, 1346137200000, 1346223600000, 1346310000000, 1346396400000, 1346482800000, 1346569200000, 1346655600000, 1346742000000, 1346828400000, 1346914800000, 1347001200000, 1347087600000, 1347174000000, 1347260400000, 1347346800000, 1347433200000, 1347519600000, 1347606000000, 1347692400000, 1347778800000, 1347865200000, 1347951600000, 1348038000000, 1348124400000, 1348210800000, 1348297200000, 1348383600000, 1348470000000, 1348556400000, 1348642800000, 1348729200000, 1348815600000, 1348902000000, 1348988400000, 1349074800000, 1349161200000, 1349247600000, 1349334000000, 1349420400000, 1349506800000, 1349593200000, 1349679600000, 1349766000000, 1349852400000, 1349938800000, 1350025200000, 1350111600000, 1350198000000, 1350284400000, 1350370800000, 1350457200000, 1350543600000, 1350630000000, 1350716400000, 1350802800000, 1350889200000, 1350975600000, 1351062000000, 1351148400000, 1351234800000, 1351321200000, 1351407600000, 1351494000000, 1351580400000, 1351666800000, 1351753200000, 1351839600000, 1351926000000, 1352012400000, 1352102400000, 1352188800000, 1352275200000, 1352361600000, 1352448000000, 1352534400000, 1352620800000, 1352707200000, 1352793600000, 1352880000000, 1352966400000, 1353052800000, 1353139200000, 1353225600000, 1353312000000, 1353398400000, 1353484800000, 1353571200000, 1353657600000, 1353744000000, 1353830400000, 1353916800000, 1354003200000, 1354089600000, 1354176000000, 1354262400000, 1354348800000, 1354435200000, 1354521600000, 1354608000000, 1354694400000, 1354780800000, 1354867200000, 1354953600000, 1355040000000, 1355126400000, 1355212800000, 1355299200000, 1355385600000, 1355472000000, 1355558400000, 1355644800000, 1355731200000, 1355817600000, 1355904000000, 1355990400000, 1356076800000, 1356163200000, 1356249600000, 1356336000000, 1356422400000, 1356508800000, 1356595200000, 1356681600000, 1356768000000, 1356854400000, 1356940800000, 1357027200000, 1357113600000, 1357200000000, 1357286400000, 1357372800000, 1357459200000, 1357545600000, 1357632000000, 1357718400000, 1357804800000, 1357891200000, 1357977600000, 1358064000000, 1358150400000, 1358236800000, 1358323200000, 1358409600000, 1358496000000, 1358582400000, 1358668800000, 1358755200000, 1358841600000, 1358928000000, 1359014400000, 1359100800000, 1359187200000, 1359273600000, 1359360000000, 1359446400000, 1359532800000, 1359619200000, 1359705600000, 1359792000000, 1359878400000, 1359964800000, 1360051200000, 1360137600000, 1360224000000, 1360310400000, 1360396800000, 1360483200000, 1360569600000, 1360656000000, 1360742400000, 1360828800000, 1360915200000, 1361001600000, 1361088000000, 1361174400000, 1361260800000, 1361347200000, 1361433600000, 1361520000000, 1361606400000, 1361692800000, 1361779200000, 1361865600000, 1361952000000, 1362038400000, 1362124800000, 1362211200000, 1362297600000, 1362384000000, 1362470400000, 1362556800000, 1362643200000, 1362729600000, 1362816000000, 1362902400000, 1362985200000, 1363071600000, 1363158000000, 1363244400000, 1363330800000, 1363417200000, 1363503600000, 1363590000000, 1363676400000, 1363762800000, 1363849200000, 1363935600000, 1364022000000, 1364108400000, 1364194800000, 1364281200000, 1364367600000, 1364454000000, 1364540400000, 1364626800000, 1364713200000, 1364799600000, 1364886000000, 1364972400000, 1365058800000, 1365145200000, 1365231600000, 1365318000000, 1365404400000, 1365490800000, 1365577200000, 1365663600000, 1365750000000, 1365836400000, 1365922800000, 1366009200000, 1366095600000, 1366182000000, 1366268400000, 1366354800000, 1366441200000, 1366527600000, 1366614000000, 1366700400000, 1366786800000, 1366873200000, 1366959600000, 1367046000000, 1367132400000, 1367218800000, 1367305200000, 1367391600000, 1367478000000, 1367564400000, 1367650800000, 1367737200000, 1367823600000, 1367910000000, 1367996400000, 1368082800000, 1368169200000, 1368255600000, 1368342000000, 1368428400000, 1368514800000, 1368601200000, 1368687600000, 1368774000000, 1368860400000, 1368946800000, 1369033200000, 1369119600000, 1369206000000, 1369292400000, 1369378800000, 1369465200000, 1369551600000, 1369638000000, 1369724400000, 1369810800000, 1369897200000, 1369983600000, 1370070000000, 1370156400000, 1370242800000, 1370329200000, 1370415600000, 1370502000000, 1370588400000, 1370674800000, 1370761200000, 1370847600000, 1370934000000, 1371020400000, 1371106800000, 1371193200000, 1371279600000, 1371366000000, 1371452400000, 1371538800000, 1371625200000, 1371711600000, 1371798000000, 1371884400000, 1371970800000, 1372057200000, 1372143600000, 1372230000000, 1372316400000, 1372402800000, 1372489200000, 1372575600000, 1372662000000, 1372748400000, 1372834800000, 1372921200000, 1373007600000, 1373094000000, 1373180400000, 1373266800000, 1373353200000, 1373439600000, 1373526000000, 1373612400000, 1373698800000, 1373785200000, 1373871600000, 1373958000000, 1374044400000, 1374130800000, 1374217200000, 1374303600000, 1374390000000, 1374476400000, 1374562800000, 1374649200000, 1374735600000, 1374822000000, 1374908400000, 1374994800000, 1375081200000, 1375167600000, 1375254000000, 1375340400000, 1375426800000, 1375513200000, 1375599600000, 1375686000000, 1375772400000, 1375858800000, 1375945200000, 1376031600000, 1376118000000, 1376204400000, 1376290800000, 1376377200000, 1376463600000, 1376550000000, 1376636400000, 1376722800000, 1376809200000, 1376895600000, 1376982000000, 1377068400000, 1377154800000, 1377241200000, 1377327600000, 1377414000000, 1377500400000, 1377586800000, 1377673200000, 1377759600000, 1377846000000, 1377932400000, 1378018800000, 1378105200000, 1378191600000, 1378278000000, 1378364400000, 1378450800000, 1378537200000, 1378623600000, 1378710000000, 1378796400000, 1378882800000, 1378969200000, 1379055600000, 1379142000000, 1379228400000, 1379314800000, 1379401200000, 1379487600000, 1379574000000, 1379660400000, 1379746800000, 1379833200000, 1379919600000, 1380006000000, 1380092400000, 1380178800000, 1380265200000, 1380351600000, 1380438000000, 1380524400000, 1380610800000, 1380697200000, 1380783600000, 1380870000000, 1380956400000, 1381042800000, 1381129200000, 1381215600000, 1381302000000, 1381388400000, 1381474800000, 1381561200000, 1381647600000, 1381734000000, 1381820400000, 1381906800000, 1381993200000, 1382079600000, 1382166000000, 1382252400000, 1382338800000, 1382425200000, 1382511600000, 1382598000000, 1382684400000, 1382770800000, 1382857200000, 1382943600000, 1383030000000, 1383116400000, 1383202800000, 1383289200000, 1383375600000, 1383462000000, 1383552000000, 1383638400000, 1383724800000, 1383811200000, 1383897600000, 1383984000000, 1384070400000, 1384156800000, 1384243200000, 1384329600000, 1384416000000, 1384502400000, 1384588800000, 1384675200000, 1384761600000, 1384848000000, 1384934400000, 1385020800000, 1385107200000, 1385193600000, 1385280000000, 1385366400000, 1385452800000, 1385539200000, 1385625600000, 1385712000000, 1385798400000, 1385884800000, 1385971200000, 1386057600000, 1386144000000, 1386230400000, 1386316800000, 1386403200000, 1386489600000, 1386576000000, 1386662400000, 1386748800000, 1386835200000, 1386921600000, 1387008000000, 1387094400000, 1387180800000, 1387267200000, 1387353600000, 1387440000000, 1387526400000, 1387612800000, 1387699200000, 1387785600000, 1387872000000, 1387958400000, 1388044800000, 1388131200000, 1388217600000, 1388304000000, 1388390400000, 1388476800000, 1388563200000, 1388649600000, 1388736000000, 1388822400000, 1388908800000, 1388995200000, 1389081600000, 1389168000000, 1389254400000, 1389340800000, 1389427200000, 1389513600000, 1389600000000, 1389686400000, 1389772800000, 1389859200000, 1389945600000, 1390032000000, 1390118400000, 1390204800000, 1390291200000, 1390377600000, 1390464000000, 1390550400000, 1390636800000, 1390723200000, 1390809600000, 1390896000000, 1390982400000, 1391068800000, 1391155200000, 1391241600000, 1391328000000, 1391414400000, 1391500800000, 1391587200000, 1391673600000, 1391760000000, 1391846400000, 1391932800000, 1392019200000, 1392105600000, 1392192000000, 1392278400000, 1392364800000, 1392451200000, 1392537600000, 1392624000000, 1392710400000, 1392796800000, 1392883200000, 1392969600000, 1393056000000, 1393142400000, 1393228800000, 1393315200000, 1393401600000, 1393488000000, 1393574400000, 1393660800000, 1393747200000, 1393833600000, 1393920000000, 1394006400000, 1394092800000, 1394179200000, 1394265600000, 1394352000000, 1394434800000, 1394521200000, 1394607600000, 1394694000000, 1394780400000, 1394866800000, 1394953200000, 1395039600000, 1395126000000, 1395212400000, 1395298800000, 1395385200000, 1395471600000, 1395558000000, 1395644400000, 1395730800000, 1395817200000, 1395903600000, 1395990000000, 1396076400000, 1396162800000, 1396249200000, 1396335600000, 1396422000000, 1396508400000, 1396594800000, 1396681200000, 1396767600000, 1396854000000, 1396940400000, 1397026800000, 1397113200000, 1397199600000, 1397286000000, 1397372400000, 1397458800000, 1397545200000, 1397631600000, 1397718000000, 1397804400000, 1397890800000, 1397977200000, 1398063600000, 1398150000000, 1398236400000, 1398322800000, 1398409200000, 1398495600000, 1398582000000, 1398668400000, 1398754800000, 1398841200000, 1398927600000, 1399014000000, 1399100400000, 1399186800000, 1399273200000, 1399359600000, 1399446000000, 1399532400000, 1399618800000, 1399705200000, 1399791600000, 1399878000000, 1399964400000, 1400050800000, 1400137200000, 1400223600000, 1400310000000, 1400396400000, 1400482800000, 1400569200000, 1400655600000, 1400742000000, 1400828400000, 1400914800000, 1401001200000, 1401087600000, 1401174000000, 1401260400000, 1401346800000, 1401433200000, 1401519600000, 1401606000000, 1401692400000, 1401778800000, 1401865200000, 1401951600000, 1402038000000, 1402124400000, 1402210800000, 1402297200000, 1402383600000, 1402470000000, 1402556400000, 1402642800000, 1402729200000, 1402815600000, 1402902000000, 1402988400000, 1403074800000, 1403161200000, 1403247600000, 1403334000000, 1403420400000, 1403506800000, 1403593200000, 1403679600000, 1403766000000, 1403852400000, 1403938800000, 1404025200000, 1404111600000, 1404198000000, 1404284400000, 1404370800000, 1404457200000, 1404543600000, 1404630000000, 1404716400000, 1404802800000, 1404889200000, 1404975600000, 1405062000000, 1405148400000, 1405234800000, 1405321200000, 1405407600000, 1405494000000, 1405580400000, 1405666800000, 1405753200000, 1405839600000, 1405926000000, 1406012400000, 1406098800000, 1406185200000, 1406271600000, 1406358000000, 1406444400000, 1406530800000, 1406617200000, 1406703600000, 1406790000000, 1406876400000, 1406962800000, 1407049200000, 1407135600000, 1407222000000, 1407308400000, 1407394800000, 1407481200000, 1407567600000, 1407654000000, 1407740400000, 1407826800000, 1407913200000, 1407999600000, 1408086000000, 1408172400000, 1408258800000, 1408345200000, 1408431600000, 1408518000000, 1408604400000, 1408690800000, 1408777200000, 1408863600000, 1408950000000, 1409036400000, 1409122800000, 1409209200000, 1409295600000, 1409382000000, 1409468400000, 1409554800000, 1409641200000, 1409727600000, 1409814000000, 1409900400000, 1409986800000, 1410073200000, 1410159600000, 1410246000000, 1410332400000, 1410418800000, 1410505200000, 1410591600000, 1410678000000, 1410764400000, 1410850800000, 1410937200000, 1411023600000, 1411110000000, 1411196400000, 1411282800000, 1411369200000, 1411455600000, 1411542000000, 1411628400000, 1411714800000, 1411801200000, 1411887600000, 1411974000000, 1412060400000, 1412146800000, 1412233200000, 1412319600000, 1412406000000, 1412492400000, 1412578800000, 1412665200000, 1412751600000, 1412838000000, 1412924400000, 1413010800000, 1413097200000, 1413183600000, 1413270000000, 1413356400000, 1413442800000, 1413529200000, 1413615600000, 1413702000000, 1413788400000, 1413874800000, 1413961200000, 1414047600000, 1414134000000, 1414220400000, 1414306800000, 1414393200000, 1414479600000, 1414566000000, 1414652400000, 1414738800000, 1414825200000, 1414911600000, 1415001600000, 1415088000000, 1415174400000, 1415260800000, 1415347200000, 1415433600000, 1415520000000, 1415606400000, 1415692800000, 1415779200000, 1415865600000, 1415952000000, 1416038400000, 1416124800000, 1416211200000, 1416297600000, 1416384000000, 1416470400000, 1416556800000, 1416643200000, 1416729600000, 1416816000000, 1416902400000, 1416988800000, 1417075200000, 1417161600000, 1417248000000, 1417334400000, 1417420800000, 1417507200000, 1417593600000, 1417680000000, 1417766400000, 1417852800000, 1417939200000, 1418025600000, 1418112000000, 1418198400000, 1418284800000, 1418371200000, 1418457600000, 1418544000000, 1418630400000, 1418716800000, 1418803200000, 1418889600000, 1418976000000, 1419062400000, 1419148800000, 1419235200000, 1419321600000, 1419408000000, 1419494400000, 1419580800000, 1419667200000, 1419753600000, 1419840000000, 1419926400000, 1420012800000, 1420099200000, 1420185600000, 1420272000000, 1420358400000, 1420444800000, 1420531200000, 1420617600000, 1420704000000, 1420790400000, 1420876800000, 1420963200000, 1421049600000, 1421136000000, 1421222400000, 1421308800000, 1421395200000, 1421481600000, 1421568000000, 1421654400000, 1421740800000, 1421827200000, 1421913600000, 1422000000000, 1422086400000, 1422172800000, 1422259200000, 1422345600000, 1422432000000, 1422518400000, 1422604800000, 1422691200000, 1422777600000, 1422864000000, 1422950400000, 1423036800000, 1423123200000, 1423209600000, 1423296000000, 1423382400000, 1423468800000, 1423555200000, 1423641600000, 1423728000000, 1423814400000, 1423900800000, 1423987200000, 1424073600000, 1424160000000, 1424246400000, 1424332800000, 1424419200000, 1424505600000, 1424592000000, 1424678400000, 1424764800000, 1424851200000, 1424937600000, 1425024000000, 1425110400000, 1425196800000, 1425283200000, 1425369600000, 1425456000000, 1425542400000, 1425628800000, 1425715200000, 1425801600000, 1425884400000, 1425970800000, 1426057200000, 1426143600000, 1426230000000, 1426316400000, 1426402800000, 1426489200000, 1426575600000, 1426662000000, 1426748400000, 1426834800000, 1426921200000, 1427007600000, 1427094000000, 1427180400000, 1427266800000, 1427353200000, 1427439600000, 1427526000000, 1427612400000, 1427698800000, 1427785200000, 1427871600000, 1427958000000, 1428044400000, 1428130800000, 1428217200000, 1428303600000, 1428390000000, 1428476400000, 1428562800000, 1428649200000, 1428735600000, 1428822000000, 1428908400000, 1428994800000, 1429081200000, 1429167600000, 1429254000000, 1429340400000, 1429426800000, 1429513200000, 1429599600000, 1429686000000, 1429772400000, 1429858800000, 1429945200000, 1430031600000, 1430118000000, 1430204400000, 1430290800000, 1430377200000, 1430463600000, 1430550000000, 1430636400000, 1430722800000, 1430809200000, 1430895600000, 1430982000000, 1431068400000, 1431154800000, 1431241200000, 1431327600000, 1431414000000, 1431500400000, 1431586800000, 1431673200000, 1431759600000, 1431846000000, 1431932400000, 1432018800000, 1432105200000, 1432191600000, 1432278000000, 1432364400000, 1432450800000, 1432537200000, 1432623600000, 1432710000000, 1432796400000, 1432882800000, 1432969200000, 1433055600000, 1433142000000, 1433228400000, 1433314800000, 1433401200000, 1433487600000, 1433574000000, 1433660400000, 1433746800000, 1433833200000, 1433919600000, 1434006000000, 1434092400000, 1434178800000, 1434265200000, 1434351600000, 1434438000000, 1434524400000, 1434610800000, 1434697200000, 1434783600000, 1434870000000, 1434956400000, 1435042800000, 1435129200000, 1435215600000, 1435302000000, 1435388400000, 1435474800000, 1435561200000, 1435647600000, 1435734000000, 1435820400000, 1435906800000, 1435993200000, 1436079600000, 1436166000000, 1436252400000, 1436338800000, 1436425200000, 1436511600000, 1436598000000, 1436684400000, 1436770800000, 1436857200000, 1436943600000, 1437030000000, 1437116400000, 1437202800000, 1437289200000, 1437375600000, 1437462000000, 1437548400000, 1437634800000, 1437721200000, 1437807600000, 1437894000000, 1437980400000, 1438066800000, 1438153200000, 1438239600000, 1438326000000, 1438412400000, 1438498800000, 1438585200000, 1438671600000, 1438758000000, 1438844400000, 1438930800000, 1439017200000, 1439103600000, 1439190000000, 1439276400000, 1439362800000, 1439449200000, 1439535600000, 1439622000000, 1439708400000, 1439794800000, 1439881200000, 1439967600000, 1440054000000, 1440140400000, 1440226800000, 1440313200000, 1440399600000, 1440486000000, 1440572400000, 1440658800000, 1440745200000, 1440831600000, 1440918000000, 1441004400000, 1441090800000, 1441177200000, 1441263600000, 1441350000000, 1441436400000, 1441522800000, 1441609200000, 1441695600000, 1441782000000, 1441868400000, 1441954800000, 1442041200000, 1442127600000, 1442214000000, 1442300400000, 1442386800000, 1442473200000, 1442559600000, 1442646000000, 1442732400000, 1442818800000, 1442905200000, 1442991600000, 1443078000000, 1443164400000, 1443250800000, 1443337200000, 1443423600000, 1443510000000, 1443596400000, 1443682800000, 1443769200000, 1443855600000, 1443942000000, 1444028400000, 1444114800000, 1444201200000, 1444287600000, 1444374000000, 1444460400000, 1444546800000, 1444633200000, 1444719600000, 1444806000000, 1444892400000, 1444978800000, 1445065200000, 1445151600000, 1445238000000, 1445324400000, 1445410800000, 1445497200000, 1445583600000, 1445670000000, 1445756400000, 1445842800000, 1445929200000, 1446015600000, 1446102000000, 1446188400000, 1446274800000, 1446361200000, 1446451200000, 1446537600000, 1446624000000, 1446710400000, 1446796800000, 1446883200000, 1446969600000, 1447056000000, 1447142400000, 1447228800000, 1447315200000, 1447401600000, 1447488000000, 1447574400000, 1447660800000, 1447747200000, 1447833600000, 1447920000000, 1448006400000, 1448092800000, 1448179200000, 1448265600000, 1448352000000, 1448438400000, 1448524800000, 1448611200000, 1448697600000, 1448784000000, 1448870400000, 1448956800000, 1449043200000, 1449129600000, 1449216000000, 1449302400000, 1449388800000, 1449475200000, 1449561600000, 1449648000000, 1449734400000, 1449820800000, 1449907200000, 1449993600000, 1450080000000, 1450166400000, 1450252800000, 1450339200000, 1450425600000, 1450512000000, 1450598400000, 1450684800000, 1450771200000, 1450857600000, 1450944000000, 1451030400000, 1451116800000, 1451203200000, 1451289600000, 1451376000000, 1451462400000, 1451548800000, 1451635200000, 1451721600000, 1451808000000, 1451894400000, 1451980800000, 1452067200000, 1452153600000, 1452240000000, 1452326400000, 1452412800000, 1452499200000, 1452585600000, 1452672000000, 1452758400000, 1452844800000, 1452931200000, 1453017600000, 1453104000000, 1453190400000, 1453276800000, 1453363200000, 1453449600000, 1453536000000, 1453622400000, 1453708800000, 1453795200000, 1453881600000, 1453968000000, 1454054400000, 1454140800000, 1454227200000, 1454313600000, 1454400000000, 1454486400000, 1454572800000, 1454659200000, 1454745600000, 1454832000000, 1454918400000, 1455004800000, 1455091200000, 1455177600000, 1455264000000, 1455350400000, 1455436800000, 1455523200000, 1455609600000, 1455696000000, 1455782400000, 1455868800000, 1455955200000, 1456041600000, 1456128000000, 1456214400000, 1456300800000, 1456387200000, 1456473600000, 1456560000000, 1456646400000, 1456732800000, 1456819200000, 1456905600000, 1456992000000, 1457078400000, 1457164800000, 1457251200000, 1457337600000, 1457424000000, 1457510400000, 1457596800000, 1457683200000, 1457769600000, 1457856000000, 1457938800000, 1458025200000, 1458111600000, 1458198000000, 1458284400000, 1458370800000, 1458457200000, 1458543600000, 1458630000000, 1458716400000, 1458802800000, 1458889200000, 1458975600000, 1459062000000, 1459148400000, 1459234800000, 1459321200000, 1459407600000, 1459494000000, 1459580400000, 1459666800000, 1459753200000, 1459839600000, 1459926000000, 1460012400000, 1460098800000, 1460185200000, 1460271600000, 1460358000000, 1460444400000, 1460530800000, 1460617200000, 1460703600000, 1460790000000, 1460876400000, 1460962800000, 1461049200000, 1461135600000, 1461222000000, 1461308400000, 1461394800000, 1461481200000, 1461567600000, 1461654000000, 1461740400000, 1461826800000, 1461913200000, 1461999600000, 1462086000000, 1462172400000, 1462258800000, 1462345200000, 1462431600000, 1462518000000, 1462604400000, 1462690800000, 1462777200000, 1462863600000, 1462950000000, 1463036400000, 1463122800000, 1463209200000, 1463295600000, 1463382000000, 1463468400000, 1463554800000, 1463641200000, 1463727600000, 1463814000000, 1463900400000, 1463986800000, 1464073200000, 1464159600000, 1464246000000, 1464332400000, 1464418800000, 1464505200000, 1464591600000, 1464678000000, 1464764400000, 1464850800000, 1464937200000, 1465023600000, 1465110000000, 1465196400000, 1465282800000, 1465369200000, 1465455600000, 1465542000000, 1465628400000, 1465714800000, 1465801200000, 1465887600000, 1465974000000, 1466060400000, 1466146800000, 1466233200000, 1466319600000, 1466406000000, 1466492400000, 1466578800000, 1466665200000, 1466751600000, 1466838000000, 1466924400000, 1467010800000, 1467097200000, 1467183600000, 1467270000000, 1467356400000, 1467442800000, 1467529200000, 1467615600000, 1467702000000, 1467788400000, 1467874800000, 1467961200000, 1468047600000, 1468134000000, 1468220400000, 1468306800000, 1468393200000, 1468479600000, 1468566000000, 1468652400000, 1468738800000, 1468825200000, 1468911600000, 1468998000000, 1469084400000, 1469170800000, 1469257200000, 1469343600000, 1469430000000, 1469516400000, 1469602800000, 1469689200000, 1469775600000, 1469862000000, 1469948400000, 1470034800000, 1470121200000, 1470207600000, 1470294000000, 1470380400000, 1470466800000, 1470553200000, 1470639600000, 1470726000000, 1470812400000, 1470898800000, 1470985200000, 1471071600000, 1471158000000, 1471244400000, 1471330800000, 1471417200000, 1471503600000, 1471590000000, 1471676400000, 1471762800000, 1471849200000, 1471935600000, 1472022000000, 1472108400000, 1472194800000, 1472281200000, 1472367600000, 1472454000000, 1472540400000, 1472626800000, 1472713200000, 1472799600000, 1472886000000, 1472972400000, 1473058800000, 1473145200000, 1473231600000, 1473318000000, 1473404400000, 1473490800000, 1473577200000, 1473663600000, 1473750000000, 1473836400000, 1473922800000, 1474009200000, 1474095600000, 1474182000000, 1474268400000, 1474354800000, 1474441200000, 1474527600000, 1474614000000, 1474700400000, 1474786800000, 1474873200000, 1474959600000, 1475046000000, 1475132400000, 1475218800000, 1475305200000, 1475391600000, 1475478000000, 1475564400000, 1475650800000, 1475737200000, 1475823600000, 1475910000000, 1475996400000, 1476082800000, 1476169200000, 1476255600000, 1476342000000, 1476428400000, 1476514800000, 1476601200000, 1476687600000, 1476774000000, 1476860400000, 1476946800000, 1477033200000, 1477119600000, 1477206000000, 1477292400000, 1477378800000, 1477465200000, 1477551600000, 1477638000000, 1477724400000, 1477810800000, 1477897200000, 1477983600000, 1478070000000, 1478156400000, 1478242800000, 1478329200000, 1478415600000, 1478505600000, 1478592000000, 1478678400000, 1478764800000, 1478851200000, 1478937600000, 1479024000000, 1479110400000, 1479196800000, 1479283200000, 1479369600000, 1479456000000, 1479542400000, 1479628800000, 1479715200000, 1479801600000, 1479888000000, 1479974400000, 1480060800000, 1480147200000, 1480233600000, 1480320000000, 1480406400000, 1480492800000, 1480579200000, 1480665600000, 1480752000000, 1480838400000, 1480924800000, 1481011200000, 1481097600000, 1481184000000, 1481270400000, 1481356800000, 1481443200000, 1481529600000, 1481616000000, 1481702400000, 1481788800000, 1481875200000, 1481961600000, 1482048000000, 1482134400000, 1482220800000, 1482307200000, 1482393600000, 1482480000000, 1482566400000, 1482652800000, 1482739200000, 1482825600000, 1482912000000, 1482998400000, 1483084800000, 1483171200000, 1483257600000, 1483344000000, 1483430400000, 1483516800000, 1483603200000, 1483689600000, 1483776000000, 1483862400000, 1483948800000, 1484035200000, 1484121600000, 1484208000000, 1484294400000, 1484380800000, 1484467200000, 1484553600000, 1484640000000, 1484726400000, 1484812800000, 1484899200000, 1484985600000, 1485072000000, 1485158400000, 1485244800000, 1485331200000, 1485417600000, 1485504000000, 1485590400000, 1485676800000, 1485763200000, 1485849600000, 1485936000000, 1486022400000, 1486108800000, 1486195200000, 1486281600000, 1486368000000, 1486454400000, 1486540800000, 1486627200000, 1486713600000, 1486800000000, 1486886400000, 1486972800000, 1487059200000, 1487145600000, 1487232000000, 1487318400000, 1487404800000, 1487491200000, 1487577600000, 1487664000000, 1487750400000, 1487836800000, 1487923200000, 1488009600000, 1488096000000, 1488182400000, 1488268800000, 1488355200000, 1488441600000, 1488528000000, 1488614400000, 1488700800000, 1488787200000, 1488873600000, 1488960000000, 1489046400000, 1489132800000, 1489219200000, 1489305600000, 1489388400000, 1489474800000, 1489561200000, 1489647600000, 1489734000000, 1489820400000, 1489906800000, 1489993200000, 1490079600000, 1490166000000, 1490252400000, 1490338800000, 1490425200000, 1490511600000, 1490598000000, 1490684400000, 1490770800000, 1490857200000, 1490943600000, 1491030000000, 1491116400000, 1491202800000, 1491289200000, 1491375600000, 1491462000000, 1491548400000, 1491634800000, 1491721200000, 1491807600000, 1491894000000, 1491980400000, 1492066800000, 1492153200000, 1492239600000, 1492326000000, 1492412400000, 1492498800000, 1492585200000, 1492671600000, 1492758000000, 1492844400000, 1492930800000, 1493017200000, 1493103600000, 1493190000000, 1493276400000, 1493362800000, 1493449200000, 1493535600000, 1493622000000, 1493708400000, 1493794800000, 1493881200000, 1493967600000, 1494054000000, 1494140400000, 1494226800000, 1494313200000, 1494399600000, 1494486000000, 1494572400000, 1494658800000, 1494745200000, 1494831600000, 1494918000000, 1495004400000, 1495090800000, 1495177200000, 1495263600000, 1495350000000, 1495436400000]}}]]></graph_data><return_code><![CDATA[0]]></return_code></root>