<?xml version="1.0" encoding="utf-8"?><root><html_content><![CDATA[

      <div id="watch-actions-stats" class="watch-actions-stats-rats stats-cumulative top-selected-views" data-current-mode-css="stats-mode-daily" data-current-top-site-css="top-selected-views" data-current-metric-css="stats-metric-views">
        <div class="stats-header">
    <h1>
      <span class="stats-header-text yt-card-title">Video statistics</span>
<span class="stats-sub-header">Through May 22, 2017  
  <span class="yt-uix-clickcard">
    <button class="yt-uix-clickcard-target" aria-label="Learn more." aria-haspopup="true" data-position="topleft" type="button">
      <span class="yt-help-icon yt-sprite"></span>
    </button>
    <span class="yt-uix-clickcard-content" role="dialog" aria-label="Learn more." aria-describedby="322628700567777278">
      <button class="yt-uix-clickcard-close" aria-label="Close learn more dialog."></button>
      <p id="322628700567777278">The video statistics shown below are updated daily. They may lag behind the view count shown directly beneath the video, which updates many times a day.
      </p>
    </span>
  </span>

</span>
    </h1>

  </div>

        <table class="stats-bragbar-container yt-uix-button-group yt-uix-tabs" data-uix-tabs-selected-extra-class="yt-uix-button-toggled">
    <tr>
          <td class="stats-bragbar stats-bragbar-views yt-uix-button yt-uix-tabs-tab  yt-uix-tabs-selected yt-uix-button-toggled" data-uix-tabs-target-id="stats-chart-tab-views" data-top-site-css="top-selected-views" data-metric-css="stats-metric-views" style="border-bottom-color: #73c421">
    <span class="metric-label">Views</span>
    <div class="bragbar-metric-large">221,550,276</div>
  </td>

          <td class="stats-bragbar stats-bragbar-subscribers yt-uix-button yt-uix-tabs-tab " data-uix-tabs-target-id="stats-chart-tab-subscribers" data-top-site-css="top-selected-views" data-metric-css="stats-metric-subscribers" style="border-bottom-color: #e62117">
    <span class="metric-label">Subscriptions driven</span>
    <div class="bragbar-metric-large">139,401</div>
  </td>

          <td class="stats-bragbar stats-bragbar-shares yt-uix-button yt-uix-tabs-tab " data-uix-tabs-target-id="stats-chart-tab-shares" data-top-site-css="top-selected-views" data-metric-css="stats-metric-shares" style="border-bottom-color: #8882ef">
    <span class="metric-label">Shares</span>
    <div class="bragbar-metric-large">615,124</div>
  </td>

    </tr>
  </table>

  <div class="stats-charts-container">
      <div id="stats-chart-tab-views" class="stats-chart-menu ">
      </div>
      <div id="stats-chart-tab-subscribers" class="stats-chart-menu  hid">
      </div>
      <div id="stats-chart-tab-shares" class="stats-chart-menu  hid">
      </div>

    <div class="stats-chart-gviz"></div>

  </div>



  </div>

]]></html_content><return_code><![CDATA[0]]></return_code><graph_data><![CDATA[{"subscribers": {"daily": {"data": [1928, 1773, 1752, 1540, 1294, 953, 725, 709, 548, 424, 407, 528, 370, 420, 417, 429, 346, 323, 287, 293, 320, 357, 377, 307, 352, 268, 288, 256, 329, 335, 316, 281, 271, 339, 318, 308, 328, 283, 266, 233, 287, 281, 310, 324, 303, 303, 308, 306, 289, 304, 296, 245, 271, 259, 256, 257, 264, 257, 229, 248, 221, 234, 250, 284, 307, 255, 228, 230, 221, 238, 247, 304, 251, 234, 240, 221, 212, 226, 293, 246, 219, 217, 238, 214, 255, 280, 257, 230, 214, 259, 247, 251, 321, 247, 261, 249, 213, 229, 284, 269, 261, 233, 189, 191, 210, 255, 285, 234, 175, 171, 146, 171, 204, 254, 242, 201, 179, 176, 159, 172, 192, 178, 187, 164, 171, 142, 186, 199, 165, 132, 145, 158, 138, 152, 143, 149, 167, 186, 207, 189, 180, 184, 167, 162, 155, 152, 155, 163, 144, 149, 152, 146, 140, 141, 155, 155, 126, 170, 131, 111, 124, 117, 108, 98, 107, 131, 124, 145, 134, 144, 109, 104, 111, 111, 120, 125, 102, 118, 105, 102, 95, 110, 104, 107, 120, 113, 92, 100, 121, 139, 133, 100, 96, 95, 96, 87, 116, 125, 83, 92, 101, 95, 115, 160, 158, 135, 125, 121, 108, 103, 97, 135, 117, 107, 89, 86, 91, 98, 120, 108, 76, 78, 99, 101, 144, 145, 112, 100, 101, 96, 97, 122, 130, 125, 115, 103, 110, 121, 124, 144, 93, 92, 111, 100, 93, 119, 111, 122, 97, 80, 102, 112, 116, 100, 107, 91, 91, 83, 98, 105, 111, 100, 83, 91, 91, 81, 87, 103, 94, 70, 76, 91, 108, 77, 104, 90, 69, 85, 66, 86, 75, 97, 76, 94, 68, 62, 78, 73, 73, 70, 66, 51, 62, 106, 129, 135, 136, 110, 131, 116, 104, 125, 136, 104, 92, 69, 73, 93, 98, 96, 101, 66, 68, 74, 90, 88, 94, 81, 86, 60, 86, 93, 92, 96, 97, 104, 117, 112, 90, 102, 108, 94, 76, 95, 98, 80, 105, 109, 111, 122, 101, 99, 99, 97, 91, 90, 78, 94, 95, 96, 100, 104, 84, 112, 92, 100, 93, 90, 91, 95, 94, 77, 98, 59, 73, 99, 90, 82, 72, 97, 77, 79, 83, 75, 76, 79, 66, 72, 90, 91, 60, 65, 53, 65, 72, 62, 88, 59, 63, 77, 54, 59, 89, 93, 92, 63, 60, 88, 81, 105, 106, 87, 86, 92, 88, 90, 93, 100, 71, 106, 104, 118, 87, 88, 107, 85, 87, 72, 79, 81, 94, 112, 93, 69, 56, 81, 77, 92, 86, 70, 62, 65, 70, 66, 67, 101, 92, 82, 98, 112, 108, 113, 119, 88, 90, 88, 94, 86, 90, 110, 90, 86, 80, 84, 72, 112, 94, 98, 87, 89, 96, 101, 101, 104, 99, 71, 68, 97, 85, 96, 106, 68, 69, 90, 85, 92, 74, 91, 76, 64, 76, 70, 65, 73, 75, 62, 68, 65, 65, 80, 73, 76, 77, 51, 91, 81, 88, 84, 86, 84, 89, 87, 87, 76, 96, 85, 63, 57, 67, 86, 64, 48, 63, 61, 57, 52, 77, 73, 80, 67, 83, 69, 82, 69, 65, 79, 76, 71, 63, 72, 82, 80, 83, 93, 51, 66, 88, 64, 87, 85, 75, 73, 62, 75, 60, 79, 68, 78, 72, 72, 58, 60, 75, 85, 78, 65, 68, 60, 72, 60, 74, 92, 90, 85, 78, 63, 73, 74, 74, 57, 64, 55, 77, 66, 69, 79, 69, 72, 62, 57, 67, 61, 63, 63, 52, 77, 80, 59, 67, 53, 85, 69, 42, 77, 58, 90, 82, 62, 62, 58, 85, 80, 83, 97, 73, 62, 59, 96, 89, 101, 98, 106, 92, 67, 85, 84, 103, 140, 112, 93, 100, 102, 113, 131, 129, 101, 89, 105, 92, 88, 97, 101, 82, 86, 69, 95, 87, 81, 84, 68, 88, 92, 95, 90, 67, 108, 98, 79, 96, 79, 96, 98, 121, 98, 82, 101, 106, 120, 112, 110, 99, 112, 78, 97, 74, 90, 86, 69, 82, 82, 74, 76, 78, 81, 73, 74, 71, 63, 76, 93, 74, 74, 72, 80, 77, 95, 106, 85, 81, 102, 94, 92, 91, 94, 115, 79, 96, 74, 79, 96, 84, 115, 111, 83, 74, 84, 81, 92, 91, 82, 77, 91, 90, 70, 89, 99, 64, 62, 87, 112, 92, 107, 101, 80, 74, 69, 76, 85, 67, 98, 80, 80, 71, 76, 90, 111, 92, 83, 67, 68, 69, 91, 90, 113, 88, 86, 89, 62, 86, 97, 88, 75, 73, 70, 71, 78, 86, 91, 66, 89, 69, 89, 84, 77, 74, 59, 66, 78, 78, 56, 94, 64, 72, 41, 65, 75, 70, 58, 77, 55, 60, 67, 48, 48, 69, 55, 50, 65, 53, 70, 69, 61, 72, 46, 54, 75, 52, 64, 74, 68, 64, 58, 59, 68, 71, 72, 77, 56, 67, 80, 60, 76, 61, 80, 73, 79, 66, 67, 66, 82, 86, 73, 57, 64, 60, 54, 64, 77, 69, 58, 69, 63, 86, 82, 92, 69, 83, 60, 59, 70, 80, 82, 79, 62, 83, 59, 67, 65, 57, 52, 41, 43, 55, 48, 47, 61, 61, 39, 53, 57, 56, 60, 43, 56, 49, 45, 52, 36, 70, 54, 47, 53, 52, 39, 45, 48, 54, 51, 55, 56, 54, 44, 37, 73, 57, 49, 42, 57, 57, 49, 47, 44, 44, 40, 45, 42, 63, 49, 48, 41, 59, 51, 50, 63, 82, 60, 67, 56, 57, 54, 79, 55, 49, 56, 46, 46, 33, 59, 47, 53, 48, 46, 46, 46, 38, 53, 37, 52, 81, 79, 50, 65, 48, 36, 47, 49, 66, 48, 49, 55, 39, 47, 36, 42, 47, 55, 48, 38, 39, 31, 48, 51, 55, 54, 40, 40, 37, 45, 43, 50, 42, 37, 28, 41, 37, 43, 53, 63, 61, 46, 40, 55, 47, 56, 51, 41, 33, 41, 33, 36, 43, 48, 38, 37, 33, 33, 32, 44, 42, 27, 37, 39, 33, 49, 36, 50, 40, 48, 52, 56, 35, 35, 56, 43, 42, 48, 51, 37, 46, 39, 42, 35, 37, 48, 57, 37, 47, 51, 28, 37, 24, 30, 39, 49, 44, 37, 37, 34, 46, 47, 50, 43, 47, 39, 42, 43, 50, 46, 41, 37, 39, 44, 31, 41, 36, 44, 47, 46, 34, 34, 52, 44, 36, 38, 40, 47, 38, 49, 54, 43, 39, 32, 7, 34, 38, 64, 34, 35, 35, 24, 41, 32, 30, 26, 40, 39, 42, 42, 46, 35, 22, 38, 43, 40, 46, 52, 67, 50, 49, 46, 45, 49, 50, 38, 51, 42, 35, 29, 28, 44, 38, 38, 32, 42, 36, 45, 37, 51, 40, 38, 42, 50, 52, 45, 35, 43, 27, 32, 44, 42, 40, 58, 48, 40, 26, 36, 43, 54, 48, 58, 42, 47, 38, 47, 42, 41, 39, 37, 33, 38, 44, 43, 36, 42, 37, 40, 49, 41, 45, 46, 37, 48, 36, 34, 33, 58, 43, 43, 48, 33, 45, 35, 49, 48, 36, 46, 41, 47, 33, 54, 44, 44, 27, 33, 47, 38, 42, 44, 33, 41, 36, 47, 50, 54, 49, 38, 46, 47, 40, 29, 36, 43, 46, 23, 37, 27, 38, 34, 36, 36, 24, 28, 33, 32, 26, 38, 42, 34, 33, 35, 33, 36, 41, 28, 27, 27, 22, 36, 21, 36, 30, 22, 38, 31, 34, 37, 40, 31, 30, 43, 33, 43, 33, 29, 29, 40, 41, 38, 45, 30, 42, 33, 20, 32, 39, 35, 35, 41, 33, 39, 41, 37, 35, 30, 43, 43, 32, 30, 39, 37, 45, 43, 28, 30, 42, 38, 38, 41, 35, 31, 34, 30, 24, 37, 40, 39, 39, 41, 41, 36, 36, 41, 41, 32, 38, 45, 29, 26, 37, 44, 32, 31, 34, 33, 32, 38, 38, 34, 25, 27, 30, 28, 43, 51, 37, 42, 37, 46, 24, 49, 48, 42, 39, 38, 38, 39, 39, 44, 36, 34, 41, 25, 33, 39, 26, 35, 31, 33, 37, 50, 33, 43, 37, 33, 28, 37, 33, 35, 38, 27, 32, 49, 44, 39, 43, 31, 32, 29, 42, 26, 40, 40, 33, 42, 28, 33, 30, 31, 40, 44, 29, 24, 30, 31, 30, 38, 41, 37, 40, 35, 28, 21, 34, 33, 38, 32, 25, 36, 29, 29, 41, 33, 26, 30, 34, 35, 29, 25, 33, 27, 24, 26, 24, 32, 29, 19, 20, 34, 23, 32, 23, 37, 21, 24, 30, 33, 26, 21, 25, 20, 26, 29, 26, 28, 26, 31, 22, 18, 31, 34, 21, 32, 29, 29, 13, 19, 25, 27, 27, 24, 29, 29, 31, 21, 22, 28, 36, 26, 22, 26, 26, 42, 17, 24, 26, 31, 25, 24, 24, 26, 27, 27, 34, 28, 27, 27, 27, 35, 26, 21, 27, 27, 33, 29, 32, 32, 23, 32, 25, 28, 24, 27, 30, 24, 23, 29, 33, 29, 34, 20, 20, 26, 18, 37, 35, 28, 27, 21, 16, 14, 27, 33, 32, 22, 22, 25, 25, 26, 34, 29, 19, 20, 26, 24, 23, 28, 36, 16, 26, 30, 24, 23, 21, 32, 29, 24, 23, 22, 26, 32, 29, 27, 29, 22, 26, 22, 27, 26, 31, 17, 18, 25, 28, 29, 31, 33, 23, 23, 17, 26, 21, 27, 14, 17, 25, 20, 22, 28, 21, 17, 19, 13, 21, 18, 12, 20, 26, 21, 21, 21, 15, 25, 21, 19, 11, 21, 21, 15, 15, 25, 13, 9, 23, 24, 21, 16, 22, 20, 21, 19, 28, 23, 16, 17, 20, 16, 24, 20, 20, 18, 12, 12, 17, 19, 21, 16, 24, 20, 22, 20, 21, 21, 23, 30, 23, 9, 31, 20, 16, 32, 29, 19, 14, 23, 28, 14, 23, 23, 12, 14, 20, 25, 19, 20, 28, 24, 24, 14, 25, 14, 15, 20, 18, 19, 22, 24, 25, 15, 33, 35, 24, 23, 27, 22, 20, 24, 20, 16, 20, 16, 12, 24, 26, 23, 21, 23, 17, 18, 13, 20, 25, 10, 10, 13, 17, 22, 25, 20, 16, 11, 14, 11, 19, 17, 15, 22, 10, 22, 18, 26, 13, 39, 14, 19, 23, 20, 23, 35, 25, 21, 27, 13, 11, 17, 9, 11, 17, 20, 17, 15, 17, 16, 11, 13, 10, 10, 18, 16, 20, 23, 17, 12, 16, 22, 17, 19, 13, 12, 14, 16, 18, 16, 18, 20, 19, 16, 12, 14, 16, 18, 31, 25, 21, 21, 18, 17, 22, 19, 19, 15, 11, 15, 16, 14, 14, 21, 15, 13, 16, 20, 20, 14, 14, 20, 16, 19, 22, 19, 23, 16, 9, 20, 15, 22, 16, 25, 13, 14, 19, 15, 21, 12, 18, 15, 15, 14, 24, 15, 15, 17, 11, 13, 18, 12, 8, 12, 6, 16, 10, 10, 8, 10, 16, 15, 13, 7, 0, 0, 0, 0, 0, 0, 0, 0, 0, 0, 0, 12, 17, 18, 23, 15, 20, 19, 23, 12, 17, 19, 16, 8, 22, 18, 12, 13, 7, 15, 21, 20, 17, 7, 15, 15, 16, 14, 15, 18, 17, 16, 15, 14, 18, 18, 21, 22, 20, 13, 20, 17, 18, 21, 13, 11, 16, 11, 16, 26, 23, 21, 22, 17, 15, 15, 19, 24, 10, 11, 13, 20, 17, 15, 24, 18, 17, 15, 16, 25, 21, 18, 17, 16, 13, 12, 19, 17, 13, 8, 18, 13, 15, 12, 17, 12, 12, 14, 12, 16, 19, 12, 21, 19, 14, 11, 10, 12, 20, 18, 16, 12, 15, 17, 15, 17, 24, 19, 12, 19, 22, 25, 14, 12, 16, 18], "opt": {"chartArea": {"top": 30, "left": 60.0}, "legend": {"position": "none"}, "pointSize": 0, "tooltip": {"trigger": "none"}, "colors": ["#e62117"], "enableInteractivity": false, "hAxis": {"baselineColor": "transparent", "gridlines": {"color": "transparent"}, "textStyle": {"color": "#666"}, "slantedText": false, "viewWindow": {}}, "vAxis": {"gridlines": {"color": "#f0f0f0"}, "maxValue": 1929, "minValue": 0, "titleTextStyle": {"color": "#666"}, "baselineColor": "#e2e2e2", "textStyle": {"color": "#666"}}}}}, "views": {"daily": {"data": [1072708, 869452, 887256, 950489, 901648, 775656, 591918, 570248, 473954, 406781, 379887, 509766, 362991, 377096, 431533, 438792, 373519, 346837, 341228, 346768, 347235, 382731, 409568, 316860, 370146, 323234, 313580, 312414, 331308, 347137, 337355, 321144, 327800, 347260, 358745, 372544, 399633, 346603, 321475, 329003, 339133, 374605, 423159, 431517, 383967, 373415, 375413, 395532, 393210, 387427, 378648, 349014, 341050, 319389, 309761, 318218, 346362, 360285, 319335, 307463, 303033, 309544, 319737, 348031, 384094, 349869, 318321, 316371, 324363, 334797, 348750, 378220, 338829, 328714, 302623, 281455, 288319, 318972, 332832, 285670, 262145, 294607, 319037, 314050, 360685, 398883, 348909, 320717, 319290, 326187, 337728, 359225, 374807, 322681, 299891, 299821, 305081, 299299, 350664, 373511, 339026, 327418, 303061, 309045, 323908, 389591, 412688, 360487, 297840, 289819, 297749, 293240, 298425, 373636, 329880, 311772, 273586, 292965, 284512, 304394, 320347, 289628, 275419, 262013, 261687, 257926, 286756, 281606, 249539, 256191, 264394, 268349, 262048, 275176, 262220, 240139, 262743, 269487, 267867, 269197, 274071, 268144, 242884, 248645, 244945, 242817, 241430, 248297, 249205, 232871, 240111, 235010, 232020, 231559, 240186, 242030, 211334, 224875, 204119, 190392, 195131, 195984, 195408, 181008, 188473, 198409, 190694, 189585, 200150, 194758, 169634, 169147, 168976, 175097, 178750, 188133, 182615, 166353, 168729, 166353, 161264, 164668, 174350, 183042, 169687, 161460, 163654, 168004, 173564, 185284, 188994, 166766, 157900, 157400, 160096, 159700, 165424, 169992, 150330, 141774, 137441, 140063, 168990, 212405, 217766, 199118, 178709, 169682, 171650, 174084, 195593, 212272, 170743, 151750, 143405, 144894, 154082, 182918, 200293, 169647, 144247, 143901, 153273, 156607, 179560, 195037, 170736, 148231, 153658, 164134, 165905, 197169, 219213, 182292, 168071, 163496, 174698, 179980, 195984, 213982, 178427, 160686, 150037, 165289, 163812, 188638, 198419, 182950, 149602, 158027, 158612, 157493, 172045, 190708, 159734, 150019, 147547, 145174, 155010, 174912, 194724, 167533, 148595, 137857, 135900, 140846, 160467, 182124, 152906, 137612, 135872, 141277, 145316, 141529, 159532, 137581, 120537, 125844, 136316, 129680, 136617, 141116, 118516, 110867, 108746, 101956, 106771, 121718, 132062, 111335, 104091, 108752, 114142, 133841, 132834, 146038, 128600, 108087, 109801, 108020, 111581, 128581, 136764, 105783, 101808, 83038, 82548, 83288, 94202, 98826, 99015, 101994, 98252, 101657, 109416, 103250, 106256, 108892, 124888, 87493, 93432, 94048, 97297, 101401, 90724, 82323, 89686, 97108, 98627, 103547, 109398, 95963, 84091, 88066, 87677, 92121, 107553, 133803, 103809, 99228, 81687, 107822, 112184, 117884, 120955, 101664, 95837, 97343, 111310, 108236, 122728, 134568, 112855, 105608, 110357, 111984, 112419, 112418, 120352, 108720, 98503, 93640, 91913, 83371, 101469, 109161, 99736, 90091, 88043, 94121, 94697, 105254, 108772, 90375, 78738, 84780, 84871, 89980, 99367, 112908, 95625, 82983, 77628, 79043, 86720, 88016, 102460, 83765, 79087, 78995, 80358, 83628, 94211, 110813, 88293, 78970, 82292, 90655, 97027, 107717, 122953, 93188, 88412, 93366, 93114, 98293, 103434, 105387, 92117, 95774, 101123, 120686, 101995, 101714, 111064, 86032, 76275, 81294, 84839, 91950, 107210, 115932, 93126, 81762, 87478, 91768, 91346, 98946, 89798, 78906, 77550, 81583, 84523, 79148, 84908, 104291, 87312, 78412, 78927, 101384, 101243, 109060, 126914, 103570, 95443, 95420, 99333, 104737, 111398, 125533, 101223, 94654, 97417, 103696, 102487, 116152, 126745, 105801, 95332, 93352, 93159, 100206, 106664, 116358, 98939, 93283, 94117, 97563, 100649, 106409, 113350, 97261, 91429, 94656, 94171, 95809, 95841, 102573, 91320, 85131, 86647, 82381, 85076, 87779, 86031, 75591, 71946, 72290, 72181, 74357, 78825, 81704, 63395, 64824, 81383, 86114, 97194, 98232, 106038, 94199, 101265, 106141, 101770, 103159, 104985, 99783, 80476, 84619, 82895, 82340, 78128, 73380, 83777, 75335, 80159, 77852, 81352, 87798, 88505, 88364, 81678, 85974, 89939, 82772, 83775, 90064, 88879, 82264, 86439, 87350, 88198, 88031, 91668, 88942, 82750, 82410, 85730, 86501, 91854, 89180, 86974, 81171, 83067, 84678, 86373, 85471, 89716, 89622, 84597, 82013, 79883, 81727, 84432, 88757, 91581, 82039, 78357, 78500, 77892, 83438, 93653, 99874, 89831, 83802, 82038, 82766, 82899, 85762, 93220, 80317, 73544, 74103, 74949, 76273, 83697, 85940, 76970, 67748, 72399, 72093, 77458, 89038, 100232, 89044, 78681, 79946, 78979, 81856, 92979, 94058, 82942, 78328, 80737, 82686, 84425, 95343, 101556, 86664, 78629, 81787, 88437, 90922, 93780, 102991, 95325, 87042, 87640, 90244, 93275, 108539, 110268, 93819, 86000, 86719, 92029, 100624, 108552, 116230, 100663, 95375, 96536, 94538, 100427, 114642, 130919, 116071, 99557, 107913, 106182, 107125, 119215, 130022, 100428, 90318, 88022, 92164, 94059, 98107, 107818, 97481, 85661, 87874, 92580, 91927, 98601, 119558, 107229, 95408, 93841, 101972, 106110, 109603, 123016, 102885, 93263, 101946, 110404, 114393, 115764, 128531, 107747, 95143, 86969, 90729, 86296, 93264, 96110, 74310, 70123, 67611, 74225, 76783, 83429, 82588, 77302, 76853, 86306, 77550, 75875, 90601, 90113, 83358, 89525, 115159, 81564, 84258, 100964, 99566, 82951, 81042, 84322, 90480, 93565, 95450, 112445, 98472, 78778, 82816, 90170, 89978, 99756, 109360, 95252, 84169, 83982, 84864, 86991, 91254, 96413, 78507, 69005, 77786, 78244, 78258, 88162, 99388, 72017, 58694, 64760, 82539, 77669, 85573, 96068, 84173, 76361, 75910, 77998, 86273, 94420, 105516, 88775, 80636, 81129, 80984, 81232, 95004, 102705, 89010, 76780, 77416, 81428, 85909, 93654, 103536, 88275, 82215, 79382, 80645, 83395, 94329, 101007, 84487, 77424, 74601, 75654, 80377, 86168, 98717, 84287, 76486, 74824, 80127, 84152, 88595, 101904, 85169, 78744, 86803, 85613, 85363, 91165, 104937, 84608, 76292, 78151, 78983, 86523, 98901, 104564, 95988, 88802, 85461, 86205, 84747, 88317, 88683, 73936, 73984, 77404, 78529, 81687, 83150, 83583, 76546, 74332, 76845, 74467, 78727, 88457, 95449, 84487, 70225, 70741, 85786, 98493, 100591, 101490, 90585, 83310, 84118, 86751, 89037, 96813, 101044, 89296, 89865, 91765, 91627, 85156, 90930, 95961, 84309, 77395, 76477, 75913, 81535, 90851, 93584, 84057, 78544, 77865, 88392, 104716, 111318, 113772, 100111, 94861, 90825, 92905, 99562, 101793, 103439, 94111, 92066, 91656, 95316, 91099, 96826, 95516, 74176, 73454, 71708, 74753, 78958, 83156, 82941, 74829, 73440, 77252, 78522, 87035, 91938, 83639, 76171, 81666, 79675, 80553, 82259, 82586, 81734, 77339, 82896, 80345, 80880, 89076, 89316, 85925, 75878, 83074, 86283, 89272, 84718, 89418, 97808, 82442, 71494, 72009, 74680, 82138, 83904, 83198, 75010, 77940, 75923, 77481, 81322, 84921, 83910, 77493, 80532, 81359, 81464, 85956, 116256, 120453, 105141, 101009, 101423, 105456, 108052, 116903, 123515, 92391, 83713, 80857, 83700, 87809, 91998, 94004, 83833, 79816, 83515, 85549, 86620, 92396, 94749, 84388, 83569, 89733, 89736, 89638, 95511, 104491, 89398, 83668, 82952, 85160, 87842, 95870, 102950, 89538, 82544, 87638, 87405, 84758, 93728, 102456, 77839, 69473, 72258, 73096, 78245, 84781, 92327, 77567, 74195, 72934, 75268, 82924, 89265, 96464, 86129, 78996, 80965, 84051, 97210, 106192, 115275, 100547, 94003, 95879, 98894, 99450, 105939, 112302, 98558, 77761, 78442, 80391, 85686, 92049, 94398, 80075, 73572, 73233, 76361, 76705, 80378, 88199, 78824, 72499, 72823, 75491, 84753, 92131, 100467, 87052, 83336, 84988, 82601, 88563, 97247, 105343, 98789, 90985, 91985, 94950, 101947, 108087, 116779, 103191, 94681, 98273, 103441, 105338, 108511, 113276, 99640, 94735, 92050, 92204, 98984, 106096, 111622, 100994, 93726, 93973, 97320, 101392, 107370, 113023, 99492, 96078, 96510, 100083, 106177, 111069, 114035, 104392, 103098, 108428, 109881, 98073, 100717, 97452, 110817, 118931, 127245, 143199, 105871, 117165, 119260, 106415, 103001, 104157, 105437, 108278, 118899, 132259, 113103, 102866, 107327, 109307, 112555, 112119, 120857, 92860, 88252, 83361, 85173, 90243, 96152, 106405, 90211, 88910, 91697, 92953, 95943, 101570, 105784, 91017, 87533, 90945, 92973, 93124, 122824, 132577, 113370, 107515, 111335, 112314, 108445, 109638, 117264, 102369, 102862, 101045, 96981, 100655, 107187, 114856, 102749, 99677, 100978, 100680, 108138, 116107, 128091, 113079, 105671, 105137, 106321, 107179, 119665, 135141, 111534, 103677, 103065, 104175, 105049, 112917, 127933, 113386, 105216, 104633, 111945, 114974, 124001, 136750, 116805, 107449, 108755, 112360, 110020, 119057, 129910, 113331, 106863, 107823, 112722, 116011, 118286, 121680, 112211, 106158, 106429, 106446, 110911, 115854, 123720, 107536, 98886, 99566, 100552, 107030, 115398, 122494, 109007, 101967, 100509, 101557, 108346, 121328, 133654, 116814, 107850, 112846, 114840, 124063, 132651, 131893, 117394, 112136, 114359, 111512, 112430, 117611, 126190, 109102, 105310, 105234, 107906, 112871, 122587, 129781, 111694, 102875, 104293, 104748, 106985, 112632, 118878, 104122, 100819, 95892, 96263, 99367, 105816, 110763, 96454, 90095, 97390, 104427, 101046, 102187, 111705, 97328, 92016, 98267, 98164, 100553, 105960, 109410, 96893, 94941, 94689, 93972, 97445, 103770, 107892, 93303, 95792, 98257, 98438, 104738, 107363, 107967, 99242, 99381, 98807, 101002, 102426, 104794, 100804, 94269, 97304, 98813, 100342, 102703, 104455, 102892, 91636, 95074, 96629, 99587, 98860, 104136, 102329, 93227, 98355, 100818, 101378, 102861, 105506, 100012, 91826, 98876, 99512, 98170, 98611, 101199, 97832, 89326, 93375, 96987, 95836, 95900, 100027, 98198, 89274, 92127, 92848, 92965, 95445, 99589, 100126, 90243, 92068, 94381, 95705, 96985, 101633, 100351, 101454, 92777, 91891, 90353, 90468, 94058, 95321, 86170, 83116, 87051, 86522, 87380, 94973, 100188, 90433, 85874, 83327, 85104, 88770, 110733, 123673, 104703, 93332, 92571, 93434, 95454, 103929, 113146, 101584, 92655, 93986, 92971, 94891, 104684, 109349, 91142, 86958, 88256, 87169, 88824, 99097, 107425, 94852, 88094, 90021, 93854, 96499, 107587, 116176, 101036, 92663, 91098, 96848, 101485, 106835, 116007, 98770, 92588, 95001, 94628, 97058, 104475, 110985, 95589, 89801, 92206, 95403, 96403, 104997, 112213, 102521, 94745, 93896, 95814, 98657, 107163, 119266, 102763, 90640, 95057, 96692, 96471, 102609, 109171, 94948, 87708, 90194, 92919, 96139, 101929, 107744, 95357, 90560, 96310, 98398, 99957, 107132, 109491, 94023, 89618, 89904, 89048, 92276, 95807, 99716, 88178, 83613, 82953, 83292, 85913, 92819, 93123, 83751, 86265, 91463, 90871, 90566, 91667, 91207, 79370, 77239, 78591, 93897, 89517, 76950, 85931, 83977, 92744, 94919, 98676, 115207, 82628, 90228, 82235, 83712, 85081, 87421, 89294, 90546, 100794, 87832, 82565, 83617, 85867, 88630, 93087, 102122, 88833, 82658, 78669, 82070, 83943, 88592, 93016, 82285, 78622, 83460, 86631, 88458, 92621, 95482, 84053, 81036, 82022, 84272, 87864, 93632, 98464, 85380, 81384, 83105, 85981, 89043, 91794, 98529, 85576, 82496, 81926, 84906, 89614, 96893, 101981, 88234, 84319, 85616, 87465, 88845, 92466, 95787, 82692, 77171, 81676, 85235, 87241, 89080, 95366, 83648, 80098, 79650, 81643, 85370, 90460, 103958, 94680, 89308, 89675, 92926, 94888, 98534, 105539, 91966, 86268, 81574, 76832, 78741, 83546, 88459, 82211, 77620, 74825, 78177, 80939, 86211, 91602, 84222, 78124, 78059, 80456, 84152, 89027, 92020, 82892, 76961, 79427, 80357, 89066, 101563, 100350, 84513, 83243, 82620, 84205, 90469, 94357, 91428, 78750, 76524, 78725, 78800, 83166, 82401, 84421, 77618, 77310, 77775, 80060, 84099, 87936, 90642, 75606, 71130, 75836, 77643, 79250, 82882, 86123, 76896, 73519, 71855, 76171, 80506, 87582, 86062, 76208, 72671, 74284, 77798, 79846, 81911, 80380, 75222, 76524, 79661, 80654, 79600, 83314, 83775, 72809, 69508, 70868, 73779, 77276, 79171, 83489, 75581, 73062, 74326, 73664, 73774, 79031, 78275, 69385, 74138, 77563, 74415, 75378, 77448, 73434, 65317, 68806, 72097, 72106, 76535, 78688, 76787, 68884, 71091, 73852, 73754, 74735, 79199, 80939, 71330, 75914, 78255, 80546, 82636, 83407, 80939, 73874, 74970, 77025, 76750, 77769, 79282, 77476, 70066, 74390, 78947, 81133, 79871, 82100, 79906, 71261, 77554, 76879, 76703, 72834, 78860, 77829, 67203, 74529, 71316, 75146, 70605, 87489, 82110, 72882, 73214, 75348, 75406, 77555, 78186, 74441, 67615, 66843, 68293, 66793, 67868, 74484, 77863, 68737, 68492, 70601, 73065, 71406, 73708, 75176, 66756, 60366, 58309, 59179, 65495, 73009, 72463, 61866, 57937, 59305, 57271, 61763, 70506, 76860, 66178, 56190, 65974, 73002, 74147, 93342, 101967, 66582, 63347, 74941, 73112, 88636, 88099, 90884, 73713, 73953, 63487, 60969, 67113, 62444, 74438, 67207, 60294, 50410, 51513, 54067, 61411, 60447, 53381, 54034, 55630, 54911, 57448, 63061, 65390, 58269, 55219, 56243, 57789, 62632, 64122, 66289, 56985, 55580, 57575, 59374, 59813, 65538, 71284, 63535, 57782, 59814, 62439, 66157, 77572, 89835, 75834, 69774, 70101, 67839, 68001, 74321, 81245, 72055, 67982, 67980, 64959, 66938, 70566, 75942, 65020, 60027, 61538, 62405, 64790, 69903, 72262, 59589, 58060, 59906, 60614, 64211, 70097, 73911, 62528, 58582, 60495, 61282, 62778, 77589, 80461, 66026, 62081, 63903, 65197, 70627, 72677, 75243, 62272, 62917, 65014, 71226, 74761, 78496, 84463, 60616, 58793, 58264, 62607, 65763, 71560, 72038, 64252, 60898, 65514, 67313, 68043, 74043, 76166, 65971, 65532, 64171, 62267, 65284, 71995, 77086, 65780, 63387, 64164, 61437, 64475, 66840, 66740, 64566, 65640, 62415, 63154, 63207, 69738, 72867, 63382, 61646, 65096, 67328, 72009, 77512, 82368, 72217, 64018, 62693, 65798, 67831, 71127, 76617, 66214, 63820, 64553, 61399, 67171, 69980, 71948, 62860, 62355, 63378, 63690, 65754, 70908, 74504, 74246, 66505, 68428, 65544, 68564, 72009, 76500, 63373, 60088, 61597, 61041, 66736, 78944, 84194, 79024, 69016, 65903, 69371, 73006, 84181, 92276, 80916, 74062, 77116, 79762, 77603, 80069, 80874, 71924, 68955, 70519, 73649, 78540, 91076, 92551, 80436, 74970, 73409, 73630, 82955, 89526, 90489, 75061, 75322, 78651, 78916, 82167, 80169, 77145, 68308, 65481, 67092, 67710, 69308, 76061, 78564, 71581, 70140, 65374, 67410, 72034, 76061, 80553, 70448, 67011, 70092, 72007, 74924, 83855, 89216, 71940, 66374, 69213, 71475, 73263, 77561, 80825, 66371, 62408], "opt": {"chartArea": {"top": 30, "left": 81.0}, "legend": {"position": "none"}, "pointSize": 0, "tooltip": {"trigger": "none"}, "colors": ["#73c421"], "enableInteractivity": false, "hAxis": {"baselineColor": "transparent", "gridlines": {"color": "transparent"}, "textStyle": {"color": "#666"}, "slantedText": false, "viewWindow": {}}, "vAxis": {"gridlines": {"color": "#f0f0f0"}, "maxValue": 1072709, "minValue": 0, "titleTextStyle": {"color": "#666"}, "baselineColor": "#e2e2e2", "textStyle": {"color": "#666"}}}}}, "shares": {"daily": {"data": [15200, 8689, 7589, 7672, 6064, 4451, 3420, 3310, 3103, 2249, 2241, 2560, 2056, 2114, 2157, 2324, 1938, 1735, 1681, 1692, 1670, 1891, 1885, 1699, 1985, 1653, 1592, 1520, 1737, 1665, 1686, 1529, 1551, 1721, 1757, 1689, 1762, 1518, 1523, 1399, 1448, 1602, 1722, 1679, 1533, 1555, 1608, 1612, 1555, 1526, 1478, 1327, 1330, 1262, 1261, 1298, 1443, 1369, 1266, 1256, 1205, 1282, 1190, 1398, 1396, 1244, 1227, 1230, 1280, 1305, 1318, 1279, 1225, 1209, 1161, 1041, 1042, 1150, 1300, 940, 958, 1028, 1001, 915, 1162, 1248, 1110, 1092, 994, 967, 1036, 1030, 1147, 1020, 1013, 1024, 915, 934, 1070, 1125, 1017, 993, 942, 969, 986, 1179, 1228, 1097, 902, 854, 888, 906, 933, 1101, 953, 926, 787, 785, 799, 762, 878, 758, 766, 721, 737, 700, 798, 797, 645, 670, 736, 670, 602, 664, 701, 615, 763, 744, 719, 689, 677, 687, 578, 618, 624, 585, 648, 639, 778, 859, 759, 678, 667, 633, 676, 602, 542, 584, 545, 518, 522, 540, 537, 469, 507, 572, 493, 525, 476, 502, 442, 446, 454, 389, 455, 452, 447, 393, 403, 392, 377, 400, 409, 440, 376, 383, 427, 416, 392, 480, 479, 373, 403, 395, 355, 366, 467, 405, 353, 343, 379, 306, 500, 684, 583, 503, 437, 384, 426, 412, 484, 488, 383, 315, 339, 367, 336, 379, 433, 343, 286, 337, 318, 337, 405, 392, 357, 347, 313, 349, 349, 436, 453, 336, 337, 318, 341, 381, 395, 430, 365, 355, 305, 302, 343, 406, 403, 378, 307, 321, 333, 292, 338, 388, 372, 312, 283, 295, 370, 418, 484, 439, 375, 344, 387, 398, 335, 373, 296, 259, 263, 318, 304, 256, 271, 264, 213, 229, 262, 233, 257, 296, 234, 226, 183, 228, 213, 252, 243, 217, 203, 212, 206, 261, 256, 273, 214, 174, 210, 186, 215, 243, 244, 224, 208, 165, 164, 179, 193, 167, 156, 156, 127, 182, 187, 174, 185, 190, 210, 124, 157, 153, 200, 196, 153, 185, 178, 214, 203, 163, 190, 151, 173, 184, 151, 158, 186, 224, 135, 162, 149, 151, 208, 173, 181, 152, 136, 163, 142, 131, 164, 160, 172, 149, 130, 166, 167, 132, 169, 162, 132, 145, 121, 103, 155, 182, 142, 125, 159, 126, 139, 127, 150, 117, 99, 146, 127, 108, 148, 144, 108, 100, 112, 113, 106, 117, 123, 109, 103, 103, 122, 152, 145, 158, 117, 125, 108, 138, 150, 144, 135, 146, 146, 133, 151, 151, 174, 159, 142, 138, 148, 151, 148, 152, 162, 128, 112, 121, 108, 141, 170, 141, 118, 110, 111, 116, 104, 156, 122, 119, 99, 134, 130, 110, 131, 159, 139, 122, 124, 137, 169, 158, 148, 152, 126, 140, 142, 122, 162, 164, 129, 138, 97, 129, 130, 188, 186, 129, 115, 116, 131, 161, 145, 157, 125, 123, 118, 132, 128, 155, 141, 119, 120, 124, 121, 145, 124, 129, 124, 98, 99, 92, 131, 127, 99, 92, 83, 95, 95, 84, 105, 98, 112, 85, 121, 108, 104, 120, 133, 106, 113, 124, 129, 106, 119, 102, 93, 107, 93, 83, 83, 68, 93, 80, 91, 106, 85, 107, 97, 101, 97, 100, 101, 93, 70, 102, 105, 104, 101, 97, 109, 121, 100, 88, 80, 102, 135, 97, 91, 83, 108, 88, 86, 84, 92, 90, 113, 81, 100, 102, 92, 87, 94, 84, 90, 69, 97, 101, 73, 95, 128, 108, 88, 64, 62, 71, 105, 84, 109, 75, 74, 76, 81, 68, 99, 77, 59, 57, 78, 67, 57, 96, 78, 75, 90, 81, 90, 67, 90, 90, 76, 75, 83, 73, 79, 85, 91, 59, 77, 80, 81, 75, 84, 93, 85, 69, 84, 65, 74, 80, 102, 80, 68, 70, 78, 78, 100, 81, 87, 80, 85, 69, 88, 106, 101, 103, 85, 89, 96, 81, 88, 107, 79, 72, 75, 65, 149, 326, 304, 303, 221, 236, 205, 293, 309, 351, 295, 296, 279, 322, 277, 352, 335, 237, 258, 281, 304, 304, 308, 362, 262, 274, 288, 252, 198, 260, 238, 210, 184, 230, 182, 222, 217, 235, 211, 197, 195, 182, 229, 237, 248, 217, 228, 241, 198, 246, 245, 288, 222, 191, 209, 237, 238, 227, 251, 241, 265, 238, 231, 262, 238, 293, 248, 214, 199, 195, 258, 225, 188, 220, 172, 203, 224, 197, 218, 247, 153, 159, 195, 176, 189, 214, 234, 203, 160, 179, 164, 212, 193, 261, 190, 189, 183, 226, 173, 183, 241, 185, 187, 177, 199, 176, 201, 221, 221, 190, 204, 175, 187, 220, 202, 140, 172, 168, 159, 173, 171, 190, 162, 187, 175, 158, 179, 162, 197, 174, 176, 173, 170, 185, 165, 204, 164, 155, 147, 190, 169, 172, 173, 179, 143, 134, 145, 161, 184, 110, 97, 107, 123, 137, 169, 164, 143, 125, 140, 150, 156, 143, 161, 176, 158, 132, 124, 164, 175, 165, 163, 138, 180, 148, 129, 140, 138, 177, 152, 132, 157, 152, 151, 145, 144, 134, 119, 135, 133, 142, 151, 144, 119, 109, 141, 136, 149, 170, 138, 147, 143, 141, 127, 157, 149, 160, 129, 124, 135, 154, 119, 142, 156, 98, 82, 105, 123, 104, 108, 86, 101, 90, 125, 109, 141, 126, 114, 104, 97, 102, 127, 122, 130, 145, 141, 115, 103, 130, 139, 123, 116, 91, 135, 126, 109, 132, 110, 159, 94, 72, 92, 103, 113, 103, 125, 105, 112, 92, 103, 84, 114, 115, 93, 83, 88, 115, 96, 137, 139, 120, 122, 112, 132, 135, 146, 160, 119, 93, 83, 95, 104, 114, 101, 103, 94, 104, 121, 113, 114, 108, 94, 85, 113, 98, 99, 106, 102, 90, 88, 100, 103, 128, 138, 129, 84, 88, 101, 111, 80, 137, 123, 101, 66, 68, 83, 82, 106, 93, 89, 86, 78, 90, 98, 97, 91, 75, 77, 89, 79, 96, 95, 79, 88, 107, 109, 88, 86, 116, 86, 94, 56, 58, 80, 70, 77, 86, 76, 64, 69, 72, 72, 84, 83, 66, 68, 65, 83, 59, 81, 122, 69, 70, 71, 74, 62, 103, 102, 92, 68, 80, 72, 102, 102, 79, 97, 78, 78, 81, 118, 102, 90, 100, 83, 82, 61, 84, 99, 75, 93, 89, 65, 59, 58, 81, 80, 86, 82, 80, 65, 71, 92, 81, 65, 71, 62, 97, 53, 70, 79, 54, 62, 67, 84, 60, 69, 63, 87, 62, 74, 63, 62, 69, 80, 65, 70, 60, 18, 60, 71, 81, 47, 59, 56, 49, 49, 85, 114, 90, 84, 94, 91, 118, 107, 94, 81, 86, 105, 100, 71, 125, 153, 122, 92, 119, 109, 120, 95, 128, 90, 107, 100, 109, 90, 104, 111, 118, 100, 112, 81, 98, 147, 113, 110, 100, 135, 126, 163, 187, 181, 162, 169, 173, 175, 157, 150, 165, 171, 150, 154, 159, 160, 204, 190, 180, 178, 153, 140, 155, 140, 129, 114, 101, 130, 117, 117, 146, 128, 125, 109, 98, 139, 140, 142, 187, 135, 133, 120, 148, 176, 173, 172, 141, 136, 149, 173, 133, 167, 179, 147, 139, 177, 154, 174, 164, 176, 160, 150, 182, 116, 158, 144, 154, 145, 165, 146, 179, 223, 266, 263, 224, 209, 232, 234, 224, 195, 224, 222, 209, 187, 181, 180, 187, 180, 181, 186, 224, 199, 211, 178, 237, 212, 181, 175, 236, 206, 217, 203, 189, 218, 201, 215, 200, 191, 214, 220, 227, 215, 199, 226, 231, 265, 220, 201, 223, 223, 240, 201, 226, 224, 200, 226, 233, 213, 213, 204, 208, 227, 202, 234, 203, 200, 260, 219, 213, 210, 263, 227, 229, 223, 226, 187, 209, 267, 194, 237, 228, 237, 210, 232, 222, 239, 268, 230, 218, 207, 194, 267, 243, 289, 261, 281, 259, 252, 253, 237, 247, 225, 278, 215, 222, 254, 229, 226, 251, 222, 206, 232, 220, 223, 243, 278, 253, 221, 233, 211, 217, 295, 296, 235, 253, 229, 252, 245, 263, 238, 258, 258, 260, 241, 241, 265, 308, 244, 226, 236, 232, 244, 351, 367, 327, 346, 313, 318, 387, 351, 377, 314, 306, 322, 314, 304, 358, 369, 406, 320, 322, 354, 380, 385, 363, 322, 263, 271, 315, 327, 390, 403, 347, 290, 288, 312, 313, 332, 399, 354, 301, 306, 259, 219, 284, 267, 274, 295, 293, 247, 246, 252, 290, 278, 229, 229, 262, 242, 258, 297, 260, 253, 223, 234, 253, 254, 242, 256, 228, 210, 227, 254, 246, 232, 239, 227, 262, 254, 246, 254, 233, 214, 182, 206, 220, 202, 213, 238, 245, 235, 282, 279, 239, 234, 235, 253, 226, 237, 266, 270, 275, 297, 275, 225, 247, 262, 285, 285, 262, 269, 241, 239, 264, 255, 248, 233, 241, 238, 281, 281, 254, 263, 282, 253, 234, 282, 274, 276, 256, 289, 266, 209, 220, 247, 224, 287, 280, 248, 224, 226, 217, 239, 262, 264, 265, 260, 274, 248, 282, 282, 230, 220, 233, 267, 246, 241, 254, 313, 250, 243, 249, 228, 284, 257, 269, 268, 258, 305, 254, 259, 238, 267, 274, 260, 225, 234, 201, 244, 248, 216, 198, 219, 231, 194, 269, 245, 238, 244, 254, 214, 263, 280, 271, 284, 241, 269, 239, 270, 248, 263, 278, 234, 209, 221, 272, 294, 245, 229, 221, 252, 213, 273, 316, 291, 316, 286, 334, 299, 351, 302, 333, 296, 281, 311, 318, 290, 318, 332, 307, 290, 281, 293, 326, 352, 338, 332, 261, 313, 309, 287, 304, 325, 304, 311, 332, 277, 292, 300, 310, 340, 316, 271, 289, 285, 294, 322, 277, 283, 332, 283, 309, 295, 284, 298, 286, 313, 284, 297, 294, 283, 294, 297, 302, 300, 327, 336, 307, 299, 336, 303, 307, 298, 324, 333, 307, 329, 323, 294, 360, 368, 340, 317, 301, 313, 355, 338, 300, 313, 362, 281, 357, 332, 301, 335, 317, 335, 329, 342, 381, 284, 306, 327, 289, 270, 294, 383, 298, 365, 337, 321, 328, 325, 312, 390, 337, 319, 313, 314, 281, 298, 325, 318, 360, 300, 297, 337, 292, 312, 338, 320, 317, 304, 284, 275, 279, 296, 354, 280, 251, 239, 242, 296, 369, 345, 346, 286, 267, 313, 354, 389, 406, 304, 322, 326, 361, 406, 370, 383, 369, 312, 268, 245, 277, 262, 312, 303, 268, 238, 232, 241, 254, 272, 246, 247, 253, 244, 255, 287, 251, 282, 257, 285, 303, 262, 273, 238, 239, 234, 249, 251, 248, 286, 339, 331, 269, 262, 299, 278, 348, 393, 370, 315, 340, 319, 291, 294, 322, 321, 287, 283, 321, 348, 371, 342, 298, 281, 277, 296, 307, 319, 308, 283, 268, 288, 270, 322, 271, 333, 268, 283, 299, 293, 303, 325, 350, 361, 278, 327, 307, 311, 342, 331, 344, 318, 321, 361, 357, 357, 304, 272, 317, 326, 304, 295, 328, 333, 350, 295, 316, 351, 329, 375, 368, 335, 314, 312, 299, 283, 341, 316, 320, 291, 318, 298, 293, 295, 299, 300, 305, 297, 328, 359, 355, 314, 318, 283, 318, 336, 322, 362, 311, 353, 303, 281, 340, 336, 356, 326, 311, 318, 284, 320, 312, 333, 365, 369, 296, 298, 276, 315, 317, 306, 422, 317, 312, 326, 292, 302, 336, 291, 288, 297, 329, 351, 371, 439, 389, 405, 358, 357, 341, 411, 376, 336, 353, 326, 325, 324, 325, 380, 375, 295, 342, 351, 342, 366, 361, 370, 317, 311, 308, 321, 354, 353, 340, 309, 294, 377, 311, 323, 340, 303, 324, 263, 302, 312, 314, 336, 314, 337, 271, 293, 315, 356, 349, 338, 313, 296, 305, 356, 348, 328, 299, 304, 296, 314, 377, 344, 347, 288, 278], "opt": {"chartArea": {"top": 30, "left": 67.0}, "legend": {"position": "none"}, "pointSize": 0, "tooltip": {"trigger": "none"}, "colors": ["#8882ef"], "enableInteractivity": false, "hAxis": {"baselineColor": "transparent", "gridlines": {"color": "transparent"}, "textStyle": {"color": "#666"}, "slantedText": false, "viewWindow": {}}, "vAxis": {"gridlines": {"color": "#f0f0f0"}, "maxValue": 15201, "minValue": 0, "titleTextStyle": {"color": "#666"}, "baselineColor": "#e2e2e2", "textStyle": {"color": "#666"}}}}}, "day": {"data": [1329465600000, 1329552000000, 1329638400000, 1329724800000, 1329811200000, 1329897600000, 1329984000000, 1330070400000, 1330156800000, 1330243200000, 1330329600000, 1330416000000, 1330502400000, 1330588800000, 1330675200000, 1330761600000, 1330848000000, 1330934400000, 1331020800000, 1331107200000, 1331193600000, 1331280000000, 1331366400000, 1331452800000, 1331535600000, 1331622000000, 1331708400000, 1331794800000, 1331881200000, 1331967600000, 1332054000000, 1332140400000, 1332226800000, 1332313200000, 1332399600000, 1332486000000, 1332572400000, 1332658800000, 1332745200000, 1332831600000, 1332918000000, 1333004400000, 1333090800000, 1333177200000, 1333263600000, 1333350000000, 1333436400000, 1333522800000, 1333609200000, 1333695600000, 1333782000000, 1333868400000, 1333954800000, 1334041200000, 1334127600000, 1334214000000, 1334300400000, 1334386800000, 1334473200000, 1334559600000, 1334646000000, 1334732400000, 1334818800000, 1334905200000, 1334991600000, 1335078000000, 1335164400000, 1335250800000, 1335337200000, 1335423600000, 1335510000000, 1335596400000, 1335682800000, 1335769200000, 1335855600000, 1335942000000, 1336028400000, 1336114800000, 1336201200000, 1336287600000, 1336374000000, 1336460400000, 1336546800000, 1336633200000, 1336719600000, 1336806000000, 1336892400000, 1336978800000, 1337065200000, 1337151600000, 1337238000000, 1337324400000, 1337410800000, 1337497200000, 1337583600000, 1337670000000, 1337756400000, 1337842800000, 1337929200000, 1338015600000, 1338102000000, 1338188400000, 1338274800000, 1338361200000, 1338447600000, 1338534000000, 1338620400000, 1338706800000, 1338793200000, 1338879600000, 1338966000000, 1339052400000, 1339138800000, 1339225200000, 1339311600000, 1339398000000, 1339484400000, 1339570800000, 1339657200000, 1339743600000, 1339830000000, 1339916400000, 1340002800000, 1340089200000, 1340175600000, 1340262000000, 1340348400000, 1340434800000, 1340521200000, 1340607600000, 1340694000000, 1340780400000, 1340866800000, 1340953200000, 1341039600000, 1341126000000, 1341212400000, 1341298800000, 1341385200000, 1341471600000, 1341558000000, 1341644400000, 1341730800000, 1341817200000, 1341903600000, 1341990000000, 1342076400000, 1342162800000, 1342249200000, 1342335600000, 1342422000000, 1342508400000, 1342594800000, 1342681200000, 1342767600000, 1342854000000, 1342940400000, 1343026800000, 1343113200000, 1343199600000, 1343286000000, 1343372400000, 1343458800000, 1343545200000, 1343631600000, 1343718000000, 1343804400000, 1343890800000, 1343977200000, 1344063600000, 1344150000000, 1344236400000, 1344322800000, 1344409200000, 1344495600000, 1344582000000, 1344668400000, 1344754800000, 1344841200000, 1344927600000, 1345014000000, 1345100400000, 1345186800000, 1345273200000, 1345359600000, 1345446000000, 1345532400000, 1345618800000, 1345705200000, 1345791600000, 1345878000000, 1345964400000, 1346050800000, 1346137200000, 1346223600000, 1346310000000, 1346396400000, 1346482800000, 1346569200000, 1346655600000, 1346742000000, 1346828400000, 1346914800000, 1347001200000, 1347087600000, 1347174000000, 1347260400000, 1347346800000, 1347433200000, 1347519600000, 1347606000000, 1347692400000, 1347778800000, 1347865200000, 1347951600000, 1348038000000, 1348124400000, 1348210800000, 1348297200000, 1348383600000, 1348470000000, 1348556400000, 1348642800000, 1348729200000, 1348815600000, 1348902000000, 1348988400000, 1349074800000, 1349161200000, 1349247600000, 1349334000000, 1349420400000, 1349506800000, 1349593200000, 1349679600000, 1349766000000, 1349852400000, 1349938800000, 1350025200000, 1350111600000, 1350198000000, 1350284400000, 1350370800000, 1350457200000, 1350543600000, 1350630000000, 1350716400000, 1350802800000, 1350889200000, 1350975600000, 1351062000000, 1351148400000, 1351234800000, 1351321200000, 1351407600000, 1351494000000, 1351580400000, 1351666800000, 1351753200000, 1351839600000, 1351926000000, 1352012400000, 1352102400000, 1352188800000, 1352275200000, 1352361600000, 1352448000000, 1352534400000, 1352620800000, 1352707200000, 1352793600000, 1352880000000, 1352966400000, 1353052800000, 1353139200000, 1353225600000, 1353312000000, 1353398400000, 1353484800000, 1353571200000, 1353657600000, 1353744000000, 1353830400000, 1353916800000, 1354003200000, 1354089600000, 1354176000000, 1354262400000, 1354348800000, 1354435200000, 1354521600000, 1354608000000, 1354694400000, 1354780800000, 1354867200000, 1354953600000, 1355040000000, 1355126400000, 1355212800000, 1355299200000, 1355385600000, 1355472000000, 1355558400000, 1355644800000, 1355731200000, 1355817600000, 1355904000000, 1355990400000, 1356076800000, 1356163200000, 1356249600000, 1356336000000, 1356422400000, 1356508800000, 1356595200000, 1356681600000, 1356768000000, 1356854400000, 1356940800000, 1357027200000, 1357113600000, 1357200000000, 1357286400000, 1357372800000, 1357459200000, 1357545600000, 1357632000000, 1357718400000, 1357804800000, 1357891200000, 1357977600000, 1358064000000, 1358150400000, 1358236800000, 1358323200000, 1358409600000, 1358496000000, 1358582400000, 1358668800000, 1358755200000, 1358841600000, 1358928000000, 1359014400000, 1359100800000, 1359187200000, 1359273600000, 1359360000000, 1359446400000, 1359532800000, 1359619200000, 1359705600000, 1359792000000, 1359878400000, 1359964800000, 1360051200000, 1360137600000, 1360224000000, 1360310400000, 1360396800000, 1360483200000, 1360569600000, 1360656000000, 1360742400000, 1360828800000, 1360915200000, 1361001600000, 1361088000000, 1361174400000, 1361260800000, 1361347200000, 1361433600000, 1361520000000, 1361606400000, 1361692800000, 1361779200000, 1361865600000, 1361952000000, 1362038400000, 1362124800000, 1362211200000, 1362297600000, 1362384000000, 1362470400000, 1362556800000, 1362643200000, 1362729600000, 1362816000000, 1362902400000, 1362985200000, 1363071600000, 1363158000000, 1363244400000, 1363330800000, 1363417200000, 1363503600000, 1363590000000, 1363676400000, 1363762800000, 1363849200000, 1363935600000, 1364022000000, 1364108400000, 1364194800000, 1364281200000, 1364367600000, 1364454000000, 1364540400000, 1364626800000, 1364713200000, 1364799600000, 1364886000000, 1364972400000, 1365058800000, 1365145200000, 1365231600000, 1365318000000, 1365404400000, 1365490800000, 1365577200000, 1365663600000, 1365750000000, 1365836400000, 1365922800000, 1366009200000, 1366095600000, 1366182000000, 1366268400000, 1366354800000, 1366441200000, 1366527600000, 1366614000000, 1366700400000, 1366786800000, 1366873200000, 1366959600000, 1367046000000, 1367132400000, 1367218800000, 1367305200000, 1367391600000, 1367478000000, 1367564400000, 1367650800000, 1367737200000, 1367823600000, 1367910000000, 1367996400000, 1368082800000, 1368169200000, 1368255600000, 1368342000000, 1368428400000, 1368514800000, 1368601200000, 1368687600000, 1368774000000, 1368860400000, 1368946800000, 1369033200000, 1369119600000, 1369206000000, 1369292400000, 1369378800000, 1369465200000, 1369551600000, 1369638000000, 1369724400000, 1369810800000, 1369897200000, 1369983600000, 1370070000000, 1370156400000, 1370242800000, 1370329200000, 1370415600000, 1370502000000, 1370588400000, 1370674800000, 1370761200000, 1370847600000, 1370934000000, 1371020400000, 1371106800000, 1371193200000, 1371279600000, 1371366000000, 1371452400000, 1371538800000, 1371625200000, 1371711600000, 1371798000000, 1371884400000, 1371970800000, 1372057200000, 1372143600000, 1372230000000, 1372316400000, 1372402800000, 1372489200000, 1372575600000, 1372662000000, 1372748400000, 1372834800000, 1372921200000, 1373007600000, 1373094000000, 1373180400000, 1373266800000, 1373353200000, 1373439600000, 1373526000000, 1373612400000, 1373698800000, 1373785200000, 1373871600000, 1373958000000, 1374044400000, 1374130800000, 1374217200000, 1374303600000, 1374390000000, 1374476400000, 1374562800000, 1374649200000, 1374735600000, 1374822000000, 1374908400000, 1374994800000, 1375081200000, 1375167600000, 1375254000000, 1375340400000, 1375426800000, 1375513200000, 1375599600000, 1375686000000, 1375772400000, 1375858800000, 1375945200000, 1376031600000, 1376118000000, 1376204400000, 1376290800000, 1376377200000, 1376463600000, 1376550000000, 1376636400000, 1376722800000, 1376809200000, 1376895600000, 1376982000000, 1377068400000, 1377154800000, 1377241200000, 1377327600000, 1377414000000, 1377500400000, 1377586800000, 1377673200000, 1377759600000, 1377846000000, 1377932400000, 1378018800000, 1378105200000, 1378191600000, 1378278000000, 1378364400000, 1378450800000, 1378537200000, 1378623600000, 1378710000000, 1378796400000, 1378882800000, 1378969200000, 1379055600000, 1379142000000, 1379228400000, 1379314800000, 1379401200000, 1379487600000, 1379574000000, 1379660400000, 1379746800000, 1379833200000, 1379919600000, 1380006000000, 1380092400000, 1380178800000, 1380265200000, 1380351600000, 1380438000000, 1380524400000, 1380610800000, 1380697200000, 1380783600000, 1380870000000, 1380956400000, 1381042800000, 1381129200000, 1381215600000, 1381302000000, 1381388400000, 1381474800000, 1381561200000, 1381647600000, 1381734000000, 1381820400000, 1381906800000, 1381993200000, 1382079600000, 1382166000000, 1382252400000, 1382338800000, 1382425200000, 1382511600000, 1382598000000, 1382684400000, 1382770800000, 1382857200000, 1382943600000, 1383030000000, 1383116400000, 1383202800000, 1383289200000, 1383375600000, 1383462000000, 1383552000000, 1383638400000, 1383724800000, 1383811200000, 1383897600000, 1383984000000, 1384070400000, 1384156800000, 1384243200000, 1384329600000, 1384416000000, 1384502400000, 1384588800000, 1384675200000, 1384761600000, 1384848000000, 1384934400000, 1385020800000, 1385107200000, 1385193600000, 1385280000000, 1385366400000, 1385452800000, 1385539200000, 1385625600000, 1385712000000, 1385798400000, 1385884800000, 1385971200000, 1386057600000, 1386144000000, 1386230400000, 1386316800000, 1386403200000, 1386489600000, 1386576000000, 1386662400000, 1386748800000, 1386835200000, 1386921600000, 1387008000000, 1387094400000, 1387180800000, 1387267200000, 1387353600000, 1387440000000, 1387526400000, 1387612800000, 1387699200000, 1387785600000, 1387872000000, 1387958400000, 1388044800000, 1388131200000, 1388217600000, 1388304000000, 1388390400000, 1388476800000, 1388563200000, 1388649600000, 1388736000000, 1388822400000, 1388908800000, 1388995200000, 1389081600000, 1389168000000, 1389254400000, 1389340800000, 1389427200000, 1389513600000, 1389600000000, 1389686400000, 1389772800000, 1389859200000, 1389945600000, 1390032000000, 1390118400000, 1390204800000, 1390291200000, 1390377600000, 1390464000000, 1390550400000, 1390636800000, 1390723200000, 1390809600000, 1390896000000, 1390982400000, 1391068800000, 1391155200000, 1391241600000, 1391328000000, 1391414400000, 1391500800000, 1391587200000, 1391673600000, 1391760000000, 1391846400000, 1391932800000, 1392019200000, 1392105600000, 1392192000000, 1392278400000, 1392364800000, 1392451200000, 1392537600000, 1392624000000, 1392710400000, 1392796800000, 1392883200000, 1392969600000, 1393056000000, 1393142400000, 1393228800000, 1393315200000, 1393401600000, 1393488000000, 1393574400000, 1393660800000, 1393747200000, 1393833600000, 1393920000000, 1394006400000, 1394092800000, 1394179200000, 1394265600000, 1394352000000, 1394434800000, 1394521200000, 1394607600000, 1394694000000, 1394780400000, 1394866800000, 1394953200000, 1395039600000, 1395126000000, 1395212400000, 1395298800000, 1395385200000, 1395471600000, 1395558000000, 1395644400000, 1395730800000, 1395817200000, 1395903600000, 1395990000000, 1396076400000, 1396162800000, 1396249200000, 1396335600000, 1396422000000, 1396508400000, 1396594800000, 1396681200000, 1396767600000, 1396854000000, 1396940400000, 1397026800000, 1397113200000, 1397199600000, 1397286000000, 1397372400000, 1397458800000, 1397545200000, 1397631600000, 1397718000000, 1397804400000, 1397890800000, 1397977200000, 1398063600000, 1398150000000, 1398236400000, 1398322800000, 1398409200000, 1398495600000, 1398582000000, 1398668400000, 1398754800000, 1398841200000, 1398927600000, 1399014000000, 1399100400000, 1399186800000, 1399273200000, 1399359600000, 1399446000000, 1399532400000, 1399618800000, 1399705200000, 1399791600000, 1399878000000, 1399964400000, 1400050800000, 1400137200000, 1400223600000, 1400310000000, 1400396400000, 1400482800000, 1400569200000, 1400655600000, 1400742000000, 1400828400000, 1400914800000, 1401001200000, 1401087600000, 1401174000000, 1401260400000, 1401346800000, 1401433200000, 1401519600000, 1401606000000, 1401692400000, 1401778800000, 1401865200000, 1401951600000, 1402038000000, 1402124400000, 1402210800000, 1402297200000, 1402383600000, 1402470000000, 1402556400000, 1402642800000, 1402729200000, 1402815600000, 1402902000000, 1402988400000, 1403074800000, 1403161200000, 1403247600000, 1403334000000, 1403420400000, 1403506800000, 1403593200000, 1403679600000, 1403766000000, 1403852400000, 1403938800000, 1404025200000, 1404111600000, 1404198000000, 1404284400000, 1404370800000, 1404457200000, 1404543600000, 1404630000000, 1404716400000, 1404802800000, 1404889200000, 1404975600000, 1405062000000, 1405148400000, 1405234800000, 1405321200000, 1405407600000, 1405494000000, 1405580400000, 1405666800000, 1405753200000, 1405839600000, 1405926000000, 1406012400000, 1406098800000, 1406185200000, 1406271600000, 1406358000000, 1406444400000, 1406530800000, 1406617200000, 1406703600000, 1406790000000, 1406876400000, 1406962800000, 1407049200000, 1407135600000, 1407222000000, 1407308400000, 1407394800000, 1407481200000, 1407567600000, 1407654000000, 1407740400000, 1407826800000, 1407913200000, 1407999600000, 1408086000000, 1408172400000, 1408258800000, 1408345200000, 1408431600000, 1408518000000, 1408604400000, 1408690800000, 1408777200000, 1408863600000, 1408950000000, 1409036400000, 1409122800000, 1409209200000, 1409295600000, 1409382000000, 1409468400000, 1409554800000, 1409641200000, 1409727600000, 1409814000000, 1409900400000, 1409986800000, 1410073200000, 1410159600000, 1410246000000, 1410332400000, 1410418800000, 1410505200000, 1410591600000, 1410678000000, 1410764400000, 1410850800000, 1410937200000, 1411023600000, 1411110000000, 1411196400000, 1411282800000, 1411369200000, 1411455600000, 1411542000000, 1411628400000, 1411714800000, 1411801200000, 1411887600000, 1411974000000, 1412060400000, 1412146800000, 1412233200000, 1412319600000, 1412406000000, 1412492400000, 1412578800000, 1412665200000, 1412751600000, 1412838000000, 1412924400000, 1413010800000, 1413097200000, 1413183600000, 1413270000000, 1413356400000, 1413442800000, 1413529200000, 1413615600000, 1413702000000, 1413788400000, 1413874800000, 1413961200000, 1414047600000, 1414134000000, 1414220400000, 1414306800000, 1414393200000, 1414479600000, 1414566000000, 1414652400000, 1414738800000, 1414825200000, 1414911600000, 1415001600000, 1415088000000, 1415174400000, 1415260800000, 1415347200000, 1415433600000, 1415520000000, 1415606400000, 1415692800000, 1415779200000, 1415865600000, 1415952000000, 1416038400000, 1416124800000, 1416211200000, 1416297600000, 1416384000000, 1416470400000, 1416556800000, 1416643200000, 1416729600000, 1416816000000, 1416902400000, 1416988800000, 1417075200000, 1417161600000, 1417248000000, 1417334400000, 1417420800000, 1417507200000, 1417593600000, 1417680000000, 1417766400000, 1417852800000, 1417939200000, 1418025600000, 1418112000000, 1418198400000, 1418284800000, 1418371200000, 1418457600000, 1418544000000, 1418630400000, 1418716800000, 1418803200000, 1418889600000, 1418976000000, 1419062400000, 1419148800000, 1419235200000, 1419321600000, 1419408000000, 1419494400000, 1419580800000, 1419667200000, 1419753600000, 1419840000000, 1419926400000, 1420012800000, 1420099200000, 1420185600000, 1420272000000, 1420358400000, 1420444800000, 1420531200000, 1420617600000, 1420704000000, 1420790400000, 1420876800000, 1420963200000, 1421049600000, 1421136000000, 1421222400000, 1421308800000, 1421395200000, 1421481600000, 1421568000000, 1421654400000, 1421740800000, 1421827200000, 1421913600000, 1422000000000, 1422086400000, 1422172800000, 1422259200000, 1422345600000, 1422432000000, 1422518400000, 1422604800000, 1422691200000, 1422777600000, 1422864000000, 1422950400000, 1423036800000, 1423123200000, 1423209600000, 1423296000000, 1423382400000, 1423468800000, 1423555200000, 1423641600000, 1423728000000, 1423814400000, 1423900800000, 1423987200000, 1424073600000, 1424160000000, 1424246400000, 1424332800000, 1424419200000, 1424505600000, 1424592000000, 1424678400000, 1424764800000, 1424851200000, 1424937600000, 1425024000000, 1425110400000, 1425196800000, 1425283200000, 1425369600000, 1425456000000, 1425542400000, 1425628800000, 1425715200000, 1425801600000, 1425884400000, 1425970800000, 1426057200000, 1426143600000, 1426230000000, 1426316400000, 1426402800000, 1426489200000, 1426575600000, 1426662000000, 1426748400000, 1426834800000, 1426921200000, 1427007600000, 1427094000000, 1427180400000, 1427266800000, 1427353200000, 1427439600000, 1427526000000, 1427612400000, 1427698800000, 1427785200000, 1427871600000, 1427958000000, 1428044400000, 1428130800000, 1428217200000, 1428303600000, 1428390000000, 1428476400000, 1428562800000, 1428649200000, 1428735600000, 1428822000000, 1428908400000, 1428994800000, 1429081200000, 1429167600000, 1429254000000, 1429340400000, 1429426800000, 1429513200000, 1429599600000, 1429686000000, 1429772400000, 1429858800000, 1429945200000, 1430031600000, 1430118000000, 1430204400000, 1430290800000, 1430377200000, 1430463600000, 1430550000000, 1430636400000, 1430722800000, 1430809200000, 1430895600000, 1430982000000, 1431068400000, 1431154800000, 1431241200000, 1431327600000, 1431414000000, 1431500400000, 1431586800000, 1431673200000, 1431759600000, 1431846000000, 1431932400000, 1432018800000, 1432105200000, 1432191600000, 1432278000000, 1432364400000, 1432450800000, 1432537200000, 1432623600000, 1432710000000, 1432796400000, 1432882800000, 1432969200000, 1433055600000, 1433142000000, 1433228400000, 1433314800000, 1433401200000, 1433487600000, 1433574000000, 1433660400000, 1433746800000, 1433833200000, 1433919600000, 1434006000000, 1434092400000, 1434178800000, 1434265200000, 1434351600000, 1434438000000, 1434524400000, 1434610800000, 1434697200000, 1434783600000, 1434870000000, 1434956400000, 1435042800000, 1435129200000, 1435215600000, 1435302000000, 1435388400000, 1435474800000, 1435561200000, 1435647600000, 1435734000000, 1435820400000, 1435906800000, 1435993200000, 1436079600000, 1436166000000, 1436252400000, 1436338800000, 1436425200000, 1436511600000, 1436598000000, 1436684400000, 1436770800000, 1436857200000, 1436943600000, 1437030000000, 1437116400000, 1437202800000, 1437289200000, 1437375600000, 1437462000000, 1437548400000, 1437634800000, 1437721200000, 1437807600000, 1437894000000, 1437980400000, 1438066800000, 1438153200000, 1438239600000, 1438326000000, 1438412400000, 1438498800000, 1438585200000, 1438671600000, 1438758000000, 1438844400000, 1438930800000, 1439017200000, 1439103600000, 1439190000000, 1439276400000, 1439362800000, 1439449200000, 1439535600000, 1439622000000, 1439708400000, 1439794800000, 1439881200000, 1439967600000, 1440054000000, 1440140400000, 1440226800000, 1440313200000, 1440399600000, 1440486000000, 1440572400000, 1440658800000, 1440745200000, 1440831600000, 1440918000000, 1441004400000, 1441090800000, 1441177200000, 1441263600000, 1441350000000, 1441436400000, 1441522800000, 1441609200000, 1441695600000, 1441782000000, 1441868400000, 1441954800000, 1442041200000, 1442127600000, 1442214000000, 1442300400000, 1442386800000, 1442473200000, 1442559600000, 1442646000000, 1442732400000, 1442818800000, 1442905200000, 1442991600000, 1443078000000, 1443164400000, 1443250800000, 1443337200000, 1443423600000, 1443510000000, 1443596400000, 1443682800000, 1443769200000, 1443855600000, 1443942000000, 1444028400000, 1444114800000, 1444201200000, 1444287600000, 1444374000000, 1444460400000, 1444546800000, 1444633200000, 1444719600000, 1444806000000, 1444892400000, 1444978800000, 1445065200000, 1445151600000, 1445238000000, 1445324400000, 1445410800000, 1445497200000, 1445583600000, 1445670000000, 1445756400000, 1445842800000, 1445929200000, 1446015600000, 1446102000000, 1446188400000, 1446274800000, 1446361200000, 1446451200000, 1446537600000, 1446624000000, 1446710400000, 1446796800000, 1446883200000, 1446969600000, 1447056000000, 1447142400000, 1447228800000, 1447315200000, 1447401600000, 1447488000000, 1447574400000, 1447660800000, 1447747200000, 1447833600000, 1447920000000, 1448006400000, 1448092800000, 1448179200000, 1448265600000, 1448352000000, 1448438400000, 1448524800000, 1448611200000, 1448697600000, 1448784000000, 1448870400000, 1448956800000, 1449043200000, 1449129600000, 1449216000000, 1449302400000, 1449388800000, 1449475200000, 1449561600000, 1449648000000, 1449734400000, 1449820800000, 1449907200000, 1449993600000, 1450080000000, 1450166400000, 1450252800000, 1450339200000, 1450425600000, 1450512000000, 1450598400000, 1450684800000, 1450771200000, 1450857600000, 1450944000000, 1451030400000, 1451116800000, 1451203200000, 1451289600000, 1451376000000, 1451462400000, 1451548800000, 1451635200000, 1451721600000, 1451808000000, 1451894400000, 1451980800000, 1452067200000, 1452153600000, 1452240000000, 1452326400000, 1452412800000, 1452499200000, 1452585600000, 1452672000000, 1452758400000, 1452844800000, 1452931200000, 1453017600000, 1453104000000, 1453190400000, 1453276800000, 1453363200000, 1453449600000, 1453536000000, 1453622400000, 1453708800000, 1453795200000, 1453881600000, 1453968000000, 1454054400000, 1454140800000, 1454227200000, 1454313600000, 1454400000000, 1454486400000, 1454572800000, 1454659200000, 1454745600000, 1454832000000, 1454918400000, 1455004800000, 1455091200000, 1455177600000, 1455264000000, 1455350400000, 1455436800000, 1455523200000, 1455609600000, 1455696000000, 1455782400000, 1455868800000, 1455955200000, 1456041600000, 1456128000000, 1456214400000, 1456300800000, 1456387200000, 1456473600000, 1456560000000, 1456646400000, 1456732800000, 1456819200000, 1456905600000, 1456992000000, 1457078400000, 1457164800000, 1457251200000, 1457337600000, 1457424000000, 1457510400000, 1457596800000, 1457683200000, 1457769600000, 1457856000000, 1457938800000, 1458025200000, 1458111600000, 1458198000000, 1458284400000, 1458370800000, 1458457200000, 1458543600000, 1458630000000, 1458716400000, 1458802800000, 1458889200000, 1458975600000, 1459062000000, 1459148400000, 1459234800000, 1459321200000, 1459407600000, 1459494000000, 1459580400000, 1459666800000, 1459753200000, 1459839600000, 1459926000000, 1460012400000, 1460098800000, 1460185200000, 1460271600000, 1460358000000, 1460444400000, 1460530800000, 1460617200000, 1460703600000, 1460790000000, 1460876400000, 1460962800000, 1461049200000, 1461135600000, 1461222000000, 1461308400000, 1461394800000, 1461481200000, 1461567600000, 1461654000000, 1461740400000, 1461826800000, 1461913200000, 1461999600000, 1462086000000, 1462172400000, 1462258800000, 1462345200000, 1462431600000, 1462518000000, 1462604400000, 1462690800000, 1462777200000, 1462863600000, 1462950000000, 1463036400000, 1463122800000, 1463209200000, 1463295600000, 1463382000000, 1463468400000, 1463554800000, 1463641200000, 1463727600000, 1463814000000, 1463900400000, 1463986800000, 1464073200000, 1464159600000, 1464246000000, 1464332400000, 1464418800000, 1464505200000, 1464591600000, 1464678000000, 1464764400000, 1464850800000, 1464937200000, 1465023600000, 1465110000000, 1465196400000, 1465282800000, 1465369200000, 1465455600000, 1465542000000, 1465628400000, 1465714800000, 1465801200000, 1465887600000, 1465974000000, 1466060400000, 1466146800000, 1466233200000, 1466319600000, 1466406000000, 1466492400000, 1466578800000, 1466665200000, 1466751600000, 1466838000000, 1466924400000, 1467010800000, 1467097200000, 1467183600000, 1467270000000, 1467356400000, 1467442800000, 1467529200000, 1467615600000, 1467702000000, 1467788400000, 1467874800000, 1467961200000, 1468047600000, 1468134000000, 1468220400000, 1468306800000, 1468393200000, 1468479600000, 1468566000000, 1468652400000, 1468738800000, 1468825200000, 1468911600000, 1468998000000, 1469084400000, 1469170800000, 1469257200000, 1469343600000, 1469430000000, 1469516400000, 1469602800000, 1469689200000, 1469775600000, 1469862000000, 1469948400000, 1470034800000, 1470121200000, 1470207600000, 1470294000000, 1470380400000, 1470466800000, 1470553200000, 1470639600000, 1470726000000, 1470812400000, 1470898800000, 1470985200000, 1471071600000, 1471158000000, 1471244400000, 1471330800000, 1471417200000, 1471503600000, 1471590000000, 1471676400000, 1471762800000, 1471849200000, 1471935600000, 1472022000000, 1472108400000, 1472194800000, 1472281200000, 1472367600000, 1472454000000, 1472540400000, 1472626800000, 1472713200000, 1472799600000, 1472886000000, 1472972400000, 1473058800000, 1473145200000, 1473231600000, 1473318000000, 1473404400000, 1473490800000, 1473577200000, 1473663600000, 1473750000000, 1473836400000, 1473922800000, 1474009200000, 1474095600000, 1474182000000, 1474268400000, 1474354800000, 1474441200000, 1474527600000, 1474614000000, 1474700400000, 1474786800000, 1474873200000, 1474959600000, 1475046000000, 1475132400000, 1475218800000, 1475305200000, 1475391600000, 1475478000000, 1475564400000, 1475650800000, 1475737200000, 1475823600000, 1475910000000, 1475996400000, 1476082800000, 1476169200000, 1476255600000, 1476342000000, 1476428400000, 1476514800000, 1476601200000, 1476687600000, 1476774000000, 1476860400000, 1476946800000, 1477033200000, 1477119600000, 1477206000000, 1477292400000, 1477378800000, 1477465200000, 1477551600000, 1477638000000, 1477724400000, 1477810800000, 1477897200000, 1477983600000, 1478070000000, 1478156400000, 1478242800000, 1478329200000, 1478415600000, 1478505600000, 1478592000000, 1478678400000, 1478764800000, 1478851200000, 1478937600000, 1479024000000, 1479110400000, 1479196800000, 1479283200000, 1479369600000, 1479456000000, 1479542400000, 1479628800000, 1479715200000, 1479801600000, 1479888000000, 1479974400000, 1480060800000, 1480147200000, 1480233600000, 1480320000000, 1480406400000, 1480492800000, 1480579200000, 1480665600000, 1480752000000, 1480838400000, 1480924800000, 1481011200000, 1481097600000, 1481184000000, 1481270400000, 1481356800000, 1481443200000, 1481529600000, 1481616000000, 1481702400000, 1481788800000, 1481875200000, 1481961600000, 1482048000000, 1482134400000, 1482220800000, 1482307200000, 1482393600000, 1482480000000, 1482566400000, 1482652800000, 1482739200000, 1482825600000, 1482912000000, 1482998400000, 1483084800000, 1483171200000, 1483257600000, 1483344000000, 1483430400000, 1483516800000, 1483603200000, 1483689600000, 1483776000000, 1483862400000, 1483948800000, 1484035200000, 1484121600000, 1484208000000, 1484294400000, 1484380800000, 1484467200000, 1484553600000, 1484640000000, 1484726400000, 1484812800000, 1484899200000, 1484985600000, 1485072000000, 1485158400000, 1485244800000, 1485331200000, 1485417600000, 1485504000000, 1485590400000, 1485676800000, 1485763200000, 1485849600000, 1485936000000, 1486022400000, 1486108800000, 1486195200000, 1486281600000, 1486368000000, 1486454400000, 1486540800000, 1486627200000, 1486713600000, 1486800000000, 1486886400000, 1486972800000, 1487059200000, 1487145600000, 1487232000000, 1487318400000, 1487404800000, 1487491200000, 1487577600000, 1487664000000, 1487750400000, 1487836800000, 1487923200000, 1488009600000, 1488096000000, 1488182400000, 1488268800000, 1488355200000, 1488441600000, 1488528000000, 1488614400000, 1488700800000, 1488787200000, 1488873600000, 1488960000000, 1489046400000, 1489132800000, 1489219200000, 1489305600000, 1489388400000, 1489474800000, 1489561200000, 1489647600000, 1489734000000, 1489820400000, 1489906800000, 1489993200000, 1490079600000, 1490166000000, 1490252400000, 1490338800000, 1490425200000, 1490511600000, 1490598000000, 1490684400000, 1490770800000, 1490857200000, 1490943600000, 1491030000000, 1491116400000, 1491202800000, 1491289200000, 1491375600000, 1491462000000, 1491548400000, 1491634800000, 1491721200000, 1491807600000, 1491894000000, 1491980400000, 1492066800000, 1492153200000, 1492239600000, 1492326000000, 1492412400000, 1492498800000, 1492585200000, 1492671600000, 1492758000000, 1492844400000, 1492930800000, 1493017200000, 1493103600000, 1493190000000, 1493276400000, 1493362800000, 1493449200000, 1493535600000, 1493622000000, 1493708400000, 1493794800000, 1493881200000, 1493967600000, 1494054000000, 1494140400000, 1494226800000, 1494313200000, 1494399600000, 1494486000000, 1494572400000, 1494658800000, 1494745200000, 1494831600000, 1494918000000, 1495004400000, 1495090800000, 1495177200000, 1495263600000, 1495350000000, 1495436400000]}}]]></graph_data></root>