<?xml version="1.0" encoding="utf-8"?><root><html_content><![CDATA[

      <div id="watch-actions-stats" class="watch-actions-stats-rats stats-cumulative top-selected-views" data-current-mode-css="stats-mode-daily" data-current-top-site-css="top-selected-views" data-current-metric-css="stats-metric-views">
        <div class="stats-header">
    <h1>
      <span class="stats-header-text yt-card-title">Video statistics</span>
<span class="stats-sub-header">Through May 22, 2017  
  <span class="yt-uix-clickcard">
    <button class="yt-uix-clickcard-target" aria-label="Learn more." aria-haspopup="true" data-position="topleft" type="button">
      <span class="yt-help-icon yt-sprite"></span>
    </button>
    <span class="yt-uix-clickcard-content" role="dialog" aria-label="Learn more." aria-describedby="-3030195748191515430">
      <button class="yt-uix-clickcard-close" aria-label="Close learn more dialog."></button>
      <p id="-3030195748191515430">The video statistics shown below are updated daily. They may lag behind the view count shown directly beneath the video, which updates many times a day.
      </p>
    </span>
  </span>

</span>
    </h1>

  </div>

        <table class="stats-bragbar-container yt-uix-button-group yt-uix-tabs" data-uix-tabs-selected-extra-class="yt-uix-button-toggled">
    <tr>
          <td class="stats-bragbar stats-bragbar-views yt-uix-button yt-uix-tabs-tab  yt-uix-tabs-selected yt-uix-button-toggled" data-uix-tabs-target-id="stats-chart-tab-views" data-top-site-css="top-selected-views" data-metric-css="stats-metric-views" style="border-bottom-color: #73c421">
    <span class="metric-label">Views</span>
    <div class="bragbar-metric-large">87,614,696</div>
  </td>

        <td class="stats-bragbar-filler"></td>
    </tr>
  </table>

  <div class="stats-charts-container">
      <div id="stats-chart-tab-views" class="stats-chart-menu ">
      </div>

    <div class="stats-chart-gviz"></div>

  </div>



  </div>

]]></html_content><graph_data><![CDATA[{"views": {"daily": {"opt": {"vAxis": {"textStyle": {"color": "#666"}, "baselineColor": "#e2e2e2", "titleTextStyle": {"color": "#666"}, "gridlines": {"color": "#f0f0f0"}, "maxValue": 202383, "minValue": 0}, "enableInteractivity": false, "chartArea": {"left": 74.0, "top": 30}, "pointSize": 0, "tooltip": {"trigger": "none"}, "legend": {"position": "none"}, "hAxis": {"slantedText": false, "textStyle": {"color": "#666"}, "baselineColor": "transparent", "gridlines": {"color": "transparent"}, "viewWindow": {}}, "colors": ["#73c421"]}, "data": [15498, 127514, 202382, 108668, 105852, 130792, 83849, 93545, 81716, 63312, 60873, 60213, 60502, 67449, 77546, 73478, 66520, 70709, 75348, 75062, 81494, 86678, 83350, 97285, 85417, 87893, 83849, 90068, 99282, 100928, 98722, 99374, 108805, 104088, 117156, 123492, 114114, 111856, 115607, 114461, 130807, 132043, 153070, 130550, 119159, 121156, 122534, 125762, 139558, 155393, 128607, 121504, 116444, 111152, 108065, 123903, 140391, 118769, 104944, 107219, 108369, 111756, 127010, 146990, 133895, 110857, 104049, 107066, 118140, 124022, 119868, 105628, 104686, 101947, 110348, 107591, 106336, 114316, 103228, 93366, 92614, 92351, 86719, 99901, 108883, 94158, 86351, 90944, 93954, 100807, 113105, 123803, 110381, 90628, 91294, 93852, 97132, 106402, 120443, 99924, 86414, 81418, 89176, 81643, 89134, 113201, 94058, 78128, 81395, 84343, 84022, 89863, 99582, 85564, 72486, 74311, 77512, 74255, 78472, 88595, 77713, 71005, 67434, 71782, 70962, 74656, 80760, 70573, 63572, 62224, 63980, 62733, 67508, 69529, 62773, 56717, 57767, 62336, 59257, 58521, 61445, 55793, 51516, 51601, 53133, 52295, 57436, 60506, 53518, 53018, 54015, 56303, 55038, 56366, 54267, 48156, 52104, 52723, 58091, 56487, 55008, 53030, 46744, 53393, 53981, 52357, 51438, 51481, 49217, 43079, 48319, 48015, 42727, 48911, 49242, 47021, 42800, 47413, 46020, 46698, 48009, 49630, 44553, 40281, 45922, 44518, 44471, 43943, 45002, 41115, 38194, 40940, 41623, 40611, 40235, 40413, 36710, 35059, 39153, 39768, 38317, 36854, 37909, 36165, 33101, 35636, 35992, 35281, 34274, 51835, 59515, 58017, 61680, 62836, 61257, 61250, 64160, 64804, 60453, 62612, 59668, 63107, 62340, 66564, 73988, 70606, 64803, 60507, 61772, 61155, 66482, 75077, 69233, 61474, 60696, 62982, 61459, 70212, 79560, 68629, 55686, 55283, 57154, 58586, 65183, 73050, 64395, 52775, 52814, 55989, 53554, 59544, 70426, 57172, 47677, 48560, 50985, 50558, 57764, 64308, 56772, 50108, 47700, 43435, 50493, 56106, 61765, 53609, 45161, 46630, 48077, 48135, 54440, 60185, 52960, 46304, 45706, 46502, 47616, 51923, 54858, 47400, 45987, 46477, 45400, 46848, 53866, 59902, 53186, 45323, 44527, 47211, 49533, 51842, 56590, 48195, 41596, 40722, 42387, 41413, 46912, 53801, 45995, 40865, 41422, 45933, 43258, 47036, 49663, 43317, 37328, 38574, 40642, 41252, 45970, 51952, 45208, 40085, 39993, 42438, 40497, 44667, 50372, 44426, 39240, 39714, 42542, 46488, 51145, 56122, 51220, 49388, 50619, 52954, 54851, 48523, 43023, 46151, 48446, 49768, 51127, 54254, 54086, 45352, 45774, 44154, 44351, 44020, 42967, 47711, 51982, 45130, 38775, 39214, 41918, 41657, 47555, 53672, 46627, 41785, 40358, 40591, 42490, 47834, 52475, 45513, 38264, 38300, 40470, 41280, 44849, 50251, 42714, 37003, 38686, 39419, 38722, 42754, 46134, 38853, 34257, 34126, 34877, 35329, 39175, 43057, 39400, 29403, 28791, 30174, 31029, 34859, 37886, 33242, 29951, 28697, 31862, 35294, 37286, 40636, 36869, 31039, 32196, 32977, 33711, 37370, 41318, 35027, 31496, 30576, 31497, 32209, 33423, 36870, 32128, 28490, 28416, 29215, 29263, 31129, 34594, 29889, 26024, 26136, 28041, 28029, 31270, 35919, 30824, 26217, 26420, 27409, 28111, 31348, 33027, 29954, 26000, 26182, 26499, 26248, 28821, 32315, 27824, 25084, 25729, 26215, 26708, 28158, 29954, 25993, 24414, 24682, 24905, 26862, 27642, 26243, 23969, 24238, 23142, 23075, 24484, 25544, 28834, 25738, 23710, 23275, 24120, 24858, 26694, 27630, 23465, 20939, 21388, 22623, 22676, 24732, 27721, 24198, 21114, 21656, 21952, 23144, 24868, 29584, 27617, 25377, 26954, 27757, 30273, 31381, 28220, 24242, 22857, 23282, 23911, 24927, 26167, 28317, 26674, 25586, 24675, 25729, 26248, 28412, 30265, 28699, 28581, 26384, 26849, 26662, 30422, 30851, 28854, 29060, 29061, 30784, 33536, 33164, 31153, 30483, 32321, 33730, 34398, 36469, 31831, 34175, 34902, 35243, 38324, 38682, 32473, 33112, 30092, 28796, 28423, 29076, 29913, 29645, 33739, 33484, 31760, 33421, 33159, 34161, 36281, 38072, 36438, 34483, 36534, 36662, 32118, 35133, 36502, 35211, 31236, 31979, 32408, 33625, 34390, 35749, 31505, 32885, 37533, 50499, 50747, 50577, 47908, 45132, 42477, 47025, 44520, 44039, 47298, 49630, 46801, 45386, 42853, 43835, 45532, 43940, 45275, 51183, 47660, 43710, 45170, 42039, 42849, 47558, 51429, 46733, 43570, 39734, 45163, 46923, 48222, 56014, 48901, 42687, 44707, 46841, 48018, 51991, 62293, 52876, 44703, 48167, 49350, 50296, 54380, 61879, 53480, 41071, 43378, 51453, 49687, 52435, 59826, 53749, 45418, 45999, 49858, 49107, 54924, 55485, 49178, 42042, 42681, 41626, 39096, 46635, 52163, 45146, 38999, 36686, 41038, 40167, 43860, 47622, 38257, 36394, 36715, 38077, 39290, 42722, 45375, 43099, 43460, 46236, 44767, 43716, 49446, 57442, 45293, 36653, 34867, 36319, 39247, 44429, 46744, 41381, 34651, 35150, 37491, 36959, 39881, 44049, 38733, 33909, 35546, 38356, 36902, 40079, 43158, 37590, 31853, 34174, 36838, 35609, 38306, 42936, 37429, 32418, 33228, 33389, 35353, 35266, 40546, 35856, 30100, 30220, 32752, 31845, 34317, 38058, 33615, 32301, 33162, 34568, 35260, 34821, 29913, 28123, 30719, 32023, 33704, 33921, 35368, 33309, 27236, 29993, 29602, 30916, 31281, 33184, 34376, 29436, 26610, 28419, 30855, 30805, 32619, 35689, 32293, 29116, 27472, 29273, 30233, 34401, 37528, 33241, 28391, 27894, 29031, 29848, 33020, 34104, 24703, 21671, 21581, 22352, 22830, 24240, 27151, 23009, 21028, 22090, 22390, 22941, 29948, 32781, 28752, 25646, 25883, 27457, 27593, 30513, 31015, 28837, 27864, 25389, 26702, 27476, 29792, 29665, 28017, 25262, 26184, 26422, 27745, 30061, 29861, 29808, 26265, 26727, 27313, 27453, 30080, 29794, 28356, 24960, 24879, 25438, 26062, 29920, 33676, 31857, 28146, 28020, 29361, 31539, 34241, 39983, 34088, 29933, 30459, 31297, 28715, 30542, 32829, 29694, 27702, 28324, 29032, 29992, 30066, 28932, 27023, 25914, 24474, 23942, 25013, 27419, 30549, 27076, 24606, 24300, 24871, 25353, 27149, 29209, 26465, 23102, 23622, 23239, 23681, 25353, 27418, 26039, 24618, 23143, 23249, 23418, 24406, 27110, 25053, 22847, 23349, 23612, 23576, 25182, 26949, 24560, 22269, 22539, 23408, 23597, 23826, 24175, 22787, 21325, 21773, 22297, 22839, 23644, 24564, 23008, 21810, 22319, 22979, 23878, 25974, 26456, 25620, 23460, 23326, 23843, 24088, 22911, 13630, 12810, 12494, 15934, 21497, 20881, 21988, 22248, 20447, 20328, 20463, 20795, 20724, 20689, 19671, 18671, 19554, 19463, 18619, 19149, 19787, 19489, 18045, 19603, 19795, 18850, 19740, 20317, 19064, 18805, 19840, 19259, 19540, 19946, 24364, 26267, 25500, 27169, 26838, 27109, 26922, 25449, 25587, 24219, 25982, 24627, 23407, 24554, 24069, 22395, 21535, 23055, 23817, 22939, 22330, 23244, 22035, 21849, 23329, 23215, 23255, 23424, 24127, 23278, 22827, 23572, 23965, 22552, 22722, 23811, 23331, 22058, 22363, 22932, 22842, 19484, 16977, 16466, 15282, 15408, 15123, 14969, 15452, 15901, 15480, 14265, 14224, 13374, 13501, 13922, 14768, 15696, 14831, 13735, 14390, 14276, 14734, 15662, 16734, 14103, 12487, 11661, 12634, 15182, 14636, 14802, 13429, 11156, 11431, 11762, 11501, 12945, 14124, 12809, 10964, 11181, 11639, 11955, 13173, 14592, 13130, 11837, 11468, 12024, 12077, 13103, 14793, 12738, 11531, 10980, 12397, 13505, 19100, 21191, 19675, 16899, 16851, 17513, 17366, 18754, 20160, 18846, 17363, 17525, 16286, 18979, 16324, 16788, 16244, 15994, 15491, 15884, 17875, 19060, 20972, 18706, 14740, 11027, 10061, 8624, 10427, 13936, 12767, 9893, 11270, 10359, 12256, 12914, 12562, 9795, 8564, 9295, 10935, 11927, 13020, 14036, 12696, 11737, 12213, 13311, 10507, 14186, 14924, 10804, 9674, 9892, 10574, 10913, 12424, 11691, 10632, 10371, 10335, 10055, 9255, 10872, 11238, 10577, 9606, 9661, 11722, 12711, 10988, 11861, 11215, 11148, 9687, 10454, 11317, 11630, 10392, 9909, 9567, 9943, 9925, 10263, 12232, 12745, 12094, 12295, 10784, 11781, 12807, 13933, 14698, 13245, 13818, 10961, 13992, 12540, 15974, 17172, 14610, 12688, 13380, 13520, 13171, 13730, 14961, 13501, 12640, 11602, 12913, 11890, 12506, 14232, 12860, 11039, 10687, 12361, 11526, 11912, 13428, 11658, 10853, 11209, 10798, 10239, 11703, 14037, 12724, 12018, 12032, 12109, 12145, 13242, 13936, 12795, 10028, 8922, 9952, 10176, 11256, 11964, 13247, 11660, 11006, 12187, 12309, 11578, 12107, 13091, 11462, 10095, 11362, 10605, 7821, 9551, 11215, 10348, 11854, 9889, 10145, 9789, 9274, 10053, 10481, 10134, 10021, 11629, 11095, 10739, 9688, 10118, 10290, 11644, 10408, 13014, 14760, 12476, 11053, 11635, 12447, 11677, 12582, 12199, 11206, 11225, 10542, 11913, 11190, 12346, 13649, 12169, 11357, 11181, 13213, 14256, 13429, 13599, 11959, 10682, 12050, 12275, 12429, 12601, 13410, 11540, 10186, 10232, 10658, 10302, 12832, 13570, 14822, 14827, 13361, 12933, 12613, 12548, 14111, 12493, 12032, 11879, 12649, 12429, 12556, 13114, 12277, 11643, 11780, 12711, 12681, 13007, 12547, 12217, 11709, 12152, 11537, 12651, 12851, 11026, 10607, 10502, 11030, 11076, 10788, 11234, 11959, 10095, 11823, 13791, 14065, 14699, 12380, 11564, 10971, 11741, 11814, 12505, 11823, 11480, 11004, 10488, 11308, 11242, 11578, 10836, 10300, 12253, 11413, 12893, 12508, 12671, 13769, 15281, 13719, 13891, 14308, 14729, 14639, 13981, 14420, 13137, 13517, 13965, 14328, 14616, 14161, 13952, 13189, 13500, 13466, 13601, 13847, 14749, 15294, 14506, 13937, 14901, 14574, 14738, 14013, 14319, 13777, 14288, 14988, 13874, 14258, 14664, 14141, 14461, 14228, 14447, 14360, 14577, 14925, 15107, 15083, 14764, 14057, 13461, 13148, 13134, 13482, 14587, 13810, 11920, 12671, 13126, 13750, 14156, 16429, 15645, 14747, 13972, 14775, 14908, 16548, 17792, 16882, 15204, 16016, 16827, 17438, 18095, 19156, 17329, 17450, 17297, 16365, 16906, 17226, 18684, 18186, 16027, 15998, 17356, 17342, 18020, 20806, 21690, 19510, 19154, 21165, 22508, 26192, 32027, 30842, 28780, 25668, 28682, 29611, 32631, 35337, 34976, 32213, 31916, 33549, 24134, 26982, 32380, 30487, 27044, 27094, 32304, 30506, 31517, 33217, 30362, 23953, 20857, 22883, 22325, 24324, 28707, 33678, 27706, 27588, 28191, 28230, 29920, 32741, 31820, 27580, 26708, 28434, 27799, 29045, 34296, 29377, 26367, 27898, 30641, 30939, 30394, 33222, 29861, 27819, 31680, 32887, 31012, 33318, 33083, 23409, 17957, 21119, 23263, 25880, 24671, 26668, 29671, 29705, 25699, 27444, 28503, 31466, 30465, 31083, 34181, 38853, 32384, 34322, 38286, 39711, 35284, 33011, 32855, 34282, 37170, 40656, 48435, 33262, 27993, 29247, 33457, 34697, 35060, 40302, 38905, 35710, 33619, 34612, 36795, 43105, 46813, 43431, 37322, 38299, 37490, 35795, 38788, 44611, 34426, 27594, 30632, 37724, 37258, 37660, 38456, 34705, 30635, 31280, 32889, 32795, 36266, 41058, 33726, 32705, 33453, 30570, 30403, 33602, 35827, 34763, 31106, 31797, 31656, 33088, 33434, 38502, 34923, 28133, 28088, 28355, 29725, 30691, 34199, 30093, 27690, 27345, 28323, 27815, 27761, 32648, 29724, 26629, 26236, 26814, 27114, 27815, 32036, 29159, 25793, 26022, 27501, 27951, 27625, 30795, 27367, 23910, 24141, 25156, 26660, 27977, 31778, 29290, 25130, 24802, 26700, 22245, 27933, 34599, 33701, 33214, 33216, 32925, 33715, 33870, 31759, 30504, 31937, 31131, 30741, 27793, 29079, 30900, 30417, 31488, 29980, 30458, 20203, 20328, 20057, 20262, 24929, 26109, 27033, 26892, 27275, 29277, 26515, 24988, 26122, 27854, 30542, 31400, 35761, 32705, 29836, 31601, 31979, 32551, 33060, 39227, 36305, 34193, 32970, 26749, 27607, 25589, 26535, 25085, 24875, 24634, 28061, 29633, 28130, 28966, 28518, 29302, 28385, 30442, 39318, 32932, 31870, 28480, 28834, 27782, 28315, 28583, 28958, 27530, 26562, 27203, 28523, 29257, 32041, 33370, 30545, 30091, 31994, 31014, 33028, 32443, 30296, 29450, 28613, 30753, 34094, 34705, 35734, 35238, 34647, 32011, 34309, 34990, 34026, 29951, 29203, 29271, 27812, 19342, 21175, 22176, 28334, 29194, 28988, 26794, 29662, 29842, 29525, 28359, 28539, 27401, 25699, 27411, 27542, 26255, 26695, 28275, 27374, 27103, 28008, 27287, 27392, 28408, 27870, 26479, 25244, 21036, 20321, 21214, 21627, 21993, 22444, 21620, 19642, 21008, 21250, 21059, 22184, 22007, 20862, 20643, 19674, 20043, 23975, 26081, 29976, 26861, 24356, 25140, 25525, 26031, 29179, 31071, 34138, 25118, 24163, 24646, 24290, 24867, 28020, 20741, 18316, 18479, 18165, 20144, 21292, 23218, 21203, 19625, 19494, 20184, 22714, 23409, 25031, 24050, 22198, 23537, 24034, 23555, 25951, 27696, 26281, 24427, 24897, 24914, 24907, 28303, 30548, 29397, 21928, 18575, 18303, 18548, 30753, 33915, 34295, 32129, 32427, 33932, 30517, 28730, 33096, 33177, 28968, 29656, 30451, 27445, 28980, 31057, 28256, 25941, 26830, 25043, 25822, 28053, 28883, 16769, 15379, 15532, 15998, 21665, 23275, 25124, 22743, 21397, 21752, 23740, 28101, 29414, 30938, 28361, 26057, 26749, 27283, 26797, 27920, 30146, 27983, 26162, 25843, 26355, 25556, 26500, 28090, 26158, 24463, 24661, 25138, 24998, 25915, 26472, 25158, 25674, 26105, 23673, 22309, 25200, 27655, 28348, 30738, 31621, 33947, 26351, 29722, 29519, 27752, 26632, 27058, 27680, 25250, 27753, 30617, 27726, 25238, 26632, 27902, 27684, 27681, 29768, 25636, 23012, 22309, 23158, 23183, 25226, 27662, 24894, 23863, 24867, 24861, 25910, 27305, 29086, 25766, 24021, 24058, 24047, 25189, 26618, 28704, 26186, 24430, 24831, 25443, 25655, 27478, 28914, 26617, 26552, 25490, 25189, 26180, 27434, 28433, 25706, 25032, 26013, 25339, 27264, 28630, 31611, 28861, 26176, 27126, 26593, 28969, 30498, 33092, 27508, 24227, 21806, 21369, 22046, 22763, 24683, 22405, 19532, 19562, 20816, 24976, 26321, 29224, 27198, 24971, 25027, 25271, 25923, 23935, 25881, 23490, 22266, 21683, 22346, 23175, 23152, 22742, 21671, 22669, 21580, 22698, 23099, 22410, 24203, 22916, 21621, 21828, 22079, 22866, 24250, 26013, 24416, 22719, 23091, 23185, 22918, 23881, 25846, 23593, 22907, 23099, 22787, 22554, 24236, 24074, 23150, 22751, 22744, 23043, 22892, 23561, 25058, 22952, 21658, 21905, 22758, 24517, 25240, 26024, 24380, 22802, 24565, 24508, 27327, 27862, 27295, 24243, 24480, 23117, 23462, 23729, 23163, 23844, 22038, 21943, 21507, 23022, 23853, 24111, 24260, 23843, 23627, 24789, 24623, 25159, 25049, 25657, 24070, 23782, 22861, 22227, 22318, 21589, 20991, 19348, 20297, 20683, 20939, 23708, 23695, 24228, 24299, 24717, 24813, 26325, 26768, 26692, 25331, 25913, 27478, 28169, 26737, 24965, 27815, 26836, 28067, 29017, 27805, 26982, 26550, 27271, 27868, 27194, 28462, 27747, 28554, 29117, 30160, 28930, 26999, 28127, 27896, 27912, 27957, 27419, 26388, 25299, 26510, 28335, 27263, 27844, 27266, 26289, 25567, 28782, 28916, 27665, 28446, 29572, 29399, 27960, 29026, 29223, 28988, 29401, 29389, 29347, 29746, 30180, 29068, 28297, 28554, 29622, 29867, 27666, 26369, 27207, 27190, 27422, 29615, 31098, 28573, 27179, 26229, 26032, 26830, 28291, 31564, 28677, 25968, 25735, 27324, 27296, 29362, 31597, 29407, 26953, 26973, 27758, 27822, 28688, 30888, 28864, 26870, 26395, 27806, 27752, 29142, 31449, 28643, 26413, 27498, 28079, 30169, 32249, 34783, 32382, 30145, 29700, 31269, 30415, 31768, 32881, 29007, 27799, 29010, 29256, 28269, 30603, 30973, 30454, 30433, 30857, 31331, 29903, 28970, 27430, 28368, 28271, 29561, 30420, 31344, 31306, 32528, 29887, 29348, 30894, 33618, 32075, 31029, 31113, 29529, 29009, 31709, 31427, 32259, 31832, 31850, 28875, 28442, 29724, 29745, 29641, 29962, 30343, 27826, 27736, 32866, 32014, 29993, 30100, 32851, 32756, 32710, 29732, 27135, 31065, 31732, 33110, 31433, 30816, 34487, 33129, 33360, 36169, 36311, 33682, 33875, 34703, 33323, 30883, 28966, 31267, 30879, 31497, 32810, 32188, 35060, 28604, 32093, 30627, 29762, 30496, 30600, 31860, 32656, 34693, 31243, 29734, 30885, 31415, 32870, 34985, 38610, 35512, 33316, 32915, 34184, 34198, 35839, 39388, 34827, 33548, 37496, 37948, 38227, 37172, 40320, 36860, 33435, 33657, 35015, 36260, 37648, 41507, 37727, 34844, 36932, 36743, 37090, 40069, 42299, 38670, 36301, 35478, 36715, 36789, 38210, 40146, 35778, 31851, 32345, 33577, 33076, 34578, 37867, 33553, 30545, 31496, 31738, 31725, 32137, 33499, 30949, 28115, 30114, 31191, 31914, 32873, 35026, 30863, 29916, 29994, 30294, 30318, 31172, 33586, 30248, 28052, 28160, 28768, 30692, 30842, 31220, 29121, 29550, 28654, 29317, 30512, 32143, 34231, 32395, 30259, 30679, 32738, 35255, 36999, 35989, 34162, 31233, 31860, 30526, 34343, 36419, 36041, 32687, 30409, 30061, 29563, 31128, 32341, 34491, 32389, 30908, 30186, 30482, 33327, 32420, 35327, 32273, 31493, 32330, 33120, 33095, 33601, 35467, 31683, 29788, 31457, 30492, 32567, 34343, 36907, 34345, 32494, 32426, 32047, 32213, 33547, 36142, 34882, 30780, 31599, 32300, 33187, 34239, 34064, 32976, 31838, 33092, 33210, 32971, 34333, 34243, 31141, 30301, 31084, 32258, 33425, 34734, 33662, 31136, 30097, 30349, 29192, 29463, 31153, 30010, 26890, 27244, 27042, 27741, 29510, 30279, 29123, 27143, 27826, 28581, 28868, 29070, 29324, 28839, 27020, 27056, 29279, 28647, 29163, 29358, 26872, 25124, 26651, 27697, 27024, 27505, 28882, 28260, 25278, 25996, 26380, 26766, 27135, 28134, 27529, 26115, 27690, 27787, 27176, 29138, 30408, 28389, 26388, 28864, 28661, 29778, 28659, 28760, 26242, 25093, 26517, 26292, 27301, 28091, 31248, 28834, 26817, 26721, 26609, 26191, 27214, 28115, 28130, 25627, 26962, 26601, 27827, 28887, 30228, 29699, 27328, 26814, 26997, 27560, 27745, 28655, 27894, 25563, 24524, 23928, 25289, 26090, 27910, 28099, 24854, 22567, 23179, 23400, 23984, 26719, 27729, 25992, 24210, 25195, 26079, 26908, 28706, 29265, 24911, 24403, 24835, 25722, 26100, 29557, 31463, 28286, 27938, 27435, 27252, 27668, 30534, 32399, 29448, 29772, 28279, 29077, 27968, 29360, 32280, 30174, 26644, 26980, 27567, 27941, 29478, 29496, 29660, 30118, 31119, 30757, 31962, 32320, 31908, 29320, 28346, 29897, 30123, 30270, 31478, 33746, 30827, 28109, 28756, 29987, 33231, 36419, 36290, 33032, 33529, 34742, 35751, 34712, 34653, 35413, 34694, 35181, 34763, 33373, 31049, 32680, 35175, 31735, 30370, 30985, 31766, 33215, 34140, 36548, 34280, 32627, 33024, 34097, 33970, 34878, 35896, 33154, 31442, 31779, 32587, 31122, 34316, 36025, 33095, 33084, 34177, 34262, 34766, 35163, 31104, 27448, 30557, 32467, 31160, 31983, 32503, 36307, 27703, 30738, 31956, 32933, 33243, 32945, 33055, 31745, 30060, 31850, 32741, 32977, 34354, 37178, 34780, 32603, 32957, 30819, 31669, 33133, 35409, 32216, 31390, 31936, 32995, 34491, 34696, 35365, 34233, 32396, 31638, 32726, 33188, 33650, 36047, 32665, 31376, 34012, 34449, 37129, 40086, 42149, 39608, 39264, 37557, 38299, 38041, 37408, 36753, 33697, 31220, 31870, 29618, 32728, 33996, 35158, 30673, 33174, 33157, 33504, 30212, 29377, 31499, 29000, 26884, 27561, 29364, 29855, 34009, 37692, 32750, 31869, 32696, 33599, 35619, 36804, 39916, 33405, 34167, 37211, 40029, 41341, 43232, 44384, 40807, 38285, 40042, 42378, 42738, 41940, 48836, 45425, 38296, 39804, 43807, 45354, 47159, 43773, 39888, 41542, 42317, 39955, 40516, 39571, 38564, 39646, 42354, 40533, 37560, 36375, 40052, 41657, 37428, 35519, 36334, 37153, 39101, 39518, 38884, 36660, 41515, 39121, 37915, 33832, 35571, 38454, 34979, 35109, 33623, 35136, 38368, 38927, 38161, 32998, 34634, 36324, 32064, 30938, 32468, 38878, 34339, 32938]}}, "day": {"data": [1264233600000, 1264320000000, 1264406400000, 1264492800000, 1264579200000, 1264665600000, 1264752000000, 1264838400000, 1264924800000, 1265011200000, 1265097600000, 1265184000000, 1265270400000, 1265356800000, 1265443200000, 1265529600000, 1265616000000, 1265702400000, 1265788800000, 1265875200000, 1265961600000, 1266048000000, 1266134400000, 1266220800000, 1266307200000, 1266393600000, 1266480000000, 1266566400000, 1266652800000, 1266739200000, 1266825600000, 1266912000000, 1266998400000, 1267084800000, 1267171200000, 1267257600000, 1267344000000, 1267430400000, 1267516800000, 1267603200000, 1267689600000, 1267776000000, 1267862400000, 1267948800000, 1268035200000, 1268121600000, 1268208000000, 1268294400000, 1268380800000, 1268467200000, 1268553600000, 1268636400000, 1268722800000, 1268809200000, 1268895600000, 1268982000000, 1269068400000, 1269154800000, 1269241200000, 1269327600000, 1269414000000, 1269500400000, 1269586800000, 1269673200000, 1269759600000, 1269846000000, 1269932400000, 1270018800000, 1270105200000, 1270191600000, 1270278000000, 1270364400000, 1270450800000, 1270537200000, 1270623600000, 1270710000000, 1270796400000, 1270882800000, 1270969200000, 1271055600000, 1271142000000, 1271228400000, 1271314800000, 1271401200000, 1271487600000, 1271574000000, 1271660400000, 1271746800000, 1271833200000, 1271919600000, 1272006000000, 1272092400000, 1272178800000, 1272265200000, 1272351600000, 1272438000000, 1272524400000, 1272610800000, 1272697200000, 1272783600000, 1272870000000, 1272956400000, 1273042800000, 1273129200000, 1273215600000, 1273302000000, 1273388400000, 1273474800000, 1273561200000, 1273647600000, 1273734000000, 1273820400000, 1273906800000, 1273993200000, 1274079600000, 1274166000000, 1274252400000, 1274338800000, 1274425200000, 1274511600000, 1274598000000, 1274684400000, 1274770800000, 1274857200000, 1274943600000, 1275030000000, 1275116400000, 1275202800000, 1275289200000, 1275375600000, 1275462000000, 1275548400000, 1275634800000, 1275721200000, 1275807600000, 1275894000000, 1275980400000, 1276066800000, 1276153200000, 1276239600000, 1276326000000, 1276412400000, 1276498800000, 1276585200000, 1276671600000, 1276758000000, 1276844400000, 1276930800000, 1277017200000, 1277103600000, 1277190000000, 1277276400000, 1277362800000, 1277449200000, 1277535600000, 1277622000000, 1277708400000, 1277794800000, 1277881200000, 1277967600000, 1278054000000, 1278140400000, 1278226800000, 1278313200000, 1278399600000, 1278486000000, 1278572400000, 1278658800000, 1278745200000, 1278831600000, 1278918000000, 1279004400000, 1279090800000, 1279177200000, 1279263600000, 1279350000000, 1279436400000, 1279522800000, 1279609200000, 1279695600000, 1279782000000, 1279868400000, 1279954800000, 1280041200000, 1280127600000, 1280214000000, 1280300400000, 1280386800000, 1280473200000, 1280559600000, 1280646000000, 1280732400000, 1280818800000, 1280905200000, 1280991600000, 1281078000000, 1281164400000, 1281250800000, 1281337200000, 1281423600000, 1281510000000, 1281596400000, 1281682800000, 1281769200000, 1281855600000, 1281942000000, 1282028400000, 1282114800000, 1282201200000, 1282287600000, 1282374000000, 1282460400000, 1282546800000, 1282633200000, 1282719600000, 1282806000000, 1282892400000, 1282978800000, 1283065200000, 1283151600000, 1283238000000, 1283324400000, 1283410800000, 1283497200000, 1283583600000, 1283670000000, 1283756400000, 1283842800000, 1283929200000, 1284015600000, 1284102000000, 1284188400000, 1284274800000, 1284361200000, 1284447600000, 1284534000000, 1284620400000, 1284706800000, 1284793200000, 1284879600000, 1284966000000, 1285052400000, 1285138800000, 1285225200000, 1285311600000, 1285398000000, 1285484400000, 1285570800000, 1285657200000, 1285743600000, 1285830000000, 1285916400000, 1286002800000, 1286089200000, 1286175600000, 1286262000000, 1286348400000, 1286434800000, 1286521200000, 1286607600000, 1286694000000, 1286780400000, 1286866800000, 1286953200000, 1287039600000, 1287126000000, 1287212400000, 1287298800000, 1287385200000, 1287471600000, 1287558000000, 1287644400000, 1287730800000, 1287817200000, 1287903600000, 1287990000000, 1288076400000, 1288162800000, 1288249200000, 1288335600000, 1288422000000, 1288508400000, 1288594800000, 1288681200000, 1288767600000, 1288854000000, 1288940400000, 1289026800000, 1289113200000, 1289203200000, 1289289600000, 1289376000000, 1289462400000, 1289548800000, 1289635200000, 1289721600000, 1289808000000, 1289894400000, 1289980800000, 1290067200000, 1290153600000, 1290240000000, 1290326400000, 1290412800000, 1290499200000, 1290585600000, 1290672000000, 1290758400000, 1290844800000, 1290931200000, 1291017600000, 1291104000000, 1291190400000, 1291276800000, 1291363200000, 1291449600000, 1291536000000, 1291622400000, 1291708800000, 1291795200000, 1291881600000, 1291968000000, 1292054400000, 1292140800000, 1292227200000, 1292313600000, 1292400000000, 1292486400000, 1292572800000, 1292659200000, 1292745600000, 1292832000000, 1292918400000, 1293004800000, 1293091200000, 1293177600000, 1293264000000, 1293350400000, 1293436800000, 1293523200000, 1293609600000, 1293696000000, 1293782400000, 1293868800000, 1293955200000, 1294041600000, 1294128000000, 1294214400000, 1294300800000, 1294387200000, 1294473600000, 1294560000000, 1294646400000, 1294732800000, 1294819200000, 1294905600000, 1294992000000, 1295078400000, 1295164800000, 1295251200000, 1295337600000, 1295424000000, 1295510400000, 1295596800000, 1295683200000, 1295769600000, 1295856000000, 1295942400000, 1296028800000, 1296115200000, 1296201600000, 1296288000000, 1296374400000, 1296460800000, 1296547200000, 1296633600000, 1296720000000, 1296806400000, 1296892800000, 1296979200000, 1297065600000, 1297152000000, 1297238400000, 1297324800000, 1297411200000, 1297497600000, 1297584000000, 1297670400000, 1297756800000, 1297843200000, 1297929600000, 1298016000000, 1298102400000, 1298188800000, 1298275200000, 1298361600000, 1298448000000, 1298534400000, 1298620800000, 1298707200000, 1298793600000, 1298880000000, 1298966400000, 1299052800000, 1299139200000, 1299225600000, 1299312000000, 1299398400000, 1299484800000, 1299571200000, 1299657600000, 1299744000000, 1299830400000, 1299916800000, 1300003200000, 1300086000000, 1300172400000, 1300258800000, 1300345200000, 1300431600000, 1300518000000, 1300604400000, 1300690800000, 1300777200000, 1300863600000, 1300950000000, 1301036400000, 1301122800000, 1301209200000, 1301295600000, 1301382000000, 1301468400000, 1301554800000, 1301641200000, 1301727600000, 1301814000000, 1301900400000, 1301986800000, 1302073200000, 1302159600000, 1302246000000, 1302332400000, 1302418800000, 1302505200000, 1302591600000, 1302678000000, 1302764400000, 1302850800000, 1302937200000, 1303023600000, 1303110000000, 1303196400000, 1303282800000, 1303369200000, 1303455600000, 1303542000000, 1303628400000, 1303714800000, 1303801200000, 1303887600000, 1303974000000, 1304060400000, 1304146800000, 1304233200000, 1304319600000, 1304406000000, 1304492400000, 1304578800000, 1304665200000, 1304751600000, 1304838000000, 1304924400000, 1305010800000, 1305097200000, 1305183600000, 1305270000000, 1305356400000, 1305442800000, 1305529200000, 1305615600000, 1305702000000, 1305788400000, 1305874800000, 1305961200000, 1306047600000, 1306134000000, 1306220400000, 1306306800000, 1306393200000, 1306479600000, 1306566000000, 1306652400000, 1306738800000, 1306825200000, 1306911600000, 1306998000000, 1307084400000, 1307170800000, 1307257200000, 1307343600000, 1307430000000, 1307516400000, 1307602800000, 1307689200000, 1307775600000, 1307862000000, 1307948400000, 1308034800000, 1308121200000, 1308207600000, 1308294000000, 1308380400000, 1308466800000, 1308553200000, 1308639600000, 1308726000000, 1308812400000, 1308898800000, 1308985200000, 1309071600000, 1309158000000, 1309244400000, 1309330800000, 1309417200000, 1309503600000, 1309590000000, 1309676400000, 1309762800000, 1309849200000, 1309935600000, 1310022000000, 1310108400000, 1310194800000, 1310281200000, 1310367600000, 1310454000000, 1310540400000, 1310626800000, 1310713200000, 1310799600000, 1310886000000, 1310972400000, 1311058800000, 1311145200000, 1311231600000, 1311318000000, 1311404400000, 1311490800000, 1311577200000, 1311663600000, 1311750000000, 1311836400000, 1311922800000, 1312009200000, 1312095600000, 1312182000000, 1312268400000, 1312354800000, 1312441200000, 1312527600000, 1312614000000, 1312700400000, 1312786800000, 1312873200000, 1312959600000, 1313046000000, 1313132400000, 1313218800000, 1313305200000, 1313391600000, 1313478000000, 1313564400000, 1313650800000, 1313737200000, 1313823600000, 1313910000000, 1313996400000, 1314082800000, 1314169200000, 1314255600000, 1314342000000, 1314428400000, 1314514800000, 1314601200000, 1314687600000, 1314774000000, 1314860400000, 1314946800000, 1315033200000, 1315119600000, 1315206000000, 1315292400000, 1315378800000, 1315465200000, 1315551600000, 1315638000000, 1315724400000, 1315810800000, 1315897200000, 1315983600000, 1316070000000, 1316156400000, 1316242800000, 1316329200000, 1316415600000, 1316502000000, 1316588400000, 1316674800000, 1316761200000, 1316847600000, 1316934000000, 1317020400000, 1317106800000, 1317193200000, 1317279600000, 1317366000000, 1317452400000, 1317538800000, 1317625200000, 1317711600000, 1317798000000, 1317884400000, 1317970800000, 1318057200000, 1318143600000, 1318230000000, 1318316400000, 1318402800000, 1318489200000, 1318575600000, 1318662000000, 1318748400000, 1318834800000, 1318921200000, 1319007600000, 1319094000000, 1319180400000, 1319266800000, 1319353200000, 1319439600000, 1319526000000, 1319612400000, 1319698800000, 1319785200000, 1319871600000, 1319958000000, 1320044400000, 1320130800000, 1320217200000, 1320303600000, 1320390000000, 1320476400000, 1320562800000, 1320652800000, 1320739200000, 1320825600000, 1320912000000, 1320998400000, 1321084800000, 1321171200000, 1321257600000, 1321344000000, 1321430400000, 1321516800000, 1321603200000, 1321689600000, 1321776000000, 1321862400000, 1321948800000, 1322035200000, 1322121600000, 1322208000000, 1322294400000, 1322380800000, 1322467200000, 1322553600000, 1322640000000, 1322726400000, 1322812800000, 1322899200000, 1322985600000, 1323072000000, 1323158400000, 1323244800000, 1323331200000, 1323417600000, 1323504000000, 1323590400000, 1323676800000, 1323763200000, 1323849600000, 1323936000000, 1324022400000, 1324108800000, 1324195200000, 1324281600000, 1324368000000, 1324454400000, 1324540800000, 1324627200000, 1324713600000, 1324800000000, 1324886400000, 1324972800000, 1325059200000, 1325145600000, 1325232000000, 1325318400000, 1325404800000, 1325491200000, 1325577600000, 1325664000000, 1325750400000, 1325836800000, 1325923200000, 1326009600000, 1326096000000, 1326182400000, 1326268800000, 1326355200000, 1326441600000, 1326528000000, 1326614400000, 1326700800000, 1326787200000, 1326873600000, 1326960000000, 1327046400000, 1327132800000, 1327219200000, 1327305600000, 1327392000000, 1327478400000, 1327564800000, 1327651200000, 1327737600000, 1327824000000, 1327910400000, 1327996800000, 1328083200000, 1328169600000, 1328256000000, 1328342400000, 1328428800000, 1328515200000, 1328601600000, 1328688000000, 1328774400000, 1328860800000, 1328947200000, 1329033600000, 1329120000000, 1329206400000, 1329292800000, 1329379200000, 1329465600000, 1329552000000, 1329638400000, 1329724800000, 1329811200000, 1329897600000, 1329984000000, 1330070400000, 1330156800000, 1330243200000, 1330329600000, 1330416000000, 1330502400000, 1330588800000, 1330675200000, 1330761600000, 1330848000000, 1330934400000, 1331020800000, 1331107200000, 1331193600000, 1331280000000, 1331366400000, 1331452800000, 1331535600000, 1331622000000, 1331708400000, 1331794800000, 1331881200000, 1331967600000, 1332054000000, 1332140400000, 1332226800000, 1332313200000, 1332399600000, 1332486000000, 1332572400000, 1332658800000, 1332745200000, 1332831600000, 1332918000000, 1333004400000, 1333090800000, 1333177200000, 1333263600000, 1333350000000, 1333436400000, 1333522800000, 1333609200000, 1333695600000, 1333782000000, 1333868400000, 1333954800000, 1334041200000, 1334127600000, 1334214000000, 1334300400000, 1334386800000, 1334473200000, 1334559600000, 1334646000000, 1334732400000, 1334818800000, 1334905200000, 1334991600000, 1335078000000, 1335164400000, 1335250800000, 1335337200000, 1335423600000, 1335510000000, 1335596400000, 1335682800000, 1335769200000, 1335855600000, 1335942000000, 1336028400000, 1336114800000, 1336201200000, 1336287600000, 1336374000000, 1336460400000, 1336546800000, 1336633200000, 1336719600000, 1336806000000, 1336892400000, 1336978800000, 1337065200000, 1337151600000, 1337238000000, 1337324400000, 1337410800000, 1337497200000, 1337583600000, 1337670000000, 1337756400000, 1337842800000, 1337929200000, 1338015600000, 1338102000000, 1338188400000, 1338274800000, 1338361200000, 1338447600000, 1338534000000, 1338620400000, 1338706800000, 1338793200000, 1338879600000, 1338966000000, 1339052400000, 1339138800000, 1339225200000, 1339311600000, 1339398000000, 1339484400000, 1339570800000, 1339657200000, 1339743600000, 1339830000000, 1339916400000, 1340002800000, 1340089200000, 1340175600000, 1340262000000, 1340348400000, 1340434800000, 1340521200000, 1340607600000, 1340694000000, 1340780400000, 1340866800000, 1340953200000, 1341039600000, 1341126000000, 1341212400000, 1341298800000, 1341385200000, 1341471600000, 1341558000000, 1341644400000, 1341730800000, 1341817200000, 1341903600000, 1341990000000, 1342076400000, 1342162800000, 1342249200000, 1342335600000, 1342422000000, 1342508400000, 1342594800000, 1342681200000, 1342767600000, 1342854000000, 1342940400000, 1343026800000, 1343113200000, 1343199600000, 1343286000000, 1343372400000, 1343458800000, 1343545200000, 1343631600000, 1343718000000, 1343804400000, 1343890800000, 1343977200000, 1344063600000, 1344150000000, 1344236400000, 1344322800000, 1344409200000, 1344495600000, 1344582000000, 1344668400000, 1344754800000, 1344841200000, 1344927600000, 1345014000000, 1345100400000, 1345186800000, 1345273200000, 1345359600000, 1345446000000, 1345532400000, 1345618800000, 1345705200000, 1345791600000, 1345878000000, 1345964400000, 1346050800000, 1346137200000, 1346223600000, 1346310000000, 1346396400000, 1346482800000, 1346569200000, 1346655600000, 1346742000000, 1346828400000, 1346914800000, 1347001200000, 1347087600000, 1347174000000, 1347260400000, 1347346800000, 1347433200000, 1347519600000, 1347606000000, 1347692400000, 1347778800000, 1347865200000, 1347951600000, 1348038000000, 1348124400000, 1348210800000, 1348297200000, 1348383600000, 1348470000000, 1348556400000, 1348642800000, 1348729200000, 1348815600000, 1348902000000, 1348988400000, 1349074800000, 1349161200000, 1349247600000, 1349334000000, 1349420400000, 1349506800000, 1349593200000, 1349679600000, 1349766000000, 1349852400000, 1349938800000, 1350025200000, 1350111600000, 1350198000000, 1350284400000, 1350370800000, 1350457200000, 1350543600000, 1350630000000, 1350716400000, 1350802800000, 1350889200000, 1350975600000, 1351062000000, 1351148400000, 1351234800000, 1351321200000, 1351407600000, 1351494000000, 1351580400000, 1351666800000, 1351753200000, 1351839600000, 1351926000000, 1352012400000, 1352102400000, 1352188800000, 1352275200000, 1352361600000, 1352448000000, 1352534400000, 1352620800000, 1352707200000, 1352793600000, 1352880000000, 1352966400000, 1353052800000, 1353139200000, 1353225600000, 1353312000000, 1353398400000, 1353484800000, 1353571200000, 1353657600000, 1353744000000, 1353830400000, 1353916800000, 1354003200000, 1354089600000, 1354176000000, 1354262400000, 1354348800000, 1354435200000, 1354521600000, 1354608000000, 1354694400000, 1354780800000, 1354867200000, 1354953600000, 1355040000000, 1355126400000, 1355212800000, 1355299200000, 1355385600000, 1355472000000, 1355558400000, 1355644800000, 1355731200000, 1355817600000, 1355904000000, 1355990400000, 1356076800000, 1356163200000, 1356249600000, 1356336000000, 1356422400000, 1356508800000, 1356595200000, 1356681600000, 1356768000000, 1356854400000, 1356940800000, 1357027200000, 1357113600000, 1357200000000, 1357286400000, 1357372800000, 1357459200000, 1357545600000, 1357632000000, 1357718400000, 1357804800000, 1357891200000, 1357977600000, 1358064000000, 1358150400000, 1358236800000, 1358323200000, 1358409600000, 1358496000000, 1358582400000, 1358668800000, 1358755200000, 1358841600000, 1358928000000, 1359014400000, 1359100800000, 1359187200000, 1359273600000, 1359360000000, 1359446400000, 1359532800000, 1359619200000, 1359705600000, 1359792000000, 1359878400000, 1359964800000, 1360051200000, 1360137600000, 1360224000000, 1360310400000, 1360396800000, 1360483200000, 1360569600000, 1360656000000, 1360742400000, 1360828800000, 1360915200000, 1361001600000, 1361088000000, 1361174400000, 1361260800000, 1361347200000, 1361433600000, 1361520000000, 1361606400000, 1361692800000, 1361779200000, 1361865600000, 1361952000000, 1362038400000, 1362124800000, 1362211200000, 1362297600000, 1362384000000, 1362470400000, 1362556800000, 1362643200000, 1362729600000, 1362816000000, 1362902400000, 1362985200000, 1363071600000, 1363158000000, 1363244400000, 1363330800000, 1363417200000, 1363503600000, 1363590000000, 1363676400000, 1363762800000, 1363849200000, 1363935600000, 1364022000000, 1364108400000, 1364194800000, 1364281200000, 1364367600000, 1364454000000, 1364540400000, 1364626800000, 1364713200000, 1364799600000, 1364886000000, 1364972400000, 1365058800000, 1365145200000, 1365231600000, 1365318000000, 1365404400000, 1365490800000, 1365577200000, 1365663600000, 1365750000000, 1365836400000, 1365922800000, 1366009200000, 1366095600000, 1366182000000, 1366268400000, 1366354800000, 1366441200000, 1366527600000, 1366614000000, 1366700400000, 1366786800000, 1366873200000, 1366959600000, 1367046000000, 1367132400000, 1367218800000, 1367305200000, 1367391600000, 1367478000000, 1367564400000, 1367650800000, 1367737200000, 1367823600000, 1367910000000, 1367996400000, 1368082800000, 1368169200000, 1368255600000, 1368342000000, 1368428400000, 1368514800000, 1368601200000, 1368687600000, 1368774000000, 1368860400000, 1368946800000, 1369033200000, 1369119600000, 1369206000000, 1369292400000, 1369378800000, 1369465200000, 1369551600000, 1369638000000, 1369724400000, 1369810800000, 1369897200000, 1369983600000, 1370070000000, 1370156400000, 1370242800000, 1370329200000, 1370415600000, 1370502000000, 1370588400000, 1370674800000, 1370761200000, 1370847600000, 1370934000000, 1371020400000, 1371106800000, 1371193200000, 1371279600000, 1371366000000, 1371452400000, 1371538800000, 1371625200000, 1371711600000, 1371798000000, 1371884400000, 1371970800000, 1372057200000, 1372143600000, 1372230000000, 1372316400000, 1372402800000, 1372489200000, 1372575600000, 1372662000000, 1372748400000, 1372834800000, 1372921200000, 1373007600000, 1373094000000, 1373180400000, 1373266800000, 1373353200000, 1373439600000, 1373526000000, 1373612400000, 1373698800000, 1373785200000, 1373871600000, 1373958000000, 1374044400000, 1374130800000, 1374217200000, 1374303600000, 1374390000000, 1374476400000, 1374562800000, 1374649200000, 1374735600000, 1374822000000, 1374908400000, 1374994800000, 1375081200000, 1375167600000, 1375254000000, 1375340400000, 1375426800000, 1375513200000, 1375599600000, 1375686000000, 1375772400000, 1375858800000, 1375945200000, 1376031600000, 1376118000000, 1376204400000, 1376290800000, 1376377200000, 1376463600000, 1376550000000, 1376636400000, 1376722800000, 1376809200000, 1376895600000, 1376982000000, 1377068400000, 1377154800000, 1377241200000, 1377327600000, 1377414000000, 1377500400000, 1377586800000, 1377673200000, 1377759600000, 1377846000000, 1377932400000, 1378018800000, 1378105200000, 1378191600000, 1378278000000, 1378364400000, 1378450800000, 1378537200000, 1378623600000, 1378710000000, 1378796400000, 1378882800000, 1378969200000, 1379055600000, 1379142000000, 1379228400000, 1379314800000, 1379401200000, 1379487600000, 1379574000000, 1379660400000, 1379746800000, 1379833200000, 1379919600000, 1380006000000, 1380092400000, 1380178800000, 1380265200000, 1380351600000, 1380438000000, 1380524400000, 1380610800000, 1380697200000, 1380783600000, 1380870000000, 1380956400000, 1381042800000, 1381129200000, 1381215600000, 1381302000000, 1381388400000, 1381474800000, 1381561200000, 1381647600000, 1381734000000, 1381820400000, 1381906800000, 1381993200000, 1382079600000, 1382166000000, 1382252400000, 1382338800000, 1382425200000, 1382511600000, 1382598000000, 1382684400000, 1382770800000, 1382857200000, 1382943600000, 1383030000000, 1383116400000, 1383202800000, 1383289200000, 1383375600000, 1383462000000, 1383552000000, 1383638400000, 1383724800000, 1383811200000, 1383897600000, 1383984000000, 1384070400000, 1384156800000, 1384243200000, 1384329600000, 1384416000000, 1384502400000, 1384588800000, 1384675200000, 1384761600000, 1384848000000, 1384934400000, 1385020800000, 1385107200000, 1385193600000, 1385280000000, 1385366400000, 1385452800000, 1385539200000, 1385625600000, 1385712000000, 1385798400000, 1385884800000, 1385971200000, 1386057600000, 1386144000000, 1386230400000, 1386316800000, 1386403200000, 1386489600000, 1386576000000, 1386662400000, 1386748800000, 1386835200000, 1386921600000, 1387008000000, 1387094400000, 1387180800000, 1387267200000, 1387353600000, 1387440000000, 1387526400000, 1387612800000, 1387699200000, 1387785600000, 1387872000000, 1387958400000, 1388044800000, 1388131200000, 1388217600000, 1388304000000, 1388390400000, 1388476800000, 1388563200000, 1388649600000, 1388736000000, 1388822400000, 1388908800000, 1388995200000, 1389081600000, 1389168000000, 1389254400000, 1389340800000, 1389427200000, 1389513600000, 1389600000000, 1389686400000, 1389772800000, 1389859200000, 1389945600000, 1390032000000, 1390118400000, 1390204800000, 1390291200000, 1390377600000, 1390464000000, 1390550400000, 1390636800000, 1390723200000, 1390809600000, 1390896000000, 1390982400000, 1391068800000, 1391155200000, 1391241600000, 1391328000000, 1391414400000, 1391500800000, 1391587200000, 1391673600000, 1391760000000, 1391846400000, 1391932800000, 1392019200000, 1392105600000, 1392192000000, 1392278400000, 1392364800000, 1392451200000, 1392537600000, 1392624000000, 1392710400000, 1392796800000, 1392883200000, 1392969600000, 1393056000000, 1393142400000, 1393228800000, 1393315200000, 1393401600000, 1393488000000, 1393574400000, 1393660800000, 1393747200000, 1393833600000, 1393920000000, 1394006400000, 1394092800000, 1394179200000, 1394265600000, 1394352000000, 1394434800000, 1394521200000, 1394607600000, 1394694000000, 1394780400000, 1394866800000, 1394953200000, 1395039600000, 1395126000000, 1395212400000, 1395298800000, 1395385200000, 1395471600000, 1395558000000, 1395644400000, 1395730800000, 1395817200000, 1395903600000, 1395990000000, 1396076400000, 1396162800000, 1396249200000, 1396335600000, 1396422000000, 1396508400000, 1396594800000, 1396681200000, 1396767600000, 1396854000000, 1396940400000, 1397026800000, 1397113200000, 1397199600000, 1397286000000, 1397372400000, 1397458800000, 1397545200000, 1397631600000, 1397718000000, 1397804400000, 1397890800000, 1397977200000, 1398063600000, 1398150000000, 1398236400000, 1398322800000, 1398409200000, 1398495600000, 1398582000000, 1398668400000, 1398754800000, 1398841200000, 1398927600000, 1399014000000, 1399100400000, 1399186800000, 1399273200000, 1399359600000, 1399446000000, 1399532400000, 1399618800000, 1399705200000, 1399791600000, 1399878000000, 1399964400000, 1400050800000, 1400137200000, 1400223600000, 1400310000000, 1400396400000, 1400482800000, 1400569200000, 1400655600000, 1400742000000, 1400828400000, 1400914800000, 1401001200000, 1401087600000, 1401174000000, 1401260400000, 1401346800000, 1401433200000, 1401519600000, 1401606000000, 1401692400000, 1401778800000, 1401865200000, 1401951600000, 1402038000000, 1402124400000, 1402210800000, 1402297200000, 1402383600000, 1402470000000, 1402556400000, 1402642800000, 1402729200000, 1402815600000, 1402902000000, 1402988400000, 1403074800000, 1403161200000, 1403247600000, 1403334000000, 1403420400000, 1403506800000, 1403593200000, 1403679600000, 1403766000000, 1403852400000, 1403938800000, 1404025200000, 1404111600000, 1404198000000, 1404284400000, 1404370800000, 1404457200000, 1404543600000, 1404630000000, 1404716400000, 1404802800000, 1404889200000, 1404975600000, 1405062000000, 1405148400000, 1405234800000, 1405321200000, 1405407600000, 1405494000000, 1405580400000, 1405666800000, 1405753200000, 1405839600000, 1405926000000, 1406012400000, 1406098800000, 1406185200000, 1406271600000, 1406358000000, 1406444400000, 1406530800000, 1406617200000, 1406703600000, 1406790000000, 1406876400000, 1406962800000, 1407049200000, 1407135600000, 1407222000000, 1407308400000, 1407394800000, 1407481200000, 1407567600000, 1407654000000, 1407740400000, 1407826800000, 1407913200000, 1407999600000, 1408086000000, 1408172400000, 1408258800000, 1408345200000, 1408431600000, 1408518000000, 1408604400000, 1408690800000, 1408777200000, 1408863600000, 1408950000000, 1409036400000, 1409122800000, 1409209200000, 1409295600000, 1409382000000, 1409468400000, 1409554800000, 1409641200000, 1409727600000, 1409814000000, 1409900400000, 1409986800000, 1410073200000, 1410159600000, 1410246000000, 1410332400000, 1410418800000, 1410505200000, 1410591600000, 1410678000000, 1410764400000, 1410850800000, 1410937200000, 1411023600000, 1411110000000, 1411196400000, 1411282800000, 1411369200000, 1411455600000, 1411542000000, 1411628400000, 1411714800000, 1411801200000, 1411887600000, 1411974000000, 1412060400000, 1412146800000, 1412233200000, 1412319600000, 1412406000000, 1412492400000, 1412578800000, 1412665200000, 1412751600000, 1412838000000, 1412924400000, 1413010800000, 1413097200000, 1413183600000, 1413270000000, 1413356400000, 1413442800000, 1413529200000, 1413615600000, 1413702000000, 1413788400000, 1413874800000, 1413961200000, 1414047600000, 1414134000000, 1414220400000, 1414306800000, 1414393200000, 1414479600000, 1414566000000, 1414652400000, 1414738800000, 1414825200000, 1414911600000, 1415001600000, 1415088000000, 1415174400000, 1415260800000, 1415347200000, 1415433600000, 1415520000000, 1415606400000, 1415692800000, 1415779200000, 1415865600000, 1415952000000, 1416038400000, 1416124800000, 1416211200000, 1416297600000, 1416384000000, 1416470400000, 1416556800000, 1416643200000, 1416729600000, 1416816000000, 1416902400000, 1416988800000, 1417075200000, 1417161600000, 1417248000000, 1417334400000, 1417420800000, 1417507200000, 1417593600000, 1417680000000, 1417766400000, 1417852800000, 1417939200000, 1418025600000, 1418112000000, 1418198400000, 1418284800000, 1418371200000, 1418457600000, 1418544000000, 1418630400000, 1418716800000, 1418803200000, 1418889600000, 1418976000000, 1419062400000, 1419148800000, 1419235200000, 1419321600000, 1419408000000, 1419494400000, 1419580800000, 1419667200000, 1419753600000, 1419840000000, 1419926400000, 1420012800000, 1420099200000, 1420185600000, 1420272000000, 1420358400000, 1420444800000, 1420531200000, 1420617600000, 1420704000000, 1420790400000, 1420876800000, 1420963200000, 1421049600000, 1421136000000, 1421222400000, 1421308800000, 1421395200000, 1421481600000, 1421568000000, 1421654400000, 1421740800000, 1421827200000, 1421913600000, 1422000000000, 1422086400000, 1422172800000, 1422259200000, 1422345600000, 1422432000000, 1422518400000, 1422604800000, 1422691200000, 1422777600000, 1422864000000, 1422950400000, 1423036800000, 1423123200000, 1423209600000, 1423296000000, 1423382400000, 1423468800000, 1423555200000, 1423641600000, 1423728000000, 1423814400000, 1423900800000, 1423987200000, 1424073600000, 1424160000000, 1424246400000, 1424332800000, 1424419200000, 1424505600000, 1424592000000, 1424678400000, 1424764800000, 1424851200000, 1424937600000, 1425024000000, 1425110400000, 1425196800000, 1425283200000, 1425369600000, 1425456000000, 1425542400000, 1425628800000, 1425715200000, 1425801600000, 1425884400000, 1425970800000, 1426057200000, 1426143600000, 1426230000000, 1426316400000, 1426402800000, 1426489200000, 1426575600000, 1426662000000, 1426748400000, 1426834800000, 1426921200000, 1427007600000, 1427094000000, 1427180400000, 1427266800000, 1427353200000, 1427439600000, 1427526000000, 1427612400000, 1427698800000, 1427785200000, 1427871600000, 1427958000000, 1428044400000, 1428130800000, 1428217200000, 1428303600000, 1428390000000, 1428476400000, 1428562800000, 1428649200000, 1428735600000, 1428822000000, 1428908400000, 1428994800000, 1429081200000, 1429167600000, 1429254000000, 1429340400000, 1429426800000, 1429513200000, 1429599600000, 1429686000000, 1429772400000, 1429858800000, 1429945200000, 1430031600000, 1430118000000, 1430204400000, 1430290800000, 1430377200000, 1430463600000, 1430550000000, 1430636400000, 1430722800000, 1430809200000, 1430895600000, 1430982000000, 1431068400000, 1431154800000, 1431241200000, 1431327600000, 1431414000000, 1431500400000, 1431586800000, 1431673200000, 1431759600000, 1431846000000, 1431932400000, 1432018800000, 1432105200000, 1432191600000, 1432278000000, 1432364400000, 1432450800000, 1432537200000, 1432623600000, 1432710000000, 1432796400000, 1432882800000, 1432969200000, 1433055600000, 1433142000000, 1433228400000, 1433314800000, 1433401200000, 1433487600000, 1433574000000, 1433660400000, 1433746800000, 1433833200000, 1433919600000, 1434006000000, 1434092400000, 1434178800000, 1434265200000, 1434351600000, 1434438000000, 1434524400000, 1434610800000, 1434697200000, 1434783600000, 1434870000000, 1434956400000, 1435042800000, 1435129200000, 1435215600000, 1435302000000, 1435388400000, 1435474800000, 1435561200000, 1435647600000, 1435734000000, 1435820400000, 1435906800000, 1435993200000, 1436079600000, 1436166000000, 1436252400000, 1436338800000, 1436425200000, 1436511600000, 1436598000000, 1436684400000, 1436770800000, 1436857200000, 1436943600000, 1437030000000, 1437116400000, 1437202800000, 1437289200000, 1437375600000, 1437462000000, 1437548400000, 1437634800000, 1437721200000, 1437807600000, 1437894000000, 1437980400000, 1438066800000, 1438153200000, 1438239600000, 1438326000000, 1438412400000, 1438498800000, 1438585200000, 1438671600000, 1438758000000, 1438844400000, 1438930800000, 1439017200000, 1439103600000, 1439190000000, 1439276400000, 1439362800000, 1439449200000, 1439535600000, 1439622000000, 1439708400000, 1439794800000, 1439881200000, 1439967600000, 1440054000000, 1440140400000, 1440226800000, 1440313200000, 1440399600000, 1440486000000, 1440572400000, 1440658800000, 1440745200000, 1440831600000, 1440918000000, 1441004400000, 1441090800000, 1441177200000, 1441263600000, 1441350000000, 1441436400000, 1441522800000, 1441609200000, 1441695600000, 1441782000000, 1441868400000, 1441954800000, 1442041200000, 1442127600000, 1442214000000, 1442300400000, 1442386800000, 1442473200000, 1442559600000, 1442646000000, 1442732400000, 1442818800000, 1442905200000, 1442991600000, 1443078000000, 1443164400000, 1443250800000, 1443337200000, 1443423600000, 1443510000000, 1443596400000, 1443682800000, 1443769200000, 1443855600000, 1443942000000, 1444028400000, 1444114800000, 1444201200000, 1444287600000, 1444374000000, 1444460400000, 1444546800000, 1444633200000, 1444719600000, 1444806000000, 1444892400000, 1444978800000, 1445065200000, 1445151600000, 1445238000000, 1445324400000, 1445410800000, 1445497200000, 1445583600000, 1445670000000, 1445756400000, 1445842800000, 1445929200000, 1446015600000, 1446102000000, 1446188400000, 1446274800000, 1446361200000, 1446451200000, 1446537600000, 1446624000000, 1446710400000, 1446796800000, 1446883200000, 1446969600000, 1447056000000, 1447142400000, 1447228800000, 1447315200000, 1447401600000, 1447488000000, 1447574400000, 1447660800000, 1447747200000, 1447833600000, 1447920000000, 1448006400000, 1448092800000, 1448179200000, 1448265600000, 1448352000000, 1448438400000, 1448524800000, 1448611200000, 1448697600000, 1448784000000, 1448870400000, 1448956800000, 1449043200000, 1449129600000, 1449216000000, 1449302400000, 1449388800000, 1449475200000, 1449561600000, 1449648000000, 1449734400000, 1449820800000, 1449907200000, 1449993600000, 1450080000000, 1450166400000, 1450252800000, 1450339200000, 1450425600000, 1450512000000, 1450598400000, 1450684800000, 1450771200000, 1450857600000, 1450944000000, 1451030400000, 1451116800000, 1451203200000, 1451289600000, 1451376000000, 1451462400000, 1451548800000, 1451635200000, 1451721600000, 1451808000000, 1451894400000, 1451980800000, 1452067200000, 1452153600000, 1452240000000, 1452326400000, 1452412800000, 1452499200000, 1452585600000, 1452672000000, 1452758400000, 1452844800000, 1452931200000, 1453017600000, 1453104000000, 1453190400000, 1453276800000, 1453363200000, 1453449600000, 1453536000000, 1453622400000, 1453708800000, 1453795200000, 1453881600000, 1453968000000, 1454054400000, 1454140800000, 1454227200000, 1454313600000, 1454400000000, 1454486400000, 1454572800000, 1454659200000, 1454745600000, 1454832000000, 1454918400000, 1455004800000, 1455091200000, 1455177600000, 1455264000000, 1455350400000, 1455436800000, 1455523200000, 1455609600000, 1455696000000, 1455782400000, 1455868800000, 1455955200000, 1456041600000, 1456128000000, 1456214400000, 1456300800000, 1456387200000, 1456473600000, 1456560000000, 1456646400000, 1456732800000, 1456819200000, 1456905600000, 1456992000000, 1457078400000, 1457164800000, 1457251200000, 1457337600000, 1457424000000, 1457510400000, 1457596800000, 1457683200000, 1457769600000, 1457856000000, 1457938800000, 1458025200000, 1458111600000, 1458198000000, 1458284400000, 1458370800000, 1458457200000, 1458543600000, 1458630000000, 1458716400000, 1458802800000, 1458889200000, 1458975600000, 1459062000000, 1459148400000, 1459234800000, 1459321200000, 1459407600000, 1459494000000, 1459580400000, 1459666800000, 1459753200000, 1459839600000, 1459926000000, 1460012400000, 1460098800000, 1460185200000, 1460271600000, 1460358000000, 1460444400000, 1460530800000, 1460617200000, 1460703600000, 1460790000000, 1460876400000, 1460962800000, 1461049200000, 1461135600000, 1461222000000, 1461308400000, 1461394800000, 1461481200000, 1461567600000, 1461654000000, 1461740400000, 1461826800000, 1461913200000, 1461999600000, 1462086000000, 1462172400000, 1462258800000, 1462345200000, 1462431600000, 1462518000000, 1462604400000, 1462690800000, 1462777200000, 1462863600000, 1462950000000, 1463036400000, 1463122800000, 1463209200000, 1463295600000, 1463382000000, 1463468400000, 1463554800000, 1463641200000, 1463727600000, 1463814000000, 1463900400000, 1463986800000, 1464073200000, 1464159600000, 1464246000000, 1464332400000, 1464418800000, 1464505200000, 1464591600000, 1464678000000, 1464764400000, 1464850800000, 1464937200000, 1465023600000, 1465110000000, 1465196400000, 1465282800000, 1465369200000, 1465455600000, 1465542000000, 1465628400000, 1465714800000, 1465801200000, 1465887600000, 1465974000000, 1466060400000, 1466146800000, 1466233200000, 1466319600000, 1466406000000, 1466492400000, 1466578800000, 1466665200000, 1466751600000, 1466838000000, 1466924400000, 1467010800000, 1467097200000, 1467183600000, 1467270000000, 1467356400000, 1467442800000, 1467529200000, 1467615600000, 1467702000000, 1467788400000, 1467874800000, 1467961200000, 1468047600000, 1468134000000, 1468220400000, 1468306800000, 1468393200000, 1468479600000, 1468566000000, 1468652400000, 1468738800000, 1468825200000, 1468911600000, 1468998000000, 1469084400000, 1469170800000, 1469257200000, 1469343600000, 1469430000000, 1469516400000, 1469602800000, 1469689200000, 1469775600000, 1469862000000, 1469948400000, 1470034800000, 1470121200000, 1470207600000, 1470294000000, 1470380400000, 1470466800000, 1470553200000, 1470639600000, 1470726000000, 1470812400000, 1470898800000, 1470985200000, 1471071600000, 1471158000000, 1471244400000, 1471330800000, 1471417200000, 1471503600000, 1471590000000, 1471676400000, 1471762800000, 1471849200000, 1471935600000, 1472022000000, 1472108400000, 1472194800000, 1472281200000, 1472367600000, 1472454000000, 1472540400000, 1472626800000, 1472713200000, 1472799600000, 1472886000000, 1472972400000, 1473058800000, 1473145200000, 1473231600000, 1473318000000, 1473404400000, 1473490800000, 1473577200000, 1473663600000, 1473750000000, 1473836400000, 1473922800000, 1474009200000, 1474095600000, 1474182000000, 1474268400000, 1474354800000, 1474441200000, 1474527600000, 1474614000000, 1474700400000, 1474786800000, 1474873200000, 1474959600000, 1475046000000, 1475132400000, 1475218800000, 1475305200000, 1475391600000, 1475478000000, 1475564400000, 1475650800000, 1475737200000, 1475823600000, 1475910000000, 1475996400000, 1476082800000, 1476169200000, 1476255600000, 1476342000000, 1476428400000, 1476514800000, 1476601200000, 1476687600000, 1476774000000, 1476860400000, 1476946800000, 1477033200000, 1477119600000, 1477206000000, 1477292400000, 1477378800000, 1477465200000, 1477551600000, 1477638000000, 1477724400000, 1477810800000, 1477897200000, 1477983600000, 1478070000000, 1478156400000, 1478242800000, 1478329200000, 1478415600000, 1478505600000, 1478592000000, 1478678400000, 1478764800000, 1478851200000, 1478937600000, 1479024000000, 1479110400000, 1479196800000, 1479283200000, 1479369600000, 1479456000000, 1479542400000, 1479628800000, 1479715200000, 1479801600000, 1479888000000, 1479974400000, 1480060800000, 1480147200000, 1480233600000, 1480320000000, 1480406400000, 1480492800000, 1480579200000, 1480665600000, 1480752000000, 1480838400000, 1480924800000, 1481011200000, 1481097600000, 1481184000000, 1481270400000, 1481356800000, 1481443200000, 1481529600000, 1481616000000, 1481702400000, 1481788800000, 1481875200000, 1481961600000, 1482048000000, 1482134400000, 1482220800000, 1482307200000, 1482393600000, 1482480000000, 1482566400000, 1482652800000, 1482739200000, 1482825600000, 1482912000000, 1482998400000, 1483084800000, 1483171200000, 1483257600000, 1483344000000, 1483430400000, 1483516800000, 1483603200000, 1483689600000, 1483776000000, 1483862400000, 1483948800000, 1484035200000, 1484121600000, 1484208000000, 1484294400000, 1484380800000, 1484467200000, 1484553600000, 1484640000000, 1484726400000, 1484812800000, 1484899200000, 1484985600000, 1485072000000, 1485158400000, 1485244800000, 1485331200000, 1485417600000, 1485504000000, 1485590400000, 1485676800000, 1485763200000, 1485849600000, 1485936000000, 1486022400000, 1486108800000, 1486195200000, 1486281600000, 1486368000000, 1486454400000, 1486540800000, 1486627200000, 1486713600000, 1486800000000, 1486886400000, 1486972800000, 1487059200000, 1487145600000, 1487232000000, 1487318400000, 1487404800000, 1487491200000, 1487577600000, 1487664000000, 1487750400000, 1487836800000, 1487923200000, 1488009600000, 1488096000000, 1488182400000, 1488268800000, 1488355200000, 1488441600000, 1488528000000, 1488614400000, 1488700800000, 1488787200000, 1488873600000, 1488960000000, 1489046400000, 1489132800000, 1489219200000, 1489305600000, 1489388400000, 1489474800000, 1489561200000, 1489647600000, 1489734000000, 1489820400000, 1489906800000, 1489993200000, 1490079600000, 1490166000000, 1490252400000, 1490338800000, 1490425200000, 1490511600000, 1490598000000, 1490684400000, 1490770800000, 1490857200000, 1490943600000, 1491030000000, 1491116400000, 1491202800000, 1491289200000, 1491375600000, 1491462000000, 1491548400000, 1491634800000, 1491721200000, 1491807600000, 1491894000000, 1491980400000, 1492066800000, 1492153200000, 1492239600000, 1492326000000, 1492412400000, 1492498800000, 1492585200000, 1492671600000, 1492758000000, 1492844400000, 1492930800000, 1493017200000, 1493103600000, 1493190000000, 1493276400000, 1493362800000, 1493449200000, 1493535600000, 1493622000000, 1493708400000, 1493794800000, 1493881200000, 1493967600000, 1494054000000, 1494140400000, 1494226800000, 1494313200000, 1494399600000, 1494486000000, 1494572400000, 1494658800000, 1494745200000, 1494831600000, 1494918000000, 1495004400000, 1495090800000, 1495177200000, 1495263600000, 1495350000000, 1495436400000]}}]]></graph_data><return_code><![CDATA[0]]></return_code></root>