<?xml version="1.0" encoding="utf-8"?><root><return_code><![CDATA[0]]></return_code><html_content><![CDATA[

      <div id="watch-actions-stats" class="watch-actions-stats-rats stats-cumulative top-selected-views" data-current-mode-css="stats-mode-daily" data-current-top-site-css="top-selected-views" data-current-metric-css="stats-metric-views">
        <div class="stats-header">
    <h1>
      <span class="stats-header-text yt-card-title">Video statistics</span>
<span class="stats-sub-header">Through May 22, 2017  
  <span class="yt-uix-clickcard">
    <button class="yt-uix-clickcard-target" aria-label="Learn more." aria-haspopup="true" data-position="topleft" type="button">
      <span class="yt-help-icon yt-sprite"></span>
    </button>
    <span class="yt-uix-clickcard-content" role="dialog" aria-label="Learn more." aria-describedby="-7195823418819600072">
      <button class="yt-uix-clickcard-close" aria-label="Close learn more dialog."></button>
      <p id="-7195823418819600072">The video statistics shown below are updated daily. They may lag behind the view count shown directly beneath the video, which updates many times a day.
      </p>
    </span>
  </span>

</span>
    </h1>

  </div>

        <table class="stats-bragbar-container yt-uix-button-group yt-uix-tabs" data-uix-tabs-selected-extra-class="yt-uix-button-toggled">
    <tr>
          <td class="stats-bragbar stats-bragbar-views yt-uix-button yt-uix-tabs-tab  yt-uix-tabs-selected yt-uix-button-toggled" data-uix-tabs-target-id="stats-chart-tab-views" data-top-site-css="top-selected-views" data-metric-css="stats-metric-views" style="border-bottom-color: #73c421">
    <span class="metric-label">Views</span>
    <div class="bragbar-metric-large">40,082,696</div>
  </td>

          <td class="stats-bragbar stats-bragbar-subscribers yt-uix-button yt-uix-tabs-tab " data-uix-tabs-target-id="stats-chart-tab-subscribers" data-top-site-css="top-selected-views" data-metric-css="stats-metric-subscribers" style="border-bottom-color: #e62117">
    <span class="metric-label">Subscriptions driven</span>
    <div class="bragbar-metric-large">30,174</div>
  </td>

          <td class="stats-bragbar stats-bragbar-shares yt-uix-button yt-uix-tabs-tab " data-uix-tabs-target-id="stats-chart-tab-shares" data-top-site-css="top-selected-views" data-metric-css="stats-metric-shares" style="border-bottom-color: #8882ef">
    <span class="metric-label">Shares</span>
    <div class="bragbar-metric-large">110,280</div>
  </td>

    </tr>
  </table>

  <div class="stats-charts-container">
      <div id="stats-chart-tab-views" class="stats-chart-menu ">
      </div>
      <div id="stats-chart-tab-subscribers" class="stats-chart-menu  hid">
      </div>
      <div id="stats-chart-tab-shares" class="stats-chart-menu  hid">
      </div>

    <div class="stats-chart-gviz"></div>

  </div>



  </div>

]]></html_content><graph_data><![CDATA[{"shares": {"daily": {"opt": {"colors": ["#8882ef"], "tooltip": {"trigger": "none"}, "pointSize": 0, "hAxis": {"slantedText": false, "viewWindow": {}, "gridlines": {"color": "transparent"}, "textStyle": {"color": "#666"}, "baselineColor": "transparent"}, "chartArea": {"left": 60.0, "top": 30}, "legend": {"position": "none"}, "vAxis": {"minValue": 0, "gridlines": {"color": "#f0f0f0"}, "baselineColor": "#e2e2e2", "textStyle": {"color": "#666"}, "titleTextStyle": {"color": "#666"}, "maxValue": 4280}, "enableInteractivity": false}, "data": [2637, 4279, 2531, 2666, 2800, 2210, 1531, 855, 1145, 1062, 1059, 870, 561, 594, 839, 512, 484, 504, 566, 529, 477, 485, 339, 341, 396, 394, 348, 366, 516, 368, 300, 398, 418, 308, 323, 322, 330, 297, 545, 670, 574, 321, 329, 302, 324, 336, 350, 276, 253, 313, 277, 298, 272, 375, 317, 306, 391, 486, 500, 539, 485, 361, 435, 379, 297, 320, 330, 325, 240, 200, 236, 264, 285, 289, 240, 221, 228, 270, 245, 302, 222, 208, 241, 220, 187, 148, 160, 200, 220, 172, 191, 183, 134, 124, 131, 158, 141, 145, 97, 112, 85, 116, 146, 87, 103, 90, 119, 98, 98, 94, 109, 87, 83, 74, 90, 63, 86, 64, 60, 80, 68, 70, 79, 72, 59, 60, 52, 83, 60, 63, 55, 64, 41, 39, 59, 64, 64, 72, 65, 79, 53, 69, 53, 55, 61, 54, 64, 52, 49, 47, 51, 58, 36, 43, 54, 54, 48, 56, 51, 40, 55, 40, 42, 44, 35, 52, 37, 47, 45, 38, 40, 51, 34, 33, 42, 30, 38, 42, 29, 31, 33, 42, 29, 38, 35, 25, 23, 35, 25, 36, 20, 31, 43, 41, 26, 30, 29, 18, 30, 24, 32, 35, 20, 20, 22, 19, 29, 27, 17, 25, 18, 37, 30, 36, 29, 24, 21, 22, 22, 24, 25, 26, 15, 26, 37, 29, 18, 26, 22, 23, 21, 25, 17, 36, 20, 17, 22, 26, 21, 31, 18, 21, 15, 23, 11, 24, 22, 26, 25, 19, 22, 17, 18, 18, 15, 24, 26, 21, 22, 28, 14, 24, 21, 25, 18, 17, 26, 20, 29, 29, 19, 11, 18, 22, 12, 22, 20, 28, 11, 15, 17, 14, 16, 18, 14, 10, 22, 18, 15, 21, 14, 15, 13, 31, 19, 12, 16, 24, 17, 15, 19, 16, 14, 17, 12, 16, 9, 10, 18, 18, 14, 19, 18, 13, 18, 13, 23, 15, 9, 27, 20, 13, 18, 19, 4, 19, 10, 16, 20, 19, 15, 12, 9, 14, 8, 11, 11, 11, 23, 19, 15, 16, 10, 13, 10, 12, 13, 15, 18, 17, 11, 19, 18, 16, 16, 8, 20, 20, 20, 21, 17, 11, 10, 18, 19, 25, 16, 16, 22, 15, 14, 9, 12, 8, 14, 19, 8, 8, 19, 10, 10, 20, 8, 6, 7, 10, 25, 19, 16, 13, 17, 7, 16, 14, 9, 15, 15, 15, 9, 13, 12, 7, 12, 11, 13, 12, 6, 19, 14, 8, 7, 8, 4, 10, 9, 10, 9, 10, 13, 5, 9, 17, 10, 10, 19, 12, 13, 12, 12, 16, 17, 19, 9, 11, 6, 17, 18, 6, 7, 9, 11, 10, 8, 8, 11, 9, 12, 11, 8, 10, 17, 20, 11, 18, 12, 17, 13, 22, 37, 30, 25, 21, 17, 24, 20, 32, 29, 24, 30, 17, 18, 18, 29, 22, 18, 17, 19, 21, 16, 18, 22, 19, 20, 14, 16, 10, 14, 16, 8, 19, 15, 15, 14, 22, 14, 21, 22, 14, 21, 20, 26, 18, 21, 20, 12, 11, 17, 21, 15, 19, 21, 15, 20, 23, 20, 15, 16, 18, 19, 16, 13, 21, 20, 12, 15, 14, 17, 20, 24, 13, 17, 18, 14, 14, 16, 25, 21, 15, 15, 16, 24, 18, 18, 15, 7, 17, 26, 31, 16, 22, 14, 22, 16, 20, 18, 17, 21, 25, 19, 14, 16, 17, 9, 14, 18, 13, 9, 13, 10, 9, 12, 15, 16, 16, 10, 11, 29, 17, 9, 16, 8, 7, 14, 11, 9, 17, 6, 14, 13, 18, 10, 10, 20, 13, 11, 16, 18, 14, 25, 27, 14, 13, 12, 14, 13, 18, 22, 11, 11, 25, 15, 20, 31, 24, 18, 20, 20, 22, 19, 23, 20, 17, 19, 17, 27, 22, 27, 17, 17, 21, 16, 22, 20, 22, 17, 11, 14, 12, 22, 16, 29, 13, 7, 24, 15, 20, 22, 23, 14, 18, 22, 14, 11, 18, 11, 21, 17, 11, 27, 11, 14, 14, 14, 19, 13, 24, 16, 9, 23, 14, 9, 19, 9, 21, 17, 19, 18, 9, 23, 13, 18, 17, 14, 11, 10, 17, 15, 21, 13, 9, 14, 13, 13, 13, 25, 19, 11, 8, 13, 18, 10, 11, 10, 14, 13, 10, 12, 14, 16, 11, 11, 9, 8, 5, 10, 8, 5, 12, 10, 13, 14, 12, 14, 13, 17, 8, 7, 15, 14, 14, 13, 6, 8, 11, 8, 11, 11, 13, 12, 6, 16, 3, 13, 8, 7, 6, 13, 7, 6, 8, 6, 12, 6, 4, 13, 5, 8, 5, 21, 7, 10, 14, 4, 2, 6, 10, 8, 10, 5, 9, 9, 4, 13, 13, 12, 8, 16, 8, 6, 4, 14, 12, 8, 6, 13, 15, 7, 11, 10, 7, 8, 10, 11, 8, 16, 10, 5, 14, 8, 10, 6, 14, 6, 9, 11, 10, 7, 6, 6, 5, 7, 14, 10, 9, 10, 9, 17, 12, 10, 11, 11, 9, 11, 16, 8, 13, 5, 7, 12, 10, 6, 10, 7, 15, 14, 3, 9, 7, 7, 7, 9, 13, 8, 9, 16, 6, 9, 3, 6, 6, 7, 12, 10, 6, 11, 10, 10, 10, 2, 8, 9, 12, 5, 5, 2, 5, 5, 9, 7, 8, 10, 11, 21, 6, 8, 8, 8, 6, 10, 6, 3, 9, 8, 1, 5, 11, 9, 6, 11, 8, 9, 9, 13, 7, 11, 14, 13, 12, 28, 31, 12, 11, 9, 17, 21, 21, 22, 15, 20, 11, 17, 18, 17, 19, 17, 13, 18, 16, 10, 15, 16, 10, 13, 11, 17, 13, 28, 17, 15, 15, 15, 15, 24, 25, 21, 27, 31, 21, 17, 22, 25, 17, 19, 29, 13, 17, 26, 32, 28, 21, 17, 18, 24, 19, 19, 18, 18, 13, 14, 12, 18, 15, 20, 9, 25, 18, 21, 22, 26, 32, 23, 17, 24, 33, 42, 23, 14, 24, 23, 11, 30, 22, 22, 14, 33, 27, 27, 22, 21, 29, 15, 25, 16, 8, 23, 19, 33, 38, 27, 18, 16, 34, 20, 28, 19, 31, 19, 24, 34, 35, 37, 27, 47, 30, 30, 35, 30, 23, 43, 36, 25, 26, 28, 28, 25, 34, 23, 38, 33, 29, 34, 37, 32, 25, 25, 58, 27, 25, 50, 30, 37, 47, 31, 33, 42, 33, 37, 37, 34, 28, 30, 42, 44, 39, 33, 31, 24, 26, 35, 50, 39, 40, 38, 37, 36, 25, 40, 51, 37, 26, 39, 31, 40, 48, 48, 47, 27, 30, 30, 48, 40, 43, 32, 41, 28, 22, 40, 44, 36, 31, 35, 34, 49, 56, 41, 45, 56, 46, 37, 45, 23, 49, 42, 46, 48, 43, 46, 42, 48, 45, 42, 35, 39, 33, 30, 29, 49, 41, 39, 42, 32, 37, 35, 49, 42, 43, 52, 40, 51, 49, 30, 31, 26, 35, 32, 38, 35, 37, 54, 56, 39, 43, 36, 33, 46, 48, 49, 38, 35, 46, 56, 38, 36, 45, 64, 32, 37, 39, 43, 42, 35, 38, 40, 56, 42, 39, 60, 47, 48, 42, 39, 43, 52, 31, 52, 39, 52, 46, 44, 43, 47, 50, 29, 44, 43, 43, 44, 45, 49, 42, 38, 32, 37, 38, 47, 44, 38, 34, 43, 29, 42, 49, 46, 42, 48, 39, 40, 42, 50, 34, 44, 27, 39, 31, 52, 50, 36, 41, 32, 36, 32, 31, 48, 43, 38, 65, 40, 46, 44, 47, 31, 41, 49, 53, 42, 52, 67, 62, 59, 63, 53, 56, 49, 51, 60, 40, 59, 56, 49, 49, 57, 58, 52, 45, 56, 69, 56, 44, 46, 50, 58, 47, 43, 58, 55, 68, 47, 42, 48, 47, 49, 45, 49, 54, 51, 52, 66, 49, 48, 43, 43, 27, 43, 40, 32, 45, 48, 40, 49, 49, 66, 41, 44, 37, 48, 48, 60, 36, 44, 59, 49, 50, 53, 58, 46, 37, 40, 35, 55, 47, 41, 47, 54, 49, 54, 43, 48, 44, 39, 59, 43, 45, 43, 54, 36, 54, 64, 55, 57, 45, 43, 41, 65, 49, 47, 51, 50, 51, 66, 43, 38, 53, 40, 27, 34, 48, 53, 46, 37, 50, 48, 40, 58, 65, 55, 47, 53, 63, 54, 48, 67, 60, 51, 37, 51, 51, 62, 52, 57, 58, 54, 48, 54, 48, 54, 56, 53, 44, 43, 55, 57, 67, 50, 53, 46, 53, 92, 61, 60, 64, 58, 62, 43, 51, 64, 51, 48, 50, 54, 47, 55, 55, 68, 54, 39, 35, 62, 57, 51, 79, 70, 53, 67, 62, 58, 68, 68, 69, 53, 88, 49, 69, 57, 56, 62, 58, 56, 66, 63, 76, 61, 56, 59, 49, 33, 50, 67, 52, 59, 64, 73, 65, 89, 66, 54, 67, 83, 61, 56, 79, 72, 58, 70, 73, 53, 70, 70, 72, 71, 64, 54, 63, 56, 58, 60, 61, 66, 64, 63, 46, 56, 60, 59, 73, 69, 67, 56, 47, 49, 53, 56, 48, 50, 47, 30, 60, 58, 71, 50, 53, 58, 41, 62, 72, 72, 58, 50, 62, 87, 68, 78, 64, 87, 72, 53, 51, 62, 70, 80, 89, 106, 87, 65, 68, 50, 44, 52, 56, 37, 27, 41, 35, 42, 54, 42, 44, 54, 50, 41, 40, 72, 74, 47, 55, 37, 55, 60, 53, 55, 35, 43, 44, 53, 59, 51, 57, 44, 37, 56, 41, 66, 59, 64, 59, 64, 75, 61, 64, 51, 58, 65, 64, 61, 58, 64, 62, 89, 64, 70, 73, 80, 88, 105, 88, 76, 98, 58, 66, 66, 61, 70, 71, 65, 69, 58, 82, 61, 66, 68, 71, 69, 93, 74, 57, 57, 70, 77, 71, 89, 96, 85, 82, 76, 73, 78, 98, 77, 71, 91, 76, 72, 67, 63, 93, 83, 93, 89, 90, 75, 67, 72, 85, 84, 69, 84, 64, 67, 79, 83, 104, 76, 86, 68, 78, 56, 103, 72, 67, 72, 83, 55, 66, 112, 90, 48, 63, 54, 57, 58, 66, 54, 74, 66, 56, 57, 62, 78, 52, 49, 66, 49, 73, 58, 73, 75, 57, 67, 60, 77, 59, 72, 62, 57, 66, 63, 81, 76, 69, 62, 61, 66, 72, 63, 62, 89, 77, 92, 75, 77, 95, 88, 78, 46, 68, 71, 74, 85, 61, 60, 69, 67, 65, 71, 60, 71, 59, 50, 52, 50, 61, 66, 63, 57, 62, 59, 67, 42, 56, 63, 66, 57, 73, 85, 63, 55, 79, 65, 65, 63, 56, 65, 58, 55, 55, 62, 42, 52, 57, 67, 49, 51, 56, 54]}}, "day": {"data": [1344927600000, 1345014000000, 1345100400000, 1345186800000, 1345273200000, 1345359600000, 1345446000000, 1345532400000, 1345618800000, 1345705200000, 1345791600000, 1345878000000, 1345964400000, 1346050800000, 1346137200000, 1346223600000, 1346310000000, 1346396400000, 1346482800000, 1346569200000, 1346655600000, 1346742000000, 1346828400000, 1346914800000, 1347001200000, 1347087600000, 1347174000000, 1347260400000, 1347346800000, 1347433200000, 1347519600000, 1347606000000, 1347692400000, 1347778800000, 1347865200000, 1347951600000, 1348038000000, 1348124400000, 1348210800000, 1348297200000, 1348383600000, 1348470000000, 1348556400000, 1348642800000, 1348729200000, 1348815600000, 1348902000000, 1348988400000, 1349074800000, 1349161200000, 1349247600000, 1349334000000, 1349420400000, 1349506800000, 1349593200000, 1349679600000, 1349766000000, 1349852400000, 1349938800000, 1350025200000, 1350111600000, 1350198000000, 1350284400000, 1350370800000, 1350457200000, 1350543600000, 1350630000000, 1350716400000, 1350802800000, 1350889200000, 1350975600000, 1351062000000, 1351148400000, 1351234800000, 1351321200000, 1351407600000, 1351494000000, 1351580400000, 1351666800000, 1351753200000, 1351839600000, 1351926000000, 1352012400000, 1352102400000, 1352188800000, 1352275200000, 1352361600000, 1352448000000, 1352534400000, 1352620800000, 1352707200000, 1352793600000, 1352880000000, 1352966400000, 1353052800000, 1353139200000, 1353225600000, 1353312000000, 1353398400000, 1353484800000, 1353571200000, 1353657600000, 1353744000000, 1353830400000, 1353916800000, 1354003200000, 1354089600000, 1354176000000, 1354262400000, 1354348800000, 1354435200000, 1354521600000, 1354608000000, 1354694400000, 1354780800000, 1354867200000, 1354953600000, 1355040000000, 1355126400000, 1355212800000, 1355299200000, 1355385600000, 1355472000000, 1355558400000, 1355644800000, 1355731200000, 1355817600000, 1355904000000, 1355990400000, 1356076800000, 1356163200000, 1356249600000, 1356336000000, 1356422400000, 1356508800000, 1356595200000, 1356681600000, 1356768000000, 1356854400000, 1356940800000, 1357027200000, 1357113600000, 1357200000000, 1357286400000, 1357372800000, 1357459200000, 1357545600000, 1357632000000, 1357718400000, 1357804800000, 1357891200000, 1357977600000, 1358064000000, 1358150400000, 1358236800000, 1358323200000, 1358409600000, 1358496000000, 1358582400000, 1358668800000, 1358755200000, 1358841600000, 1358928000000, 1359014400000, 1359100800000, 1359187200000, 1359273600000, 1359360000000, 1359446400000, 1359532800000, 1359619200000, 1359705600000, 1359792000000, 1359878400000, 1359964800000, 1360051200000, 1360137600000, 1360224000000, 1360310400000, 1360396800000, 1360483200000, 1360569600000, 1360656000000, 1360742400000, 1360828800000, 1360915200000, 1361001600000, 1361088000000, 1361174400000, 1361260800000, 1361347200000, 1361433600000, 1361520000000, 1361606400000, 1361692800000, 1361779200000, 1361865600000, 1361952000000, 1362038400000, 1362124800000, 1362211200000, 1362297600000, 1362384000000, 1362470400000, 1362556800000, 1362643200000, 1362729600000, 1362816000000, 1362902400000, 1362985200000, 1363071600000, 1363158000000, 1363244400000, 1363330800000, 1363417200000, 1363503600000, 1363590000000, 1363676400000, 1363762800000, 1363849200000, 1363935600000, 1364022000000, 1364108400000, 1364194800000, 1364281200000, 1364367600000, 1364454000000, 1364540400000, 1364626800000, 1364713200000, 1364799600000, 1364886000000, 1364972400000, 1365058800000, 1365145200000, 1365231600000, 1365318000000, 1365404400000, 1365490800000, 1365577200000, 1365663600000, 1365750000000, 1365836400000, 1365922800000, 1366009200000, 1366095600000, 1366182000000, 1366268400000, 1366354800000, 1366441200000, 1366527600000, 1366614000000, 1366700400000, 1366786800000, 1366873200000, 1366959600000, 1367046000000, 1367132400000, 1367218800000, 1367305200000, 1367391600000, 1367478000000, 1367564400000, 1367650800000, 1367737200000, 1367823600000, 1367910000000, 1367996400000, 1368082800000, 1368169200000, 1368255600000, 1368342000000, 1368428400000, 1368514800000, 1368601200000, 1368687600000, 1368774000000, 1368860400000, 1368946800000, 1369033200000, 1369119600000, 1369206000000, 1369292400000, 1369378800000, 1369465200000, 1369551600000, 1369638000000, 1369724400000, 1369810800000, 1369897200000, 1369983600000, 1370070000000, 1370156400000, 1370242800000, 1370329200000, 1370415600000, 1370502000000, 1370588400000, 1370674800000, 1370761200000, 1370847600000, 1370934000000, 1371020400000, 1371106800000, 1371193200000, 1371279600000, 1371366000000, 1371452400000, 1371538800000, 1371625200000, 1371711600000, 1371798000000, 1371884400000, 1371970800000, 1372057200000, 1372143600000, 1372230000000, 1372316400000, 1372402800000, 1372489200000, 1372575600000, 1372662000000, 1372748400000, 1372834800000, 1372921200000, 1373007600000, 1373094000000, 1373180400000, 1373266800000, 1373353200000, 1373439600000, 1373526000000, 1373612400000, 1373698800000, 1373785200000, 1373871600000, 1373958000000, 1374044400000, 1374130800000, 1374217200000, 1374303600000, 1374390000000, 1374476400000, 1374562800000, 1374649200000, 1374735600000, 1374822000000, 1374908400000, 1374994800000, 1375081200000, 1375167600000, 1375254000000, 1375340400000, 1375426800000, 1375513200000, 1375599600000, 1375686000000, 1375772400000, 1375858800000, 1375945200000, 1376031600000, 1376118000000, 1376204400000, 1376290800000, 1376377200000, 1376463600000, 1376550000000, 1376636400000, 1376722800000, 1376809200000, 1376895600000, 1376982000000, 1377068400000, 1377154800000, 1377241200000, 1377327600000, 1377414000000, 1377500400000, 1377586800000, 1377673200000, 1377759600000, 1377846000000, 1377932400000, 1378018800000, 1378105200000, 1378191600000, 1378278000000, 1378364400000, 1378450800000, 1378537200000, 1378623600000, 1378710000000, 1378796400000, 1378882800000, 1378969200000, 1379055600000, 1379142000000, 1379228400000, 1379314800000, 1379401200000, 1379487600000, 1379574000000, 1379660400000, 1379746800000, 1379833200000, 1379919600000, 1380006000000, 1380092400000, 1380178800000, 1380265200000, 1380351600000, 1380438000000, 1380524400000, 1380610800000, 1380697200000, 1380783600000, 1380870000000, 1380956400000, 1381042800000, 1381129200000, 1381215600000, 1381302000000, 1381388400000, 1381474800000, 1381561200000, 1381647600000, 1381734000000, 1381820400000, 1381906800000, 1381993200000, 1382079600000, 1382166000000, 1382252400000, 1382338800000, 1382425200000, 1382511600000, 1382598000000, 1382684400000, 1382770800000, 1382857200000, 1382943600000, 1383030000000, 1383116400000, 1383202800000, 1383289200000, 1383375600000, 1383462000000, 1383552000000, 1383638400000, 1383724800000, 1383811200000, 1383897600000, 1383984000000, 1384070400000, 1384156800000, 1384243200000, 1384329600000, 1384416000000, 1384502400000, 1384588800000, 1384675200000, 1384761600000, 1384848000000, 1384934400000, 1385020800000, 1385107200000, 1385193600000, 1385280000000, 1385366400000, 1385452800000, 1385539200000, 1385625600000, 1385712000000, 1385798400000, 1385884800000, 1385971200000, 1386057600000, 1386144000000, 1386230400000, 1386316800000, 1386403200000, 1386489600000, 1386576000000, 1386662400000, 1386748800000, 1386835200000, 1386921600000, 1387008000000, 1387094400000, 1387180800000, 1387267200000, 1387353600000, 1387440000000, 1387526400000, 1387612800000, 1387699200000, 1387785600000, 1387872000000, 1387958400000, 1388044800000, 1388131200000, 1388217600000, 1388304000000, 1388390400000, 1388476800000, 1388563200000, 1388649600000, 1388736000000, 1388822400000, 1388908800000, 1388995200000, 1389081600000, 1389168000000, 1389254400000, 1389340800000, 1389427200000, 1389513600000, 1389600000000, 1389686400000, 1389772800000, 1389859200000, 1389945600000, 1390032000000, 1390118400000, 1390204800000, 1390291200000, 1390377600000, 1390464000000, 1390550400000, 1390636800000, 1390723200000, 1390809600000, 1390896000000, 1390982400000, 1391068800000, 1391155200000, 1391241600000, 1391328000000, 1391414400000, 1391500800000, 1391587200000, 1391673600000, 1391760000000, 1391846400000, 1391932800000, 1392019200000, 1392105600000, 1392192000000, 1392278400000, 1392364800000, 1392451200000, 1392537600000, 1392624000000, 1392710400000, 1392796800000, 1392883200000, 1392969600000, 1393056000000, 1393142400000, 1393228800000, 1393315200000, 1393401600000, 1393488000000, 1393574400000, 1393660800000, 1393747200000, 1393833600000, 1393920000000, 1394006400000, 1394092800000, 1394179200000, 1394265600000, 1394352000000, 1394434800000, 1394521200000, 1394607600000, 1394694000000, 1394780400000, 1394866800000, 1394953200000, 1395039600000, 1395126000000, 1395212400000, 1395298800000, 1395385200000, 1395471600000, 1395558000000, 1395644400000, 1395730800000, 1395817200000, 1395903600000, 1395990000000, 1396076400000, 1396162800000, 1396249200000, 1396335600000, 1396422000000, 1396508400000, 1396594800000, 1396681200000, 1396767600000, 1396854000000, 1396940400000, 1397026800000, 1397113200000, 1397199600000, 1397286000000, 1397372400000, 1397458800000, 1397545200000, 1397631600000, 1397718000000, 1397804400000, 1397890800000, 1397977200000, 1398063600000, 1398150000000, 1398236400000, 1398322800000, 1398409200000, 1398495600000, 1398582000000, 1398668400000, 1398754800000, 1398841200000, 1398927600000, 1399014000000, 1399100400000, 1399186800000, 1399273200000, 1399359600000, 1399446000000, 1399532400000, 1399618800000, 1399705200000, 1399791600000, 1399878000000, 1399964400000, 1400050800000, 1400137200000, 1400223600000, 1400310000000, 1400396400000, 1400482800000, 1400569200000, 1400655600000, 1400742000000, 1400828400000, 1400914800000, 1401001200000, 1401087600000, 1401174000000, 1401260400000, 1401346800000, 1401433200000, 1401519600000, 1401606000000, 1401692400000, 1401778800000, 1401865200000, 1401951600000, 1402038000000, 1402124400000, 1402210800000, 1402297200000, 1402383600000, 1402470000000, 1402556400000, 1402642800000, 1402729200000, 1402815600000, 1402902000000, 1402988400000, 1403074800000, 1403161200000, 1403247600000, 1403334000000, 1403420400000, 1403506800000, 1403593200000, 1403679600000, 1403766000000, 1403852400000, 1403938800000, 1404025200000, 1404111600000, 1404198000000, 1404284400000, 1404370800000, 1404457200000, 1404543600000, 1404630000000, 1404716400000, 1404802800000, 1404889200000, 1404975600000, 1405062000000, 1405148400000, 1405234800000, 1405321200000, 1405407600000, 1405494000000, 1405580400000, 1405666800000, 1405753200000, 1405839600000, 1405926000000, 1406012400000, 1406098800000, 1406185200000, 1406271600000, 1406358000000, 1406444400000, 1406530800000, 1406617200000, 1406703600000, 1406790000000, 1406876400000, 1406962800000, 1407049200000, 1407135600000, 1407222000000, 1407308400000, 1407394800000, 1407481200000, 1407567600000, 1407654000000, 1407740400000, 1407826800000, 1407913200000, 1407999600000, 1408086000000, 1408172400000, 1408258800000, 1408345200000, 1408431600000, 1408518000000, 1408604400000, 1408690800000, 1408777200000, 1408863600000, 1408950000000, 1409036400000, 1409122800000, 1409209200000, 1409295600000, 1409382000000, 1409468400000, 1409554800000, 1409641200000, 1409727600000, 1409814000000, 1409900400000, 1409986800000, 1410073200000, 1410159600000, 1410246000000, 1410332400000, 1410418800000, 1410505200000, 1410591600000, 1410678000000, 1410764400000, 1410850800000, 1410937200000, 1411023600000, 1411110000000, 1411196400000, 1411282800000, 1411369200000, 1411455600000, 1411542000000, 1411628400000, 1411714800000, 1411801200000, 1411887600000, 1411974000000, 1412060400000, 1412146800000, 1412233200000, 1412319600000, 1412406000000, 1412492400000, 1412578800000, 1412665200000, 1412751600000, 1412838000000, 1412924400000, 1413010800000, 1413097200000, 1413183600000, 1413270000000, 1413356400000, 1413442800000, 1413529200000, 1413615600000, 1413702000000, 1413788400000, 1413874800000, 1413961200000, 1414047600000, 1414134000000, 1414220400000, 1414306800000, 1414393200000, 1414479600000, 1414566000000, 1414652400000, 1414738800000, 1414825200000, 1414911600000, 1415001600000, 1415088000000, 1415174400000, 1415260800000, 1415347200000, 1415433600000, 1415520000000, 1415606400000, 1415692800000, 1415779200000, 1415865600000, 1415952000000, 1416038400000, 1416124800000, 1416211200000, 1416297600000, 1416384000000, 1416470400000, 1416556800000, 1416643200000, 1416729600000, 1416816000000, 1416902400000, 1416988800000, 1417075200000, 1417161600000, 1417248000000, 1417334400000, 1417420800000, 1417507200000, 1417593600000, 1417680000000, 1417766400000, 1417852800000, 1417939200000, 1418025600000, 1418112000000, 1418198400000, 1418284800000, 1418371200000, 1418457600000, 1418544000000, 1418630400000, 1418716800000, 1418803200000, 1418889600000, 1418976000000, 1419062400000, 1419148800000, 1419235200000, 1419321600000, 1419408000000, 1419494400000, 1419580800000, 1419667200000, 1419753600000, 1419840000000, 1419926400000, 1420012800000, 1420099200000, 1420185600000, 1420272000000, 1420358400000, 1420444800000, 1420531200000, 1420617600000, 1420704000000, 1420790400000, 1420876800000, 1420963200000, 1421049600000, 1421136000000, 1421222400000, 1421308800000, 1421395200000, 1421481600000, 1421568000000, 1421654400000, 1421740800000, 1421827200000, 1421913600000, 1422000000000, 1422086400000, 1422172800000, 1422259200000, 1422345600000, 1422432000000, 1422518400000, 1422604800000, 1422691200000, 1422777600000, 1422864000000, 1422950400000, 1423036800000, 1423123200000, 1423209600000, 1423296000000, 1423382400000, 1423468800000, 1423555200000, 1423641600000, 1423728000000, 1423814400000, 1423900800000, 1423987200000, 1424073600000, 1424160000000, 1424246400000, 1424332800000, 1424419200000, 1424505600000, 1424592000000, 1424678400000, 1424764800000, 1424851200000, 1424937600000, 1425024000000, 1425110400000, 1425196800000, 1425283200000, 1425369600000, 1425456000000, 1425542400000, 1425628800000, 1425715200000, 1425801600000, 1425884400000, 1425970800000, 1426057200000, 1426143600000, 1426230000000, 1426316400000, 1426402800000, 1426489200000, 1426575600000, 1426662000000, 1426748400000, 1426834800000, 1426921200000, 1427007600000, 1427094000000, 1427180400000, 1427266800000, 1427353200000, 1427439600000, 1427526000000, 1427612400000, 1427698800000, 1427785200000, 1427871600000, 1427958000000, 1428044400000, 1428130800000, 1428217200000, 1428303600000, 1428390000000, 1428476400000, 1428562800000, 1428649200000, 1428735600000, 1428822000000, 1428908400000, 1428994800000, 1429081200000, 1429167600000, 1429254000000, 1429340400000, 1429426800000, 1429513200000, 1429599600000, 1429686000000, 1429772400000, 1429858800000, 1429945200000, 1430031600000, 1430118000000, 1430204400000, 1430290800000, 1430377200000, 1430463600000, 1430550000000, 1430636400000, 1430722800000, 1430809200000, 1430895600000, 1430982000000, 1431068400000, 1431154800000, 1431241200000, 1431327600000, 1431414000000, 1431500400000, 1431586800000, 1431673200000, 1431759600000, 1431846000000, 1431932400000, 1432018800000, 1432105200000, 1432191600000, 1432278000000, 1432364400000, 1432450800000, 1432537200000, 1432623600000, 1432710000000, 1432796400000, 1432882800000, 1432969200000, 1433055600000, 1433142000000, 1433228400000, 1433314800000, 1433401200000, 1433487600000, 1433574000000, 1433660400000, 1433746800000, 1433833200000, 1433919600000, 1434006000000, 1434092400000, 1434178800000, 1434265200000, 1434351600000, 1434438000000, 1434524400000, 1434610800000, 1434697200000, 1434783600000, 1434870000000, 1434956400000, 1435042800000, 1435129200000, 1435215600000, 1435302000000, 1435388400000, 1435474800000, 1435561200000, 1435647600000, 1435734000000, 1435820400000, 1435906800000, 1435993200000, 1436079600000, 1436166000000, 1436252400000, 1436338800000, 1436425200000, 1436511600000, 1436598000000, 1436684400000, 1436770800000, 1436857200000, 1436943600000, 1437030000000, 1437116400000, 1437202800000, 1437289200000, 1437375600000, 1437462000000, 1437548400000, 1437634800000, 1437721200000, 1437807600000, 1437894000000, 1437980400000, 1438066800000, 1438153200000, 1438239600000, 1438326000000, 1438412400000, 1438498800000, 1438585200000, 1438671600000, 1438758000000, 1438844400000, 1438930800000, 1439017200000, 1439103600000, 1439190000000, 1439276400000, 1439362800000, 1439449200000, 1439535600000, 1439622000000, 1439708400000, 1439794800000, 1439881200000, 1439967600000, 1440054000000, 1440140400000, 1440226800000, 1440313200000, 1440399600000, 1440486000000, 1440572400000, 1440658800000, 1440745200000, 1440831600000, 1440918000000, 1441004400000, 1441090800000, 1441177200000, 1441263600000, 1441350000000, 1441436400000, 1441522800000, 1441609200000, 1441695600000, 1441782000000, 1441868400000, 1441954800000, 1442041200000, 1442127600000, 1442214000000, 1442300400000, 1442386800000, 1442473200000, 1442559600000, 1442646000000, 1442732400000, 1442818800000, 1442905200000, 1442991600000, 1443078000000, 1443164400000, 1443250800000, 1443337200000, 1443423600000, 1443510000000, 1443596400000, 1443682800000, 1443769200000, 1443855600000, 1443942000000, 1444028400000, 1444114800000, 1444201200000, 1444287600000, 1444374000000, 1444460400000, 1444546800000, 1444633200000, 1444719600000, 1444806000000, 1444892400000, 1444978800000, 1445065200000, 1445151600000, 1445238000000, 1445324400000, 1445410800000, 1445497200000, 1445583600000, 1445670000000, 1445756400000, 1445842800000, 1445929200000, 1446015600000, 1446102000000, 1446188400000, 1446274800000, 1446361200000, 1446451200000, 1446537600000, 1446624000000, 1446710400000, 1446796800000, 1446883200000, 1446969600000, 1447056000000, 1447142400000, 1447228800000, 1447315200000, 1447401600000, 1447488000000, 1447574400000, 1447660800000, 1447747200000, 1447833600000, 1447920000000, 1448006400000, 1448092800000, 1448179200000, 1448265600000, 1448352000000, 1448438400000, 1448524800000, 1448611200000, 1448697600000, 1448784000000, 1448870400000, 1448956800000, 1449043200000, 1449129600000, 1449216000000, 1449302400000, 1449388800000, 1449475200000, 1449561600000, 1449648000000, 1449734400000, 1449820800000, 1449907200000, 1449993600000, 1450080000000, 1450166400000, 1450252800000, 1450339200000, 1450425600000, 1450512000000, 1450598400000, 1450684800000, 1450771200000, 1450857600000, 1450944000000, 1451030400000, 1451116800000, 1451203200000, 1451289600000, 1451376000000, 1451462400000, 1451548800000, 1451635200000, 1451721600000, 1451808000000, 1451894400000, 1451980800000, 1452067200000, 1452153600000, 1452240000000, 1452326400000, 1452412800000, 1452499200000, 1452585600000, 1452672000000, 1452758400000, 1452844800000, 1452931200000, 1453017600000, 1453104000000, 1453190400000, 1453276800000, 1453363200000, 1453449600000, 1453536000000, 1453622400000, 1453708800000, 1453795200000, 1453881600000, 1453968000000, 1454054400000, 1454140800000, 1454227200000, 1454313600000, 1454400000000, 1454486400000, 1454572800000, 1454659200000, 1454745600000, 1454832000000, 1454918400000, 1455004800000, 1455091200000, 1455177600000, 1455264000000, 1455350400000, 1455436800000, 1455523200000, 1455609600000, 1455696000000, 1455782400000, 1455868800000, 1455955200000, 1456041600000, 1456128000000, 1456214400000, 1456300800000, 1456387200000, 1456473600000, 1456560000000, 1456646400000, 1456732800000, 1456819200000, 1456905600000, 1456992000000, 1457078400000, 1457164800000, 1457251200000, 1457337600000, 1457424000000, 1457510400000, 1457596800000, 1457683200000, 1457769600000, 1457856000000, 1457938800000, 1458025200000, 1458111600000, 1458198000000, 1458284400000, 1458370800000, 1458457200000, 1458543600000, 1458630000000, 1458716400000, 1458802800000, 1458889200000, 1458975600000, 1459062000000, 1459148400000, 1459234800000, 1459321200000, 1459407600000, 1459494000000, 1459580400000, 1459666800000, 1459753200000, 1459839600000, 1459926000000, 1460012400000, 1460098800000, 1460185200000, 1460271600000, 1460358000000, 1460444400000, 1460530800000, 1460617200000, 1460703600000, 1460790000000, 1460876400000, 1460962800000, 1461049200000, 1461135600000, 1461222000000, 1461308400000, 1461394800000, 1461481200000, 1461567600000, 1461654000000, 1461740400000, 1461826800000, 1461913200000, 1461999600000, 1462086000000, 1462172400000, 1462258800000, 1462345200000, 1462431600000, 1462518000000, 1462604400000, 1462690800000, 1462777200000, 1462863600000, 1462950000000, 1463036400000, 1463122800000, 1463209200000, 1463295600000, 1463382000000, 1463468400000, 1463554800000, 1463641200000, 1463727600000, 1463814000000, 1463900400000, 1463986800000, 1464073200000, 1464159600000, 1464246000000, 1464332400000, 1464418800000, 1464505200000, 1464591600000, 1464678000000, 1464764400000, 1464850800000, 1464937200000, 1465023600000, 1465110000000, 1465196400000, 1465282800000, 1465369200000, 1465455600000, 1465542000000, 1465628400000, 1465714800000, 1465801200000, 1465887600000, 1465974000000, 1466060400000, 1466146800000, 1466233200000, 1466319600000, 1466406000000, 1466492400000, 1466578800000, 1466665200000, 1466751600000, 1466838000000, 1466924400000, 1467010800000, 1467097200000, 1467183600000, 1467270000000, 1467356400000, 1467442800000, 1467529200000, 1467615600000, 1467702000000, 1467788400000, 1467874800000, 1467961200000, 1468047600000, 1468134000000, 1468220400000, 1468306800000, 1468393200000, 1468479600000, 1468566000000, 1468652400000, 1468738800000, 1468825200000, 1468911600000, 1468998000000, 1469084400000, 1469170800000, 1469257200000, 1469343600000, 1469430000000, 1469516400000, 1469602800000, 1469689200000, 1469775600000, 1469862000000, 1469948400000, 1470034800000, 1470121200000, 1470207600000, 1470294000000, 1470380400000, 1470466800000, 1470553200000, 1470639600000, 1470726000000, 1470812400000, 1470898800000, 1470985200000, 1471071600000, 1471158000000, 1471244400000, 1471330800000, 1471417200000, 1471503600000, 1471590000000, 1471676400000, 1471762800000, 1471849200000, 1471935600000, 1472022000000, 1472108400000, 1472194800000, 1472281200000, 1472367600000, 1472454000000, 1472540400000, 1472626800000, 1472713200000, 1472799600000, 1472886000000, 1472972400000, 1473058800000, 1473145200000, 1473231600000, 1473318000000, 1473404400000, 1473490800000, 1473577200000, 1473663600000, 1473750000000, 1473836400000, 1473922800000, 1474009200000, 1474095600000, 1474182000000, 1474268400000, 1474354800000, 1474441200000, 1474527600000, 1474614000000, 1474700400000, 1474786800000, 1474873200000, 1474959600000, 1475046000000, 1475132400000, 1475218800000, 1475305200000, 1475391600000, 1475478000000, 1475564400000, 1475650800000, 1475737200000, 1475823600000, 1475910000000, 1475996400000, 1476082800000, 1476169200000, 1476255600000, 1476342000000, 1476428400000, 1476514800000, 1476601200000, 1476687600000, 1476774000000, 1476860400000, 1476946800000, 1477033200000, 1477119600000, 1477206000000, 1477292400000, 1477378800000, 1477465200000, 1477551600000, 1477638000000, 1477724400000, 1477810800000, 1477897200000, 1477983600000, 1478070000000, 1478156400000, 1478242800000, 1478329200000, 1478415600000, 1478505600000, 1478592000000, 1478678400000, 1478764800000, 1478851200000, 1478937600000, 1479024000000, 1479110400000, 1479196800000, 1479283200000, 1479369600000, 1479456000000, 1479542400000, 1479628800000, 1479715200000, 1479801600000, 1479888000000, 1479974400000, 1480060800000, 1480147200000, 1480233600000, 1480320000000, 1480406400000, 1480492800000, 1480579200000, 1480665600000, 1480752000000, 1480838400000, 1480924800000, 1481011200000, 1481097600000, 1481184000000, 1481270400000, 1481356800000, 1481443200000, 1481529600000, 1481616000000, 1481702400000, 1481788800000, 1481875200000, 1481961600000, 1482048000000, 1482134400000, 1482220800000, 1482307200000, 1482393600000, 1482480000000, 1482566400000, 1482652800000, 1482739200000, 1482825600000, 1482912000000, 1482998400000, 1483084800000, 1483171200000, 1483257600000, 1483344000000, 1483430400000, 1483516800000, 1483603200000, 1483689600000, 1483776000000, 1483862400000, 1483948800000, 1484035200000, 1484121600000, 1484208000000, 1484294400000, 1484380800000, 1484467200000, 1484553600000, 1484640000000, 1484726400000, 1484812800000, 1484899200000, 1484985600000, 1485072000000, 1485158400000, 1485244800000, 1485331200000, 1485417600000, 1485504000000, 1485590400000, 1485676800000, 1485763200000, 1485849600000, 1485936000000, 1486022400000, 1486108800000, 1486195200000, 1486281600000, 1486368000000, 1486454400000, 1486540800000, 1486627200000, 1486713600000, 1486800000000, 1486886400000, 1486972800000, 1487059200000, 1487145600000, 1487232000000, 1487318400000, 1487404800000, 1487491200000, 1487577600000, 1487664000000, 1487750400000, 1487836800000, 1487923200000, 1488009600000, 1488096000000, 1488182400000, 1488268800000, 1488355200000, 1488441600000, 1488528000000, 1488614400000, 1488700800000, 1488787200000, 1488873600000, 1488960000000, 1489046400000, 1489132800000, 1489219200000, 1489305600000, 1489388400000, 1489474800000, 1489561200000, 1489647600000, 1489734000000, 1489820400000, 1489906800000, 1489993200000, 1490079600000, 1490166000000, 1490252400000, 1490338800000, 1490425200000, 1490511600000, 1490598000000, 1490684400000, 1490770800000, 1490857200000, 1490943600000, 1491030000000, 1491116400000, 1491202800000, 1491289200000, 1491375600000, 1491462000000, 1491548400000, 1491634800000, 1491721200000, 1491807600000, 1491894000000, 1491980400000, 1492066800000, 1492153200000, 1492239600000, 1492326000000, 1492412400000, 1492498800000, 1492585200000, 1492671600000, 1492758000000, 1492844400000, 1492930800000, 1493017200000, 1493103600000, 1493190000000, 1493276400000, 1493362800000, 1493449200000, 1493535600000, 1493622000000, 1493708400000, 1493794800000, 1493881200000, 1493967600000, 1494054000000, 1494140400000, 1494226800000, 1494313200000, 1494399600000, 1494486000000, 1494572400000, 1494658800000, 1494745200000, 1494831600000, 1494918000000, 1495004400000, 1495090800000, 1495177200000, 1495263600000, 1495350000000, 1495436400000]}, "views": {"daily": {"opt": {"colors": ["#73c421"], "tooltip": {"trigger": "none"}, "pointSize": 0, "hAxis": {"slantedText": false, "viewWindow": {}, "gridlines": {"color": "transparent"}, "textStyle": {"color": "#666"}, "baselineColor": "transparent"}, "chartArea": {"left": 81.0, "top": 30}, "legend": {"position": "none"}, "vAxis": {"minValue": 0, "gridlines": {"color": "#f0f0f0"}, "baselineColor": "#e2e2e2", "textStyle": {"color": "#666"}, "titleTextStyle": {"color": "#666"}, "maxValue": 1047926}, "enableInteractivity": false}, "data": [174298, 552393, 618451, 772835, 1047925, 908754, 510981, 421987, 320712, 301944, 296210, 276132, 163173, 149900, 204559, 132387, 135490, 139016, 194310, 167774, 152985, 145418, 107175, 107713, 123389, 128658, 114577, 99470, 153390, 136443, 104332, 118366, 149761, 126652, 106754, 104106, 100628, 102757, 201707, 292019, 260221, 131308, 117491, 125896, 116424, 123944, 139632, 114740, 104427, 111605, 113628, 117240, 135052, 163822, 144905, 124072, 121363, 112583, 128487, 135743, 152030, 128372, 111354, 114583, 125047, 130537, 149924, 162978, 137793, 108290, 101730, 105548, 116156, 126852, 136525, 114345, 103012, 96719, 88481, 99994, 88221, 98207, 99262, 86237, 91919, 76608, 91532, 104497, 122531, 106419, 93654, 84194, 75386, 81459, 73154, 95690, 78779, 71251, 58678, 68890, 72560, 62139, 70076, 51306, 48824, 47268, 50550, 51732, 58203, 66957, 53972, 43718, 42861, 45540, 39371, 37324, 51957, 34456, 28368, 33473, 37229, 34602, 42166, 44895, 35415, 31461, 30486, 30278, 31673, 39836, 35358, 34739, 35294, 42929, 41864, 37476, 36266, 40802, 34388, 45224, 34087, 30117, 33820, 33208, 36254, 32208, 31084, 30436, 33224, 29691, 30936, 43282, 35594, 27637, 30306, 28399, 33564, 40944, 45491, 37439, 29948, 20066, 31890, 30658, 33582, 40776, 32883, 28996, 27845, 27949, 27968, 31163, 36042, 27015, 29042, 25059, 29527, 29107, 27437, 32068, 27935, 24336, 23281, 25235, 22618, 26225, 29036, 26917, 19764, 20607, 21461, 21337, 26162, 28979, 23756, 19202, 19856, 20089, 21319, 23214, 29643, 24909, 17188, 15719, 18118, 18522, 21564, 23352, 19973, 19275, 18176, 21111, 20996, 21019, 23553, 20626, 16878, 14950, 16650, 16097, 22067, 23347, 19174, 16840, 22035, 19611, 18276, 19716, 19205, 16530, 16647, 17561, 19123, 19310, 19649, 21888, 20417, 18694, 15902, 18031, 18626, 21833, 23912, 20009, 14279, 15446, 16106, 19105, 20683, 19372, 18336, 14715, 15189, 16799, 15775, 18844, 22831, 17671, 15005, 15603, 14870, 16966, 19465, 21304, 18071, 16952, 16643, 17778, 17095, 16972, 19558, 16288, 14204, 16105, 16715, 15959, 16686, 18897, 15827, 14510, 14300, 13999, 14518, 16095, 17511, 15421, 14559, 14285, 13791, 12885, 13946, 15848, 14750, 13698, 13874, 14159, 14219, 15043, 15873, 14628, 14302, 14395, 13778, 14154, 13477, 13959, 12778, 13106, 13645, 13414, 13199, 14017, 11309, 10489, 13691, 13321, 14058, 13284, 13033, 14115, 12738, 14432, 15306, 13680, 11931, 12136, 12299, 11383, 11990, 12593, 11934, 11124, 10616, 10087, 9519, 10080, 10158, 11407, 14251, 14296, 14192, 13122, 14055, 14841, 14201, 13878, 14600, 13682, 13242, 13764, 14471, 14503, 14653, 14424, 13620, 13559, 13618, 14904, 14994, 15140, 15240, 14287, 14039, 13972, 14223, 14595, 14992, 15492, 14874, 14247, 13456, 13603, 16416, 15340, 15214, 15558, 14223, 12369, 12693, 12510, 12864, 13866, 14931, 14637, 13807, 11774, 12073, 11935, 12620, 14710, 13108, 10773, 10930, 11033, 11506, 12712, 14283, 12943, 10797, 10894, 11147, 11044, 12779, 14912, 13259, 10935, 11146, 12101, 11325, 12911, 13746, 10752, 9158, 9214, 10471, 10779, 11171, 13424, 11857, 10326, 10698, 10647, 10814, 11670, 13453, 12192, 10939, 10114, 11727, 13243, 13998, 14901, 12351, 10727, 9774, 10673, 10603, 10764, 12000, 10914, 9988, 10216, 10132, 9451, 11325, 13247, 11925, 10320, 10416, 11122, 10840, 12320, 14132, 11631, 10674, 9634, 10168, 10521, 11162, 13219, 10815, 9116, 8976, 9489, 9305, 10214, 12223, 9824, 8867, 8955, 11237, 10557, 11388, 12305, 11025, 9340, 10405, 10874, 10718, 12558, 14022, 10976, 8845, 8533, 7743, 7634, 8919, 10103, 8481, 7089, 7522, 7749, 7845, 7928, 8443, 8393, 9453, 8367, 8293, 8726, 10170, 10035, 9065, 10232, 10232, 9104, 10088, 10776, 11027, 9420, 8777, 9916, 10143, 10001, 11259, 12701, 11065, 8491, 9559, 9681, 9924, 10650, 11953, 11016, 9947, 8975, 9739, 9337, 10783, 11471, 9309, 8277, 8975, 9399, 8919, 9413, 11176, 9490, 7823, 7932, 8970, 8497, 9350, 10987, 9529, 7741, 9448, 9726, 10353, 10930, 11752, 10981, 10219, 9369, 9604, 9031, 10833, 11943, 10141, 8756, 9000, 9613, 9595, 10247, 11508, 10473, 9223, 9238, 9057, 9191, 9950, 11253, 9796, 9201, 9016, 8895, 8381, 8988, 10214, 9251, 8347, 7964, 8512, 8360, 9482, 10921, 9327, 8468, 9002, 9016, 9618, 10084, 11498, 9902, 8634, 9298, 10341, 10582, 11961, 13181, 11682, 10437, 10682, 11260, 7556, 12025, 15054, 13830, 12924, 13876, 14106, 13840, 14939, 14453, 12176, 12289, 13017, 13387, 13544, 15372, 16097, 13290, 12231, 12375, 12551, 13242, 14276, 14604, 12415, 11559, 12484, 11611, 12824, 14483, 14831, 12882, 12534, 13445, 13578, 12992, 14333, 15179, 13582, 12622, 12925, 13760, 13443, 15091, 14570, 13565, 13878, 12824, 13463, 13516, 13313, 14273, 12651, 11722, 12294, 12752, 12371, 12505, 12853, 12157, 11843, 12181, 12626, 12909, 13177, 13484, 12457, 12844, 13546, 13725, 13484, 13735, 13458, 12163, 12783, 13553, 13918, 13619, 13807, 13030, 11774, 13137, 13427, 13317, 13300, 12385, 12153, 12323, 12905, 12580, 12579, 13586, 13183, 12535, 12036, 13335, 13791, 13387, 13567, 13483, 14150, 13173, 14623, 14261, 13994, 14151, 13882, 12878, 12393, 13011, 12271, 11896, 12037, 12855, 12040, 11498, 11994, 12356, 12234, 12727, 12835, 12173, 11600, 11953, 12109, 12168, 11842, 12534, 12336, 11624, 10780, 11202, 12811, 13531, 13802, 14216, 12014, 10383, 10796, 9995, 10454, 11432, 12348, 11701, 11267, 10520, 10233, 10420, 11131, 12912, 11892, 10116, 10245, 10304, 10605, 10821, 13074, 11398, 9753, 9831, 9794, 9519, 10804, 12455, 11906, 10453, 10654, 10701, 10604, 11330, 13235, 11535, 10650, 10247, 10306, 11007, 12085, 13988, 12362, 10742, 10884, 11060, 10961, 11403, 13249, 11234, 10237, 10354, 11496, 11862, 12821, 14204, 12603, 12166, 12258, 12404, 13463, 13958, 14220, 13228, 12040, 11427, 12079, 11831, 11684, 14291, 13865, 11587, 12589, 11944, 12597, 13239, 14910, 13026, 11875, 12593, 11729, 12393, 13732, 14949, 13768, 11860, 12390, 12474, 12142, 13520, 15047, 13313, 11467, 12255, 13782, 12505, 12584, 13011, 11894, 10735, 10840, 11116, 11508, 12694, 13260, 11728, 9884, 10100, 11125, 10920, 12132, 12807, 11253, 10183, 10267, 10602, 10849, 11080, 11923, 11298, 11225, 11498, 11315, 10662, 12039, 13010, 12233, 13034, 13731, 14054, 12548, 13209, 13342, 11847, 11309, 11263, 11939, 12670, 13365, 15681, 12870, 11344, 11432, 12682, 13424, 14061, 16409, 15851, 14323, 12309, 12455, 13384, 15159, 15575, 13089, 12016, 12271, 12286, 13175, 13399, 15624, 13591, 12023, 12434, 12684, 14176, 14002, 15824, 13438, 11554, 12462, 13314, 13274, 13697, 15216, 14160, 12992, 12650, 12625, 12955, 13630, 15020, 13467, 12097, 12711, 14351, 13991, 14029, 15742, 13483, 12488, 12128, 15085, 15516, 15322, 17512, 13422, 13098, 13316, 14528, 14891, 15668, 16962, 13594, 12743, 13088, 13484, 13857, 15852, 16006, 13962, 14305, 12710, 11153, 9519, 10100, 10959, 9718, 9374, 9791, 10253, 11101, 13652, 13064, 11880, 12625, 13186, 13032, 14283, 16391, 15667, 13877, 12150, 12251, 12250, 13360, 16312, 17392, 15738, 14467, 13910, 13929, 14889, 15779, 17900, 15746, 12436, 14303, 13708, 14331, 15453, 16396, 13890, 12256, 13236, 13438, 13883, 15789, 16098, 13783, 12360, 13696, 14707, 13179, 12401, 12397, 10664, 9878, 11371, 11479, 10570, 12008, 12388, 11706, 11189, 10519, 10590, 10939, 11946, 13030, 11955, 11021, 12098, 12269, 12415, 11968, 12323, 11394, 10718, 11629, 12358, 11952, 13236, 12861, 12598, 12032, 12171, 12605, 12019, 13232, 12375, 11648, 11854, 12505, 12757, 12123, 12252, 12516, 11782, 12440, 12811, 13366, 12813, 12625, 11376, 11822, 12700, 12873, 13177, 12690, 13060, 12279, 11055, 11853, 13403, 13446, 14000, 13963, 13640, 12243, 13709, 13829, 13049, 13753, 14164, 13282, 12423, 13180, 13094, 12936, 13592, 13000, 12984, 12001, 12644, 12959, 13163, 13309, 13183, 13268, 12432, 12266, 13109, 12250, 12555, 13086, 13139, 11896, 11611, 12830, 12350, 12189, 13015, 13515, 15874, 11447, 11622, 11956, 12432, 12777, 13932, 11958, 9775, 10932, 10859, 11394, 12642, 13667, 11878, 10867, 9496, 9557, 10518, 11216, 13264, 11814, 10392, 10336, 10020, 10775, 11302, 13004, 11448, 9843, 10329, 10307, 10756, 10960, 13071, 10825, 10151, 10035, 10307, 11061, 11981, 14373, 11854, 10339, 10553, 10903, 10754, 11857, 13759, 12076, 11144, 10722, 11636, 12483, 12967, 14167, 12193, 10656, 11134, 11292, 11386, 12402, 13167, 11106, 9936, 10400, 10933, 11476, 12102, 12354, 12871, 11051, 11370, 10496, 11563, 12159, 14050, 12307, 10711, 11657, 10718, 10793, 11273, 12202, 11080, 9648, 9923, 9660, 9986, 11084, 12072, 11047, 9825, 10704, 11337, 9836, 10532, 10991, 10446, 9428, 10174, 10433, 10706, 11400, 11902, 10551, 10071, 11251, 11450, 10901, 10895, 11733, 10327, 10045, 10298, 10657, 11037, 10982, 11800, 10382, 11120, 12204, 12056, 11791, 9703, 10332, 10412, 10778, 11811, 12013, 12790, 12500, 13391, 11653, 10917, 11082, 12730, 13477, 12328, 14355, 12750, 11336, 12181, 12573, 12685, 13079, 14151, 12776, 12617, 12259, 11998, 12030, 13024, 13588, 12240, 11575, 12599, 12904, 13362, 13166, 12865, 11533, 10787, 10904, 11095, 11703, 12556, 13222, 11413, 10471, 11427, 11264, 12403, 12039, 12200, 11494, 11340, 10672, 11197, 12087, 12229, 12660, 11456, 11351, 11979, 11816, 12167, 11875, 12806, 12219, 10543, 11514, 11678, 11993, 11200, 11371, 10343, 9823, 10300, 10634, 10893, 11234, 11000, 9921, 9875, 9629, 10298, 10644, 11198, 10962, 9479, 9017, 9492, 10099, 10990, 11680, 10343, 9119, 10083, 10044, 10587, 11624, 11909, 11341, 9730, 10363, 11305, 12008, 13425, 14721, 12156, 10621, 9825, 11361, 12253, 12596, 13360, 12959, 10928, 10341, 11636, 11348, 12140, 12156, 11317, 9791, 8740, 8638, 10413, 12014, 11636, 10344, 9298, 9720, 10360, 10451, 10897, 11821, 10424, 9399, 10057, 11323, 10451, 10075, 12143, 11694, 9666, 10281, 9996, 9881, 10144, 10851, 10387, 8760, 9295, 10408, 10267, 11676, 12979, 13128, 10252, 10811, 11630, 11710, 11736, 13064, 11014, 9992, 10254, 10257, 10489, 10165, 10617, 10398, 9082, 9618, 10442, 10311, 9478, 10158, 9162, 8321, 9133, 9894, 10666, 11428, 11472, 9983, 8693, 10032, 11053, 11644, 11665, 12427, 12177, 11298, 11301, 10622, 10740, 10102, 10328, 9917, 9308, 11118, 10684, 10251, 10363, 11022, 10591, 9497, 11019, 11049, 12352, 11867, 12548, 11865, 11416, 12470, 13974, 12849, 12346, 13532, 12610, 10728, 12432, 14106, 15596, 16681, 14903, 14218, 12228, 12857, 12833, 14661, 14074, 13266, 13577, 12402, 13197, 12849, 13068, 14482, 14799, 13451, 11440, 12184, 12881, 12288, 13383, 16387, 16949, 12934, 13145, 12397, 11942, 11700, 11210, 10076, 9535, 9678, 10023, 10941, 13000, 14836, 12777, 10121, 10324, 10570, 11480, 12728, 14433, 11998, 10791, 9729, 14428, 15210, 16153, 14644, 14229, 11198, 11447, 12097, 12596, 13800, 13978, 14599, 16172, 15589, 13928, 14678, 12675, 12357, 13116, 11724, 11908, 10010, 10630, 10626, 11137, 10669, 9275, 8956, 9433, 9625, 10165, 10998, 11545, 11121, 11115, 12085, 11854, 12058, 12631, 11895, 9919, 8977, 9746, 10044, 11330, 11516, 10985, 10113, 9165, 9445, 9076, 11617, 12950, 13327, 12310, 11069, 11647, 13006, 13665, 14187, 14175, 14029, 13977, 14491, 16696, 14770, 13937, 13934, 13997, 13970, 14969, 14235, 14289, 15475, 17566, 14735, 13436, 14705, 14530, 14239, 16431, 16737, 15262, 14084, 14212, 14300, 13938, 14761, 16004, 14492, 14307, 14546, 15045, 15973, 15786, 16337, 13609, 13622, 14907, 14790, 16749, 17866, 17241, 14412, 15420, 15652, 14665, 15151, 17347, 17273, 15312, 14172, 14823, 13499, 12585, 15834, 18863, 18248, 18057, 16305, 17507, 17322, 17188, 18347, 15465, 14113, 14858, 15184, 16116, 17590, 21350, 17882, 15561, 14964, 16488, 15556, 16307, 19872, 16266, 15681, 15863, 17387, 17595, 19138, 20463, 16970, 14626, 15355, 15175, 14714, 16234, 16996, 14525, 13589, 12904, 12818, 15736, 15975, 15803, 13040, 12070, 12638, 13699, 15397, 16543, 16200, 14346, 13673, 14611, 14455, 15329, 15951, 16593, 14059, 14172, 14195, 13647, 14471, 15361, 16774, 15341, 14731, 14767, 14902, 15734, 17133, 17042, 15189, 14424, 15403, 16171, 16649, 17657, 16924, 14524, 13940, 14234, 15860, 17147, 17302, 15585, 14230, 14078, 14877, 14828, 15394, 16428, 15578, 14030, 14045, 15295, 15128, 16056, 17088, 18673, 15248, 13806, 14806, 15067, 15847, 16754, 16960, 15208, 14707, 15164, 14462, 13751, 15415, 16117, 15237, 15702, 15950, 14102, 13056, 13542, 13949, 12176, 11646, 12283, 13469, 15415, 15192, 14011, 11505, 12585]}}, "subscribers": {"daily": {"opt": {"colors": ["#e62117"], "tooltip": {"trigger": "none"}, "pointSize": 0, "hAxis": {"slantedText": false, "viewWindow": {}, "gridlines": {"color": "transparent"}, "textStyle": {"color": "#666"}, "baselineColor": "transparent"}, "chartArea": {"left": 60.0, "top": 30}, "legend": {"position": "none"}, "vAxis": {"minValue": 0, "gridlines": {"color": "#f0f0f0"}, "baselineColor": "#e2e2e2", "textStyle": {"color": "#666"}, "titleTextStyle": {"color": "#666"}, "maxValue": 1023}, "enableInteractivity": false}, "data": [468, 960, 645, 941, 1022, 788, 447, 253, 289, 251, 319, 293, 169, 152, 190, 128, 106, 167, 169, 122, 150, 113, 68, 71, 98, 126, 86, 53, 103, 58, 88, 76, 92, 77, 67, 72, 63, 58, 146, 189, 171, 87, 54, 70, 75, 83, 89, 70, 50, 59, 77, 60, 65, 105, 85, 75, 64, 61, 81, 75, 77, 77, 48, 70, 65, 62, 77, 95, 70, 62, 54, 77, 62, 66, 77, 72, 52, 58, 54, 59, 40, 59, 61, 37, 55, 39, 45, 61, 57, 50, 61, 46, 37, 48, 35, 49, 40, 43, 31, 31, 33, 33, 34, 30, 37, 26, 24, 26, 32, 38, 15, 24, 21, 29, 25, 29, 37, 22, 14, 22, 27, 31, 32, 30, 25, 31, 28, 34, 15, 28, 20, 18, 33, 24, 22, 28, 21, 21, 23, 22, 22, 28, 34, 23, 25, 15, 18, 21, 30, 20, 13, 36, 20, 21, 29, 27, 25, 23, 27, 24, 26, 21, 21, 25, 39, 27, 20, 21, 21, 12, 18, 36, 33, 15, 23, 16, 23, 22, 21, 21, 21, 23, 17, 27, 18, 25, 24, 22, 17, 20, 23, 14, 16, 16, 13, 10, 22, 19, 16, 15, 23, 16, 14, 15, 11, 20, 13, 25, 15, 11, 20, 18, 13, 14, 20, 13, 16, 15, 17, 12, 19, 21, 13, 15, 15, 20, 18, 19, 13, 15, 12, 9, 19, 12, 20, 21, 26, 23, 20, 14, 17, 30, 26, 18, 12, 15, 13, 22, 20, 14, 20, 16, 19, 20, 13, 21, 20, 13, 16, 19, 16, 11, 23, 12, 17, 17, 15, 25, 14, 12, 15, 20, 12, 18, 23, 23, 18, 14, 20, 13, 15, 18, 18, 22, 18, 13, 17, 16, 15, 12, 14, 9, 12, 16, 13, 10, 16, 22, 8, 19, 15, 21, 19, 16, 15, 14, 12, 11, 13, 20, 15, 22, 10, 16, 15, 15, 19, 13, 12, 17, 16, 15, 21, 13, 12, 8, 11, 12, 16, 12, 10, 15, 9, 10, 7, 18, 10, 9, 21, 22, 16, 16, 22, 24, 21, 20, 15, 11, 19, 15, 21, 16, 9, 11, 20, 16, 20, 22, 24, 12, 21, 8, 12, 12, 12, 21, 22, 17, 17, 18, 10, 21, 14, 19, 17, 12, 12, 18, 19, 12, 12, 14, 14, 11, 21, 15, 21, 7, 13, 15, 10, 13, 10, 5, 11, 14, 15, 18, 14, 11, 6, 11, 14, 18, 12, 8, 16, 11, 8, 15, 15, 12, 4, 2, 9, 12, 8, 18, 13, 9, 12, 8, 10, 16, 22, 13, 12, 15, 18, 19, 18, 23, 23, 10, 12, 12, 11, 18, 12, 12, 10, 12, 14, 12, 22, 21, 22, 26, 22, 15, 18, 28, 21, 26, 16, 13, 11, 15, 17, 21, 11, 13, 6, 7, 14, 20, 21, 17, 8, 15, 16, 16, 20, 15, 21, 11, 18, 14, 17, 21, 19, 15, 13, 9, 10, 8, 10, 12, 11, 10, 7, 12, 10, 10, 13, 9, 14, 6, 17, 14, 12, 16, 13, 15, 6, 10, 13, 11, 10, 11, 18, 18, 11, 15, 14, 15, 19, 8, 13, 11, 14, 15, 14, 14, 11, 10, 20, 9, 13, 15, 14, 5, 8, 15, 13, 20, 16, 13, 9, 5, 10, 13, 8, 19, 13, 13, 4, 20, 17, 11, 22, 23, 18, 16, 15, 17, 6, 15, 8, 10, 13, 11, 11, 10, 10, 14, 18, 8, 13, 12, 15, 9, 9, 11, 14, 11, 11, 11, 11, 17, 9, 10, 10, 10, 10, 12, 9, 8, 5, 10, 9, 16, 12, 13, 6, 8, 15, 10, 11, 13, 20, 13, 14, 11, 5, 14, 17, 21, 20, 14, 18, 29, 28, 22, 14, 21, 19, 25, 17, 34, 19, 17, 17, 10, 23, 23, 15, 26, 13, 11, 18, 14, 14, 23, 9, 8, 8, 16, 11, 13, 21, 18, 18, 15, 16, 26, 21, 16, 19, 14, 11, 10, 13, 20, 17, 14, 15, 14, 18, 11, 15, 18, 15, 18, 15, 13, 13, 7, 16, 19, 13, 14, 7, 17, 14, 9, 10, 8, 27, 15, 8, 15, 13, 17, 9, 11, 20, 17, 16, 11, 15, 14, 21, 10, 9, 16, 19, 9, 19, 23, 15, 11, 14, 8, 18, 11, 12, 17, 14, 18, 10, 10, 19, 15, 5, 8, 10, 7, 16, 6, 13, 7, 11, 12, 9, 12, 10, 6, 13, 9, 11, 12, 13, 9, 15, 8, 17, 8, 18, 14, 7, 13, 7, 5, 5, 4, 12, 12, 8, 7, 7, 9, 9, 10, 10, 9, 4, 7, 16, 10, 14, 10, 3, 11, 8, 9, 8, 10, 13, 11, 9, 10, 7, 6, 10, 10, 10, 8, 9, 7, 5, 19, 11, 9, 12, 10, 18, 14, 9, 11, 4, 6, 10, 17, 2, 15, 9, 5, 4, 8, 11, 9, 10, 8, 3, 8, 9, 11, 4, 13, 16, 9, 10, 8, 13, 12, 7, 8, 7, 10, 10, 7, 12, 8, 7, 3, 4, 13, 8, 9, 9, 10, 5, 3, 9, 6, 13, 7, 5, 6, 10, 7, 10, 6, 7, 8, 9, 3, 7, 9, 9, 8, 8, 7, 13, 7, 7, 7, 13, 11, 7, 7, 4, 2, 5, 9, 7, 12, 10, 7, 11, 14, 2, 8, 9, 7, 9, 5, 12, 16, 3, 10, 6, 2, 10, 6, 9, 11, 11, 6, 11, 10, 11, 14, 5, 4, 13, 8, 7, 7, 13, 6, 8, 14, 6, 12, 14, 8, 7, 6, 11, 9, 6, 11, 13, 8, 10, 3, 11, 5, 10, 1, 5, 8, 6, 13, 6, 4, 12, 8, 10, 4, 12, 14, 12, 13, 4, 11, 7, 13, 11, 8, 12, 6, 2, 9, 10, 6, 15, 6, 11, 12, 10, 5, 9, 12, 7, 7, 5, 7, 7, 5, 14, 16, 9, 8, 14, 5, 12, 12, 8, 7, 15, 4, 5, 10, 10, 6, 16, 7, 10, 9, 9, 15, 11, 11, 3, 10, 10, 10, 10, 7, 6, 9, 8, 9, 9, 8, 10, 7, 7, 7, 7, 8, 7, 5, 3, 3, 3, 5, 3, 11, 5, 9, 9, 5, 10, 9, 7, 6, 4, 11, 9, 13, 7, 12, 9, 5, 3, 8, 7, 4, 10, 6, 5, 4, 6, 11, 8, 6, 5, 8, 7, 8, 9, 8, 7, 6, 8, 5, 7, 4, 6, 7, 5, 7, 7, 7, 9, 12, 4, 8, 7, 11, 9, 7, 4, 8, 11, 3, 4, 5, 9, 6, 7, 7, 3, 5, 8, 5, 9, 4, 6, 4, 9, 6, 8, 5, 9, 4, 7, 6, 5, 10, 9, 8, 3, 9, 6, 11, 7, 9, 6, 2, 8, 11, 11, 7, 5, 7, 7, 4, 4, 5, 4, 6, 7, 10, 2, 8, 8, 3, 6, 7, 9, 6, 3, 7, 8, 7, 8, 8, 7, 6, 10, 8, 4, 4, 11, 4, 6, 3, 6, 5, 5, 9, 7, 8, 2, 1, 8, 10, 5, 6, 4, 3, 8, 12, 5, 9, 7, 2, 5, 7, 3, 5, 2, 6, 9, 9, 5, 7, 5, 9, 2, 11, 8, 8, 3, 9, 3, 5, 5, 5, 7, 10, 7, 10, 6, 8, 10, 6, 10, 11, 8, 8, 4, 8, 7, 5, 7, 5, 8, 8, 8, 10, 6, 12, 7, 5, 7, 9, 5, 5, 12, 8, 4, 11, 4, 7, 12, 6, 8, 8, 8, 6, 3, 4, 6, 5, 4, 6, 4, 8, 9, 3, 9, 6, 7, 6, 8, 8, 6, 13, 9, 4, 7, 2, 11, 4, 12, 10, 6, 10, 8, 7, 8, 10, 7, 5, 7, 7, 9, 3, 3, 4, 4, 8, 7, 6, 9, 3, 6, 6, 8, 6, 8, 5, 2, 7, 4, 4, 6, 2, 9, 10, 2, 6, 6, 4, 9, 4, 5, 7, 3, 8, 9, 6, 4, 8, 8, 6, 4, 6, 5, 6, 12, 4, 4, 11, 6, 6, 6, 3, 9, 9, 9, 4, 3, 3, 6, 2, 4, 4, 3, 3, 12, 4, 1, 6, 6, 3, 5, 15, 3, 4, 10, 7, 5, 3, 3, 6, 0, 5, 3, 10, 6, 10, 3, 5, 3, 3, 2, 7, 4, 12, 5, 7, 4, 5, 5, 6, 8, 3, 8, 5, 6, 4, 2, 4, 1, 3, 1, 7, 5, 5, 5, 1, 4, 5, 8, 7, 10, 13, 4, 5, 3, 2, 1, 2, 5, 10, 4, 4, 5, 4, 7, 6, 6, 3, 0, 5, 4, 3, 7, 8, 7, 4, 6, 4, 4, 5, 4, 10, 5, 6, 8, 4, 5, 11, 6, 3, 4, 5, 2, 5, 2, 5, 1, 5, 0, 4, 3, 7, 4, 3, 9, 4, 6, 5, 4, 6, 7, 11, 2, 6, 3, 3, 1, 3, 8, 4, 6, 3, 6, 7, 7, 6, 6, 5, 4, 3, 5, 7, 5, 3, 6, 4, 5, 4, 4, 2, 2, 7, 9, 11, 3, 2, 6, 4, 2, 3, 7, 2, 2, 6, 7, 2, 0, 9, 3, 5, 5, 1, 6, 3, 5, 1, 5, 2, 5, 6, 10, 8, 3, 3, 3, 5, 4, 7, 9, 5, 3, 3, 2, 3, 4, 5, 4, 2, 3, 2, 8, 5, 3, 2, 4, 1, 2, 5, 7, 3, 4, 4, 3, 4, 5, 3, 3, 2, 4, 2, 7, 0, 5, 2, 5, 4, 1, 7, 5, 5, 5, 2, 6, 7, 5, 7, 6, 5, 7, 4, 5, 6, 3, 5, 9, 7, 6, 10, 9, 9, 7, 6, 2, 9, 3, 3, 6, 5, 9, 8, 8, 2, 5, 5, 3, 2, 8, 8, 6, 5, 7, 6, 6, 6, 3, 8, 1, 3, 3, 3, 3, 6, 2, 1, 7, 4, 4, 4, 6, 5, 4, 6, 3, 3, 3, 0, 0, 0, 0, 0, 0, 0, 0, 0, 0, 0, 5, 7, 3, 6, 10, 6, 3, 9, 7, 4, 6, 7, 8, 5, 6, 10, 5, 7, 2, 6, 2, 2, 3, 3, 5, 5, 6, 5, 5, 3, 1, 5, 2, 5, 9, 1, 3, 1, 3, 5, 3, 9, 5, 5, 7, 3, 2, 3, 9, 3, 5, 1, 2, 7, 1, 4, 0, 2, 2, 6, 7, 3, 4, 5, 1, 6, 3, 3, 7, 4, 7, 6, 2, 2, 5, 7, 5, 2, 3, 5, 7, 6, 4, 5, 5, 1, 7, 4, 2, 8, 6, 6, 5, 6, 12, 9, 9, 4, 3, 1, 3, 8, 3, 8, 3, 5, 1, 4, 2, 5, 3, 5, 3, 2, 2]}}}]]></graph_data></root>