<?xml version="1.0" encoding="utf-8"?><root><return_code><![CDATA[0]]></return_code><html_content><![CDATA[

      <div id="watch-actions-stats" class="watch-actions-stats-rats stats-cumulative top-selected-views" data-current-mode-css="stats-mode-daily" data-current-top-site-css="top-selected-views" data-current-metric-css="stats-metric-views">
        <div class="stats-header">
    <h1>
      <span class="stats-header-text yt-card-title">Video statistics</span>
<span class="stats-sub-header">Through Jan 3, 2017  
  <span class="yt-uix-clickcard">
    <button class="yt-uix-clickcard-target" aria-label="Learn more." aria-haspopup="true" data-position="topleft" type="button">
      <span class="yt-help-icon yt-sprite"></span>
    </button>
    <span class="yt-uix-clickcard-content" role="dialog" aria-label="Learn more." aria-describedby="2084188267212624780">
      <button class="yt-uix-clickcard-close" aria-label="Close learn more dialog."></button>
      <p id="2084188267212624780">The video statistics shown below are updated daily. They may lag behind the view count shown directly beneath the video, which updates many times a day.
      </p>
    </span>
  </span>

</span>
    </h1>

  </div>

        <table class="stats-bragbar-container yt-uix-button-group yt-uix-tabs" data-uix-tabs-selected-extra-class="yt-uix-button-toggled">
    <tr>
          <td class="stats-bragbar stats-bragbar-views yt-uix-button yt-uix-tabs-tab  yt-uix-tabs-selected yt-uix-button-toggled" data-uix-tabs-target-id="stats-chart-tab-views" data-top-site-css="top-selected-views" data-metric-css="stats-metric-views" style="border-bottom-color: #73c421">
    <span class="metric-label">Views</span>
    <div class="bragbar-metric-large">80,478,873</div>
  </td>

          <td class="stats-bragbar stats-bragbar-subscribers yt-uix-button yt-uix-tabs-tab " data-uix-tabs-target-id="stats-chart-tab-subscribers" data-top-site-css="top-selected-views" data-metric-css="stats-metric-subscribers" style="border-bottom-color: #e62117">
    <span class="metric-label">Subscriptions driven</span>
    <div class="bragbar-metric-large">46,527</div>
  </td>

          <td class="stats-bragbar stats-bragbar-shares yt-uix-button yt-uix-tabs-tab " data-uix-tabs-target-id="stats-chart-tab-shares" data-top-site-css="top-selected-views" data-metric-css="stats-metric-shares" style="border-bottom-color: #8882ef">
    <span class="metric-label">Shares</span>
    <div class="bragbar-metric-large">271,887</div>
  </td>

    </tr>
  </table>

  <div class="stats-charts-container">
      <div id="stats-chart-tab-views" class="stats-chart-menu ">
      </div>
      <div id="stats-chart-tab-subscribers" class="stats-chart-menu  hid">
      </div>
      <div id="stats-chart-tab-shares" class="stats-chart-menu  hid">
      </div>

    <div class="stats-chart-gviz"></div>

  </div>



  </div>

]]></html_content><graph_data><![CDATA[{"subscribers": {"daily": {"data": [1484, 2964, 1981, 1417, 982, 1048, 1067, 722, 415, 319, 366, 432, 272, 326, 276, 257, 213, 75, 75, 67, 83, 80, 65, 79, 79, 82, 80, 88, 80, 93, 101, 101, 182, 90, 80, 99, 81, 74, 92, 83, 69, 368, 417, 326, 310, 244, 119, 95, 103, 138, 79, 125, 93, 92, 89, 94, 96, 85, 74, 83, 104, 106, 82, 91, 82, 60, 88, 74, 76, 72, 71, 75, 79, 83, 96, 82, 78, 105, 74, 94, 98, 93, 70, 74, 131, 68, 104, 94, 81, 70, 72, 87, 70, 95, 96, 66, 66, 68, 68, 64, 66, 71, 88, 81, 112, 95, 109, 109, 138, 105, 110, 105, 108, 83, 108, 73, 58, 68, 72, 89, 75, 98, 61, 68, 56, 67, 55, 79, 74, 64, 49, 69, 57, 57, 61, 59, 47, 69, 54, 54, 62, 67, 58, 45, 55, 48, 55, 37, 74, 70, 49, 43, 38, 34, 43, 61, 59, 39, 29, 32, 41, 33, 55, 32, 33, 38, 44, 30, 52, 50, 42, 39, 35, 46, 47, 48, 39, 37, 43, 29, 36, 46, 33, 48, 28, 26, 51, 37, 42, 43, 40, 37, 33, 33, 36, 43, 40, 41, 29, 27, 34, 32, 54, 80, 74, 58, 61, 51, 69, 50, 55, 65, 58, 47, 76, 54, 37, 29, 46, 31, 32, 34, 47, 28, 28, 32, 30, 43, 43, 30, 36, 33, 33, 27, 38, 29, 30, 41, 33, 31, 20, 17, 19, 25, 30, 21, 29, 32, 32, 32, 28, 44, 32, 31, 26, 16, 27, 27, 34, 29, 53, 47, 41, 36, 47, 69, 81, 72, 67, 43, 42, 44, 45, 33, 50, 23, 30, 30, 21, 41, 41, 33, 30, 38, 34, 27, 40, 25, 30, 34, 32, 29, 31, 28, 33, 46, 33, 25, 19, 31, 25, 32, 34, 32, 33, 35, 17, 21, 31, 40, 34, 32, 28, 25, 26, 24, 14, 24, 23, 25, 30, 23, 33, 37, 36, 28, 31, 30, 28, 28, 24, 33, 19, 29, 31, 29, 33, 35, 21, 23, 26, 29, 31, 25, 38, 34, 25, 30, 27, 44, 36, 34, 34, 27, 43, 35, 28, 38, 60, 36, 38, 37, 30, 26, 37, 42, 30, 29, 41, 27, 25, 37, 21, 23, 42, 27, 35, 26, 25, 23, 31, 14, 20, 28, 20, 33, 25, 20, 15, 25, 14, 22, 20, 17, 22, 24, 26, 23, 24, 21, 25, 22, 20, 23, 21, 27, 24, 17, 19, 18, 25, 25, 19, 29, 15, 21, 26, 12, 28, 6, 24, 21, 17, 17, 24, 17, 14, 16, 25, 11, 20, 26, 30, 24, 19, 35, 24, 23, 22, 26, 23, 20, 29, 28, 18, 11, 28, 31, 23, 8, 19, 19, 19, 28, 25, 19, 21, 19, 18, 21, 15, 18, 17, 20, 15, 19, 18, 17, 6, 20, 15, 24, 24, 13, 18, 18, 14, 26, 18, 14, 14, 22, 17, 20, 15, 12, 10, 13, 10, 12, 14, 18, 12, 13, 13, 8, 15, 20, 14, 11, 9, 10, 5, 11, 17, 19, 9, 10, 4, 10, 13, 24, 10, 12, 6, 23, 11, 15, 14, 15, 12, 13, 12, 2, 10, 14, 15, 17, 11, 12, 9, 10, 14, 6, 10, 11, 12, 17, 14, 22, 9, 16, 11, 12, 9, 16, 9, 20, 21, 9, 12, 10, 11, 13, 15, 11, 13, 11, 15, 12, 12, 11, 9, 9, 14, 4, 10, 12, 10, 5, 9, 12, 15, 8, 14, 8, 8, 23, 15, 16, 15, 12, 24, 9, 13, 4, 7, 6, 6, 7, 8, 8, 14, 10, 5, 10, 7, 12, 12, 3, 12, 14, 4, 8, 15, 9, 12, 11, 9, 14, 15, 11, 13, 14, 10, 8, 13, 17, 12, 12, 10, 9, 23, 10, 14, 13, 12, 15, 11, 4, 12, 10, 10, 14, 6, 7, 8, 5, 8, 8, 13, 7, 8, 6, 12, 12, 17, 10, 9, 9, 8, 8, 8, 8, 8, 8, 10, 7, 11, 9, 13, 11, 5, 7, 12, 9, 14, 12, 12, 8, 14, 9, 7, 8, 11, 11, 12, 11, 10, 12, 13, 14, 14, 7, 8, 6, 11, 11, 20, 18, 5, 9, 8, 9, 12, 10, 13, 7, 6, 8, 13, 14, 5, 9, 9, 6, 10, 8, 13, 10, 10, 10, 11, 7, 10, 7, 7, 8, 13, 12, 13, 12, 3, 8, 11, 5, 6, 12, 8, 13, 5, 6, 7, 8, 10, 4, 12, 5, 6, 6, 11, 8, 10, 9, 9, 6, 5, 6, 11, 13, 8, 10, 8, 2, 10, 6, 10, 10, 6, 13, 5, 6, 7, 8, 10, 4, 8, 7, 6, 8, 5, 7, 9, 9, 10, 16, 7, 8, 13, 4, 11, 6, 10, 7, 5, 4, 6, 5, 6, 8, 5, 6, 9, 4, 9, 11, 14, 3, 10, 4, 6, 1, 9, 10, 9, 5, 6, 7, 7, 6, 5, 7, 5, 6, 6, 12, 4, 4, 13, 5, 7, 9, 5, 12, 3, 4, 4, 11, 7, 3, 2, 6, 2, 8, 1, 7, 9, 1, 6, 6, 4, 3, 7, 3, 9, 7, 11, 5, 4, 9, 8, 3, 8, 2, 9, 4, 8, 7, 10, 10, 7, 8, 8, 8, 3, 3, 8, 8, 11, 6, 4, 3, 4, 9, 4, 4, 8, 3, 6, 3, 5, 8, 7, 9, 2, 8, 5, 16, 9, 14, 8, 5, 9, 9, 11, 7, 15, 3, 11, 6, 17, 4, 9, 12, 5, 5, 7, 9, 4, 10, 11, 14, 5, 10, 6, 10, 11, 6, 10, 9, 2, 6, 9, 5, 6, 13, 14, 6, 9, 8, 9, 6, 10, 4, 4, 10, 9, 10, 11, 10, 6, 5, 3, 11, 1, 9, 11, 12, 8, 9, 10, 8, 6, 12, 6, 12, 5, 8, 1, 6, 10, 7, 6, 10, 8, 4, 15, 7, 3, 9, 10, 4, 6, 12, 9, 10, 5, 10, 7, 7, 16, 6, 13, 6, 3, 11, 10, 14, 16, 5, 2, 3, 7, 4, 9, 8, 6, 8, 4, 4, 8, 11, 4, 7, 4, 8, 7, 5, 10, 6, 8, 5, 10, 7, 10, 13, 7, 5, 7, 11, 11, 10, 10, 11, 12, 0, 6, 7, 7, 4, 5, 3, 5, 6, 3, 5, 8, 6, 3, 2, 5, 4, 4, 5, 2, 6, 0, 4, 4, 6, 6, 2, 3, 5, 7, 2, 2, 5, 5, 1, 1, 1, 2, 2, 7, 12, 5, 6, 7, 3, 2, 7, 6, 4, 4, 6, 6, 5, 5, 5, 6, 7, 0, 4, 6, 2, 2, 1, 2, 3, 3, 4, 5, 10, 3, 1, 3, 8, 4, 5, 7, 3, 2, 3, 2, 2, 4, 7, 4, 5, 9, 6, 4, 5, 4, 5, 4, 2, 3, 1, 2, 2, 6, 1, 5, 8, 3, 5, 5, 2, 1, 1, 2, 3, 6, 4, 2, 0, 3, 6, 4, 6, 4, 2, 2, 3, 3, 6, 7, 5, 4, 5, 8, 4, 3, 3, 1, 5, 4, 4, 7, 2, 2, 5, 5, 4, 2, 2, 4, 7, 1, 3, 1, 1, 6, 5, 6, 4, 5, 2, 4, 11, 4, 3, 4, 6, 2, 4, 2, 4, 5, 2, 6, 4, 3, 0, 1, 7, 8, 2, 2, 2, 8, 4, 8, 3, 6, 4, 1, 4, 4, 2, 3, 2, 4, 6, 5, 2, 3, 5, 2, 2, 5, 5, 3, 5, 5, 2, 2, 1, 3, 2, 2, 7, 6, 6, 2, 4, 3, 6, 6, 3, 4, 5, 1, 3, 2, 6, 3, 4, 2, 3, 0, 3, 7, 8, 3, 3, 4, 4, 4, 6, 4, 5, 2, 4, 2, 3, 3, 6, 3, 3, 5, 4, 2, 3, 5, 2, 1, 3, 4, 6, 3, 3, 1, 3, 5, 3, 4, 2, 2, 5, 3, 5, 4, 3, 5, 2, 1, 2, 1, 2, 1, 3, 3, 3, 1, 0, 4, 1, 4, 6, 3, 3, 5, 7, 0, 3, 2, 2, 3, 2, 1, 1, 0, 5, 2, 4, -1, 1, 1, 1, 5, 2, 1, 4, 1, 2, 2, 4, 5, 2, 0, 3, 5, 4, 4, 3, 5, 4, 3, 1, 3, 3, 3, 2, 3, 2, 2, 4, 1, 1, 0, 3, 3, 4, 5, 4, 2, 6, 1, 4, 4, 2, 4, 3, 6, 1, 1, 6, 6, 0, 2, 3, 6, 4, 3, 1, 3, 4, 4, 2, 0, 5, 4, 1, 3, 3, 0, 7, 5, 3, 3, 2, 2, 3, 2, 1, 4, 3, 1, 2, 1, 2, 6, 2, 2, 2, 1, 1, 3, 5, 1, 1, 4, 2, 2, 5, 5, 3, 2, 2, 2, 2, 3, 4, 1, 2, 2, 1, 3, 5, 6, 4, 2, 3, 5, 2, 3, 4, 2, 2, 4, 1, 1, 5, 3, 1, 4, 1, 2, 3, 3, 1, 3, 2, 0, 1, 2, 0, 4, 2, 3, 5, 3, 3, 4, 1, 1, 3, 1, 3, 2, 3, 0, 4, 3, 3, 3, 2, 4, 1, 1, 0, 5, 2, 1, 2, 2, 4, 0, 1, -1, 5, 2, 4, 4, 2, 4, 3, 4, 5, 4, 5, 5, 1, 3, 6, 5, 5, 5, 0, 4, 3, 4, 5, 6, 2, 3, 3, 4, 1, 3, 3, 1, 2, 4, 2, 2, -1, 3, 4, 3, 9, 2, 3, 1, 4, 5, 3, 3, 2, 4, 1, 2, 2, 2, 3, 3, 7, 4, 6, 4, 2, 4, 1, 3, 5, 0, 3, 3, 1, 3, 0, 1, 4, 0, 3, 6, 3, 1, 3, 4, 2, 2, 5, 0, 2, 4, 5, 1, 2, 1, 5, 2, 3, 3, 6, 0, 0, 2, 3, 2, 4, 3, 2, 0, 2, 4, 3, 9, 5, 6, 2, 9, 3, 3, 2, 3, 6, 12, 5, 5, 6, 2, 1, 2, 1, 5, 7, 2, 2, 5, 2, 3, 2, 1, 1, 1, 4, 7, 4, 5, 5, 6, 5, 3, 4, 1, 2, 4, 3, 4, 0, 6, 3, 3, 2, 4, 4, 6, 5, 3, 6, 7, 3, 2, 0, 2, 3, 5, 5, 2, 6, 1, 5, 2, 3, 6, 5, 5, 5, 6, 3, 1, 5, 2, 2, 4, 3, 6, 1, 4, 5, 5, 1, 2, 1, 4, 3, 3, 1, 1, 3, 4, 8, 2, 0, 9, 3, 3, 3, 2, 5, 1, 3, 4, 8, 3, 2, 2, 3, 3, 1, 5, 7, 2, 2, 8, 3, 5, 4, 3, 2, 0, 3, 3, 4, 5, 1, 2, 6, 3, 2, 2, 2, 1, 6, 1, 3, 3, 4, 7, 3, 4, 2, 2, 4, 1, 3, 4, 3, 8, 4, 3, 4, 1, 5, 4, 4, 2, 2, 2, 3, 1, 6, 2, 3, 3, 4, 3, 7, 4, 3, 3, 3, 3, 5, 2, 2, 4, 2, 6, 3, 2, 2, 3, 4, 2, 7, 3, 3, 3, 2, 0, 4, 7, 2, 1, 6, 3, 2, 1, 2, 6, 3, 2, 7, 1, 1, 2, 3, 2, 4, 2, 5, 4, 2, 5, 2, 3, 1, 3, 6, 0, 3, 1, 5, 2, 2, 2, 5, 2, 4, 2, 2, 3, 8, 18, 15, 15, 10, 14, 12, 11, 11, 10, 10, 13, 5, 3, 7, 8, 6, 8, 6, 6, 8, 7, 12, 2, 10, 6, 6, 7, 9, 6, 6, 4, 6, 2, 6, 8, 10, 6, 5, 4, 7, 10, 12, 6, 9, 6, 7, 7, 5, 7, 4, 14, 11, 11, 10, 8, 16, 10, 13, 10, 11, 7, 13, 6, 20, 17, 11, 17, 13, 11, 9, 10, 16, 19, 13, 13, 11, 16, 8, 17, 6, 7, 7, 15, 15, 13, 15, 17, 13, 15, 10, 11, 8, 13, 13, 15, 9, 11, 12, 16, 14, 10, 11, 5, 7, 8, 10, 8, 11, 3, 8, 6, 7, 6, 10, 9, 9, 7, 8, 7, 16, 8, 14, 4, 9, 7, 7, 5, 5, 10, 9, 5, 12, 5, 4, 11, 3, 4, 3, 3, 9, 11, 5, 13, 10, 7, 9, 9, 10, 6, 3, 7, 6, 10, 9, 6, 8, 12, 8, 4, 3, 8, 6, 5, 5, 4, 6, 7, 9, 6, 2, 4, 7, 7, 6, 13, 7, 5, 6, 7, 7, 7, 8, 7, 12, 11, 6, 6, 8, 5, 5, 8, 9, 7, 3, 7, 6, 4, 8, 8, 5, 3, 2, 3, 6, 6, 1, 9, 4, 5, 2, 2, 9, 5, 10, 6], "opt": {"tooltip": {"trigger": "none"}, "legend": {"position": "none"}, "vAxis": {"minValue": 0, "maxValue": 2965, "textStyle": {"color": "#666"}, "baselineColor": "#e2e2e2", "titleTextStyle": {"color": "#666"}, "gridlines": {"color": "#f0f0f0"}}, "hAxis": {"viewWindow": {}, "baselineColor": "transparent", "slantedText": false, "gridlines": {"color": "transparent"}, "textStyle": {"color": "#666"}}, "colors": ["#e62117"], "pointSize": 0, "chartArea": {"left": 60.0, "top": 30}, "enableInteractivity": false}}}, "views": {"daily": {"data": [376043, 1093359, 636926, 513774, 450288, 466890, 509220, 413000, 278145, 237237, 232861, 221070, 203061, 204295, 189893, 177133, 163356, 152098, 150872, 148105, 149095, 156578, 147848, 140857, 147358, 141336, 138888, 140795, 154287, 159907, 141537, 156559, 149038, 159418, 159032, 167886, 154303, 140471, 153818, 142535, 151085, 491706, 620536, 520203, 478543, 365454, 182681, 176868, 185721, 195427, 181109, 163551, 159824, 158544, 155261, 159939, 165528, 154732, 147821, 161766, 160029, 156525, 159434, 161796, 162560, 137746, 149410, 156277, 155890, 153556, 167646, 155966, 144107, 155267, 154338, 166882, 165412, 175307, 154726, 139181, 149091, 147674, 146743, 144308, 153941, 152657, 139666, 146612, 147324, 141707, 136248, 140565, 145515, 137144, 137444, 131245, 132093, 119925, 130379, 84326, 119440, 121936, 123793, 137084, 181442, 202042, 217674, 194108, 219986, 214318, 206812, 204745, 196749, 209649, 203862, 192017, 169301, 164946, 164630, 164539, 185040, 165977, 148124, 144028, 152100, 149664, 159436, 174535, 144437, 132852, 131734, 131773, 133280, 149746, 159704, 124439, 120510, 128667, 132386, 129769, 138228, 146470, 125527, 116240, 115873, 124292, 125429, 142324, 145728, 123771, 111659, 110296, 105433, 105172, 123097, 124268, 100073, 96706, 90240, 105855, 105144, 113357, 124043, 95794, 97200, 97494, 97034, 101543, 112061, 117796, 100944, 101230, 116019, 115228, 118061, 130381, 135834, 114929, 129344, 94316, 95112, 101099, 111494, 111242, 93520, 90800, 90889, 94610, 95108, 104691, 112377, 95886, 88102, 93720, 101876, 100132, 100429, 99727, 81903, 78386, 84329, 83331, 82384, 89036, 98445, 81077, 75534, 78611, 81851, 84145, 84800, 88957, 72403, 73083, 78069, 74301, 63251, 69869, 74260, 61307, 63097, 64853, 67397, 68291, 69599, 65414, 62726, 61376, 64763, 63232, 64154, 63678, 71754, 52893, 54798, 53963, 55635, 55831, 63171, 64622, 52422, 47747, 50148, 52241, 52089, 57534, 60527, 53542, 52202, 53548, 53017, 52629, 57462, 62254, 50205, 49542, 50626, 53177, 55305, 62823, 70983, 67999, 62268, 69858, 91009, 129170, 178205, 171374, 145142, 118611, 105436, 104495, 96901, 85571, 87986, 76205, 73545, 75191, 82956, 85984, 90611, 85809, 69833, 66384, 63800, 70601, 70001, 72265, 76910, 65181, 62417, 67326, 70126, 75713, 81473, 78889, 69754, 64228, 67654, 74262, 74503, 82522, 79438, 67106, 63084, 59607, 59511, 62371, 70804, 77768, 69328, 63269, 61599, 60817, 51898, 54958, 60237, 51344, 47660, 48134, 48178, 58666, 64935, 69021, 60779, 59859, 59111, 60592, 63592, 65832, 64475, 61722, 58918, 56453, 57585, 59616, 66745, 71115, 63372, 62220, 61155, 75827, 77811, 79971, 83794, 75076, 69743, 70225, 69683, 76759, 80934, 85070, 76581, 74033, 72630, 67076, 69465, 77526, 87252, 80332, 75435, 73587, 73619, 73363, 79637, 85947, 81055, 70686, 71320, 70832, 72578, 74132, 73283, 66987, 62697, 62141, 65078, 64894, 61103, 61640, 57574, 52399, 50616, 52024, 56290, 58969, 60428, 56126, 55222, 52551, 53384, 56707, 56426, 49181, 47297, 44526, 50936, 50902, 48721, 50456, 51946, 45746, 47891, 47637, 50364, 47781, 47759, 47218, 43420, 47729, 46839, 43400, 40947, 47312, 45209, 43348, 42588, 43319, 43202, 43685, 47237, 46388, 39929, 44827, 44221, 44591, 43465, 43860, 40818, 39064, 41894, 44165, 53175, 55801, 63542, 66373, 61949, 56795, 52974, 45415, 45663, 43387, 45234, 43771, 44214, 43887, 45330, 44305, 45349, 40933, 40254, 46271, 41872, 45133, 43699, 44741, 42400, 39515, 40083, 39942, 40793, 41208, 43548, 43335, 39480, 37984, 39622, 39300, 40769, 44654, 46925, 48660, 46415, 41852, 42642, 42061, 45881, 45953, 42102, 40865, 38094, 36912, 33985, 32015, 28013, 24716, 23855, 24601, 24697, 26236, 28271, 29866, 23959, 23844, 22361, 23806, 25195, 28827, 28940, 23602, 22890, 23747, 25169, 27157, 30629, 38216, 31579, 26198, 26197, 27648, 29405, 31949, 34675, 27845, 25864, 27981, 26530, 27139, 29510, 31265, 25580, 24494, 24011, 26566, 27036, 29352, 30966, 26276, 25946, 26695, 26656, 29242, 31947, 30813, 27456, 27283, 25361, 27175, 28621, 31881, 34719, 30614, 27969, 28570, 28926, 28682, 32472, 34877, 28877, 27176, 26482, 28466, 29357, 30752, 33053, 28459, 26890, 28107, 30875, 26217, 27516, 28171, 24015, 22479, 22915, 22132, 21877, 24007, 24502, 20648, 21007, 21801, 21415, 20656, 23294, 28865, 23795, 22703, 22776, 22696, 23235, 24323, 26529, 21746, 20820, 22079, 21881, 21688, 22869, 22897, 21752, 22948, 23124, 21537, 22271, 23079, 23023, 23138, 28685, 19917, 21007, 21718, 23334, 23618, 20544, 19528, 21147, 22376, 23982, 27552, 31331, 27228, 23508, 25993, 25113, 27421, 28462, 26719, 23692, 21246, 22812, 25263, 27044, 33080, 35137, 29956, 28387, 29115, 29011, 26512, 29881, 30221, 25384, 23974, 24813, 26444, 26342, 29508, 30476, 24605, 22873, 22516, 22567, 22839, 27250, 27557, 24839, 24587, 22998, 23932, 23979, 25790, 26605, 21622, 21263, 20619, 22770, 23265, 25066, 26578, 22537, 21866, 22218, 22273, 25835, 26490, 28160, 23777, 23173, 20757, 19751, 20957, 25080, 25333, 21263, 19664, 18579, 19017, 19254, 19586, 21627, 18962, 17966, 19686, 19518, 19483, 24158, 28659, 23081, 20614, 20859, 20379, 19359, 21300, 20722, 17549, 16086, 16056, 17079, 18459, 22465, 24045, 18003, 17150, 16927, 18457, 17514, 19387, 21663, 21164, 19876, 19068, 18910, 17234, 17838, 18671, 16861, 16454, 18654, 18583, 18672, 19650, 21899, 19336, 17421, 19258, 19254, 19121, 20411, 21234, 18134, 16311, 16829, 18749, 17992, 20512, 21269, 18487, 18631, 17570, 17559, 17189, 17817, 18823, 16479, 16548, 17045, 16741, 17667, 17891, 18707, 16919, 17381, 17932, 18823, 18515, 20691, 21483, 18500, 18492, 18354, 17164, 16294, 16494, 17279, 15287, 14431, 14677, 14310, 13626, 14574, 14910, 12911, 14035, 15063, 16435, 17519, 18431, 19884, 16595, 17747, 17860, 16052, 16126, 16292, 16291, 14422, 16610, 17130, 16423, 17984, 18917, 18676, 16880, 17549, 17031, 18591, 18289, 19471, 18930, 17493, 18413, 18775, 18875, 18492, 18822, 17313, 15515, 16451, 16874, 17497, 16841, 17923, 16325, 15614, 15394, 15936, 16964, 17714, 17549, 17199, 15879, 17529, 16893, 16799, 16550, 17275, 16909, 15376, 15981, 15915, 16063, 16390, 17638, 17538, 15258, 14576, 15838, 16050, 16396, 17767, 17788, 15672, 15026, 14495, 14946, 15218, 16744, 17429, 15635, 14150, 15131, 15264, 15835, 17426, 18046, 16103, 15375, 15000, 14570, 15324, 17557, 18012, 15085, 14366, 14124, 14618, 14930, 16397, 17158, 14944, 14295, 14295, 14735, 15631, 16833, 17498, 13538, 13558, 14340, 14843, 15808, 16342, 17278, 15613, 15376, 13975, 16059, 16684, 16932, 17914, 15157, 15543, 14381, 15406, 16388, 17255, 17925, 15372, 14326, 15045, 14857, 16250, 17464, 17494, 16251, 15806, 15832, 16010, 16227, 18122, 18774, 15974, 15935, 14953, 16309, 16083, 18110, 19237, 16244, 15617, 15853, 16074, 16229, 17268, 18725, 15833, 14478, 14898, 15974, 16104, 17023, 17405, 14536, 14882, 15515, 15681, 16342, 17793, 18796, 15686, 14660, 14269, 13403, 14817, 16517, 17263, 14549, 14319, 14523, 14815, 15785, 16273, 15700, 14423, 14890, 15130, 13594, 14622, 15805, 15614, 13969, 15416, 19658, 13988, 15436, 15892, 15853, 14248, 13901, 15373, 16655, 16359, 18481, 19286, 16030, 15538, 16140, 15700, 15388, 16810, 17552, 14253, 15045, 14219, 14258, 15011, 18260, 23571, 13289, 12673, 14028, 14712, 14791, 16099, 16390, 13991, 13462, 14052, 14796, 15697, 17110, 18357, 15795, 14822, 15012, 15904, 16224, 17363, 18623, 16421, 15554, 15674, 15682, 16468, 17123, 17937, 15179, 14710, 16193, 15649, 16831, 17401, 16413, 13519, 12854, 13031, 13310, 13519, 14503, 15005, 12438, 13011, 12083, 12722, 12773, 13849, 14097, 12218, 11095, 11176, 11335, 12086, 12845, 14308, 11919, 11327, 11097, 11550, 12390, 13393, 13540, 11613, 11065, 12024, 12293, 13147, 13949, 14041, 12233, 11411, 11782, 11614, 12879, 13961, 14764, 13215, 13000, 12970, 11396, 13305, 13936, 14157, 12421, 12233, 12400, 11986, 12107, 14017, 14732, 11733, 10686, 10875, 11766, 11980, 12624, 12525, 10677, 10480, 10725, 10189, 10414, 11327, 12098, 9934, 9704, 9813, 10218, 10771, 11715, 12027, 10310, 10066, 10366, 10502, 10884, 12509, 12838, 12011, 11711, 11377, 10091, 11259, 11131, 11369, 10232, 10202, 10183, 10689, 11037, 10421, 10417, 9973, 10280, 10150, 10647, 10470, 11238, 11090, 9587, 9439, 9694, 9880, 10398, 10828, 10757, 10086, 10557, 10842, 11479, 11632, 12416, 11558, 10024, 10720, 10378, 10911, 11280, 10900, 10768, 10148, 10364, 10360, 11221, 12638, 12604, 12851, 11253, 12134, 12296, 12927, 12347, 13091, 12572, 10582, 9855, 10067, 10827, 11313, 11658, 11310, 10177, 10651, 10817, 10730, 11177, 12041, 12262, 10692, 11375, 11330, 11517, 11591, 12006, 11939, 10367, 10707, 10850, 11348, 11546, 12163, 11741, 10582, 10294, 10803, 11091, 11499, 11940, 12447, 10944, 10396, 10639, 12057, 12225, 12762, 12432, 11579, 11152, 10494, 11120, 10543, 11264, 12484, 10138, 9704, 10222, 10388, 10985, 13345, 13655, 11709, 11134, 11431, 11708, 12527, 13704, 13723, 11724, 10892, 11411, 12120, 13437, 14229, 15129, 12534, 11849, 12065, 11650, 11209, 11969, 12793, 11030, 10775, 10992, 11330, 11219, 12547, 13073, 11204, 10621, 10861, 10784, 11389, 13624, 13337, 11455, 11354, 11658, 11307, 12247, 13015, 12239, 9457, 9521, 9484, 9603, 10169, 10656, 11026, 9687, 9189, 9858, 9690, 10103, 11371, 11625, 9577, 9635, 9813, 9752, 10025, 10969, 11325, 9302, 8888, 8739, 9003, 9725, 10688, 11261, 9319, 8875, 9570, 10459, 9851, 10146, 10470, 9621, 9531, 9816, 9547, 10429, 11847, 11935, 9838, 9429, 9357, 9887, 10374, 11614, 11703, 9577, 9597, 9596, 10478, 10508, 10945, 11300, 10226, 10149, 10880, 11605, 10167, 10823, 11458, 10004, 10652, 11266, 14903, 10383, 10474, 10878, 9416, 9601, 9646, 9950, 11061, 13225, 12499, 10570, 10049, 10065, 10294, 10872, 12800, 13660, 11140, 10471, 10455, 9425, 10190, 11782, 12475, 10275, 9826, 10062, 10171, 10617, 11561, 12283, 9774, 9527, 10042, 10363, 11146, 13486, 13799, 11441, 10784, 11536, 12367, 14353, 15528, 15622, 13933, 14342, 13890, 11951, 15048, 15488, 16474, 14311, 12605, 12976, 13537, 14030, 15139, 15456, 13124, 12878, 13404, 13504, 13874, 15358, 16004, 12888, 12662, 12715, 12710, 12967, 14159, 15179, 13058, 12674, 12549, 12668, 12848, 14727, 15575, 13092, 12703, 12836, 13202, 13441, 15021, 15582, 12648, 12006, 12423, 12851, 13468, 14234, 14010, 12514, 12057, 12160, 12536, 13072, 14156, 14303, 12518, 12084, 12389, 12516, 12768, 14419, 14640, 12583, 12424, 12205, 12281, 12871, 14978, 15490, 13023, 11736, 13580, 13849, 13629, 15008, 14835, 12965, 12898, 13341, 13452, 13473, 14263, 14102, 12122, 11851, 11732, 12410, 12640, 13759, 14445, 12405, 12176, 12210, 12929, 13652, 15002, 15775, 14073, 13277, 12605, 12798, 13224, 14299, 14000, 12564, 11923, 12295, 12895, 12642, 13504, 13796, 11724, 11374, 12126, 12535, 12834, 13974, 13557, 12263, 12014, 11662, 11881, 12500, 13472, 13743, 12206, 11869, 11229, 11397, 11718, 13651, 13664, 12137, 12471, 12945, 13416, 13988, 14363, 13090, 11674, 11938, 12413, 12646, 12992, 13520, 13271, 11779, 11728, 11720, 12002, 11886, 12957, 13028, 11407, 11435, 11636, 11221, 11734, 13299, 13038, 11690, 11967, 12492, 12180, 12609, 13478, 13544, 11881, 11847, 12254, 12446, 12641, 13680, 13951, 11977, 12334, 12385, 12380, 12598, 13349, 12972, 11164, 11482, 12402, 12224, 12820, 14009, 14200, 10227, 11417, 11747, 11710, 12161, 13395, 13654, 11068, 10691, 11896, 12071, 12142, 13547, 13732, 12387, 11676, 10811, 10914, 11268, 12537, 12958, 11232, 10882, 10990, 11212, 11455, 12865, 13094, 11020, 10183, 10554, 10925, 11825, 13382, 13617, 11127, 10894, 11133, 11421, 10927, 12421, 12429, 10926, 11501, 11983, 12761, 14107, 15440, 15289, 12470, 11967, 12220, 12469, 12390, 13768, 13607, 11583, 11368, 11499, 12035, 12499, 13898, 13941, 11286, 11043, 11383, 11839, 12528, 13526, 13712, 11732, 11531, 12165, 12022, 12916, 15155, 15535, 12957, 12383, 12708, 12903, 12662, 14545, 14633, 12283, 11996, 12522, 13096, 13971, 15096, 14738, 12641, 12387, 14237, 15168, 13924, 12874, 13429, 11548, 11266, 11920, 12252, 12579, 14020, 14121, 12180, 12036, 12613, 12067, 13162, 14208, 14476, 11856, 11995, 12790, 12397, 12804, 13484, 13842, 11960, 12443, 12945, 13658, 14769, 13155, 13719, 12375, 12576, 13103, 14016, 18112, 12605, 13645, 12493, 12072, 12886, 13297, 13628, 14831, 16074, 13428, 13339, 13684, 13997, 15054, 16403, 17128, 14938, 13834, 13478, 12955, 13958, 15336, 15312, 13129, 13024, 13136, 13584, 13996, 15751, 15745, 13055, 12658, 12930, 13431, 13451, 15013, 15880, 13084, 11628, 12308, 12518, 13961, 14923, 14380, 12489, 12578, 12732, 13287, 13832, 15228, 15662, 13350, 12782, 12921, 12997, 13974, 15437, 15634, 13006, 12437, 13328, 13082, 13863, 14659, 15708, 13095, 13139, 13030, 12878, 13132, 14399, 14696, 12677, 12424, 13159, 13359, 13924, 14465, 13608, 11612, 11935, 12335, 12661, 13489, 14149, 13791, 11948, 11621, 11809, 12212, 12631, 14615, 15122, 13049, 12581, 12762, 13265, 13804, 15374, 15613, 13140, 12702, 12845, 12396, 13207, 14116, 14826, 12121, 12279, 12353, 12259, 12955, 14475, 14715, 12390, 11968, 12637, 13372, 13778, 14802, 15125, 12750, 12257, 12427, 11806, 13271, 13632, 13413, 11122, 10843, 11543, 11577, 11930, 13440, 13337, 11684, 11260, 11129, 11470, 12265, 14203, 14539, 12469, 11510, 12186, 11832, 12141, 12762, 12075, 11673, 11126, 11124, 12978, 15796, 42921, 51924, 48832, 47255, 48800, 40177, 41662, 43293, 45063, 36718, 37412, 41152, 38390, 40853, 42810, 39342, 34787, 33282, 32660, 31764, 32650, 33711, 34896, 29832, 29655, 30269, 31897, 30277, 34563, 33504, 30502, 31527, 29417, 30224, 30719, 35472, 35373, 32391, 31152, 32016, 33504, 35699, 38513, 39886, 33659, 33658, 35068, 35837, 38248, 40870, 41937, 38881, 37444, 38674, 38884, 42334, 45806, 45620, 40744, 40897, 43099, 45223, 38599, 47445, 48027, 41271, 44982, 44430, 48393, 48029, 57460, 56500, 49176, 49677, 49353, 50105, 50353, 52713, 51877, 45229, 44594, 47246, 46851, 51822, 58459, 59582, 48882, 45513, 47311, 44353, 48007, 46662, 47274, 43455, 42810, 40524, 45597, 46707, 51736, 48649, 39860, 39486, 39716, 41645, 43255, 48569, 48994, 41106, 39648, 41823, 44761, 45556, 49333, 45674, 38738, 40242, 43877, 39530, 44268, 53898, 53667, 43724, 40242, 40201, 39829, 38617, 41218, 39945, 33797, 35597, 32531, 35203, 34601, 40601, 37591, 32236, 32746, 34942, 33029, 33759, 42626, 41205, 35667, 35743, 36215, 36427, 38362, 41418, 39673, 32163, 32348, 33517, 34152, 32354, 39254, 39663, 34352, 33378, 32431, 32597, 34608, 38709, 36206, 31043, 32025, 33054, 34213, 36980, 37481, 37072, 30369, 31647, 34897, 35815, 33496, 34124, 32817, 29079, 30102, 32235, 32640, 32691, 35687, 35926, 30423, 30393, 30921, 29416, 31161, 31760, 32042, 28913, 29935, 31240, 31203, 33301, 34755, 35965, 29237, 31786, 32729, 31853, 34316, 35572, 34565, 30169, 30254, 32191, 29809, 32159, 36118, 41450, 29342, 30955, 30399], "opt": {"tooltip": {"trigger": "none"}, "legend": {"position": "none"}, "vAxis": {"minValue": 0, "maxValue": 1093360, "textStyle": {"color": "#666"}, "baselineColor": "#e2e2e2", "titleTextStyle": {"color": "#666"}, "gridlines": {"color": "#f0f0f0"}}, "hAxis": {"viewWindow": {}, "baselineColor": "transparent", "slantedText": false, "gridlines": {"color": "transparent"}, "textStyle": {"color": "#666"}}, "colors": ["#73c421"], "pointSize": 0, "chartArea": {"left": 81.0, "top": 30}, "enableInteractivity": false}}}, "day": {"data": [1305244800000, 1305331200000, 1305417600000, 1305504000000, 1305590400000, 1305676800000, 1305763200000, 1305849600000, 1305936000000, 1306022400000, 1306108800000, 1306195200000, 1306281600000, 1306368000000, 1306454400000, 1306540800000, 1306627200000, 1306713600000, 1306800000000, 1306886400000, 1306972800000, 1307059200000, 1307145600000, 1307232000000, 1307318400000, 1307404800000, 1307491200000, 1307577600000, 1307664000000, 1307750400000, 1307836800000, 1307923200000, 1308009600000, 1308096000000, 1308182400000, 1308268800000, 1308355200000, 1308441600000, 1308528000000, 1308614400000, 1308700800000, 1308787200000, 1308873600000, 1308960000000, 1309046400000, 1309132800000, 1309219200000, 1309305600000, 1309392000000, 1309478400000, 1309564800000, 1309651200000, 1309737600000, 1309824000000, 1309910400000, 1309996800000, 1310083200000, 1310169600000, 1310256000000, 1310342400000, 1310428800000, 1310515200000, 1310601600000, 1310688000000, 1310774400000, 1310860800000, 1310947200000, 1311033600000, 1311120000000, 1311206400000, 1311292800000, 1311379200000, 1311465600000, 1311552000000, 1311638400000, 1311724800000, 1311811200000, 1311897600000, 1311984000000, 1312070400000, 1312156800000, 1312243200000, 1312329600000, 1312416000000, 1312502400000, 1312588800000, 1312675200000, 1312761600000, 1312848000000, 1312934400000, 1313020800000, 1313107200000, 1313193600000, 1313280000000, 1313366400000, 1313452800000, 1313539200000, 1313625600000, 1313712000000, 1313798400000, 1313884800000, 1313971200000, 1314057600000, 1314144000000, 1314230400000, 1314316800000, 1314403200000, 1314489600000, 1314576000000, 1314662400000, 1314748800000, 1314835200000, 1314921600000, 1315008000000, 1315094400000, 1315180800000, 1315267200000, 1315353600000, 1315440000000, 1315526400000, 1315612800000, 1315699200000, 1315785600000, 1315872000000, 1315958400000, 1316044800000, 1316131200000, 1316217600000, 1316304000000, 1316390400000, 1316476800000, 1316563200000, 1316649600000, 1316736000000, 1316822400000, 1316908800000, 1316995200000, 1317081600000, 1317168000000, 1317254400000, 1317340800000, 1317427200000, 1317513600000, 1317600000000, 1317686400000, 1317772800000, 1317859200000, 1317945600000, 1318032000000, 1318118400000, 1318204800000, 1318291200000, 1318377600000, 1318464000000, 1318550400000, 1318636800000, 1318723200000, 1318809600000, 1318896000000, 1318982400000, 1319068800000, 1319155200000, 1319241600000, 1319328000000, 1319414400000, 1319500800000, 1319587200000, 1319673600000, 1319760000000, 1319846400000, 1319932800000, 1320019200000, 1320105600000, 1320192000000, 1320278400000, 1320364800000, 1320451200000, 1320537600000, 1320624000000, 1320710400000, 1320796800000, 1320883200000, 1320969600000, 1321056000000, 1321142400000, 1321228800000, 1321315200000, 1321401600000, 1321488000000, 1321574400000, 1321660800000, 1321747200000, 1321833600000, 1321920000000, 1322006400000, 1322092800000, 1322179200000, 1322265600000, 1322352000000, 1322438400000, 1322524800000, 1322611200000, 1322697600000, 1322784000000, 1322870400000, 1322956800000, 1323043200000, 1323129600000, 1323216000000, 1323302400000, 1323388800000, 1323475200000, 1323561600000, 1323648000000, 1323734400000, 1323820800000, 1323907200000, 1323993600000, 1324080000000, 1324166400000, 1324252800000, 1324339200000, 1324425600000, 1324512000000, 1324598400000, 1324684800000, 1324771200000, 1324857600000, 1324944000000, 1325030400000, 1325116800000, 1325203200000, 1325289600000, 1325376000000, 1325462400000, 1325548800000, 1325635200000, 1325721600000, 1325808000000, 1325894400000, 1325980800000, 1326067200000, 1326153600000, 1326240000000, 1326326400000, 1326412800000, 1326499200000, 1326585600000, 1326672000000, 1326758400000, 1326844800000, 1326931200000, 1327017600000, 1327104000000, 1327190400000, 1327276800000, 1327363200000, 1327449600000, 1327536000000, 1327622400000, 1327708800000, 1327795200000, 1327881600000, 1327968000000, 1328054400000, 1328140800000, 1328227200000, 1328313600000, 1328400000000, 1328486400000, 1328572800000, 1328659200000, 1328745600000, 1328832000000, 1328918400000, 1329004800000, 1329091200000, 1329177600000, 1329264000000, 1329350400000, 1329436800000, 1329523200000, 1329609600000, 1329696000000, 1329782400000, 1329868800000, 1329955200000, 1330041600000, 1330128000000, 1330214400000, 1330300800000, 1330387200000, 1330473600000, 1330560000000, 1330646400000, 1330732800000, 1330819200000, 1330905600000, 1330992000000, 1331078400000, 1331164800000, 1331251200000, 1331337600000, 1331424000000, 1331510400000, 1331596800000, 1331683200000, 1331769600000, 1331856000000, 1331942400000, 1332028800000, 1332115200000, 1332201600000, 1332288000000, 1332374400000, 1332460800000, 1332547200000, 1332633600000, 1332720000000, 1332806400000, 1332892800000, 1332979200000, 1333065600000, 1333152000000, 1333238400000, 1333324800000, 1333411200000, 1333497600000, 1333584000000, 1333670400000, 1333756800000, 1333843200000, 1333929600000, 1334016000000, 1334102400000, 1334188800000, 1334275200000, 1334361600000, 1334448000000, 1334534400000, 1334620800000, 1334707200000, 1334793600000, 1334880000000, 1334966400000, 1335052800000, 1335139200000, 1335225600000, 1335312000000, 1335398400000, 1335484800000, 1335571200000, 1335657600000, 1335744000000, 1335830400000, 1335916800000, 1336003200000, 1336089600000, 1336176000000, 1336262400000, 1336348800000, 1336435200000, 1336521600000, 1336608000000, 1336694400000, 1336780800000, 1336867200000, 1336953600000, 1337040000000, 1337126400000, 1337212800000, 1337299200000, 1337385600000, 1337472000000, 1337558400000, 1337644800000, 1337731200000, 1337817600000, 1337904000000, 1337990400000, 1338076800000, 1338163200000, 1338249600000, 1338336000000, 1338422400000, 1338508800000, 1338595200000, 1338681600000, 1338768000000, 1338854400000, 1338940800000, 1339027200000, 1339113600000, 1339200000000, 1339286400000, 1339372800000, 1339459200000, 1339545600000, 1339632000000, 1339718400000, 1339804800000, 1339891200000, 1339977600000, 1340064000000, 1340150400000, 1340236800000, 1340323200000, 1340409600000, 1340496000000, 1340582400000, 1340668800000, 1340755200000, 1340841600000, 1340928000000, 1341014400000, 1341100800000, 1341187200000, 1341273600000, 1341360000000, 1341446400000, 1341532800000, 1341619200000, 1341705600000, 1341792000000, 1341878400000, 1341964800000, 1342051200000, 1342137600000, 1342224000000, 1342310400000, 1342396800000, 1342483200000, 1342569600000, 1342656000000, 1342742400000, 1342828800000, 1342915200000, 1343001600000, 1343088000000, 1343174400000, 1343260800000, 1343347200000, 1343433600000, 1343520000000, 1343606400000, 1343692800000, 1343779200000, 1343865600000, 1343952000000, 1344038400000, 1344124800000, 1344211200000, 1344297600000, 1344384000000, 1344470400000, 1344556800000, 1344643200000, 1344729600000, 1344816000000, 1344902400000, 1344988800000, 1345075200000, 1345161600000, 1345248000000, 1345334400000, 1345420800000, 1345507200000, 1345593600000, 1345680000000, 1345766400000, 1345852800000, 1345939200000, 1346025600000, 1346112000000, 1346198400000, 1346284800000, 1346371200000, 1346457600000, 1346544000000, 1346630400000, 1346716800000, 1346803200000, 1346889600000, 1346976000000, 1347062400000, 1347148800000, 1347235200000, 1347321600000, 1347408000000, 1347494400000, 1347580800000, 1347667200000, 1347753600000, 1347840000000, 1347926400000, 1348012800000, 1348099200000, 1348185600000, 1348272000000, 1348358400000, 1348444800000, 1348531200000, 1348617600000, 1348704000000, 1348790400000, 1348876800000, 1348963200000, 1349049600000, 1349136000000, 1349222400000, 1349308800000, 1349395200000, 1349481600000, 1349568000000, 1349654400000, 1349740800000, 1349827200000, 1349913600000, 1350000000000, 1350086400000, 1350172800000, 1350259200000, 1350345600000, 1350432000000, 1350518400000, 1350604800000, 1350691200000, 1350777600000, 1350864000000, 1350950400000, 1351036800000, 1351123200000, 1351209600000, 1351296000000, 1351382400000, 1351468800000, 1351555200000, 1351641600000, 1351728000000, 1351814400000, 1351900800000, 1351987200000, 1352073600000, 1352160000000, 1352246400000, 1352332800000, 1352419200000, 1352505600000, 1352592000000, 1352678400000, 1352764800000, 1352851200000, 1352937600000, 1353024000000, 1353110400000, 1353196800000, 1353283200000, 1353369600000, 1353456000000, 1353542400000, 1353628800000, 1353715200000, 1353801600000, 1353888000000, 1353974400000, 1354060800000, 1354147200000, 1354233600000, 1354320000000, 1354406400000, 1354492800000, 1354579200000, 1354665600000, 1354752000000, 1354838400000, 1354924800000, 1355011200000, 1355097600000, 1355184000000, 1355270400000, 1355356800000, 1355443200000, 1355529600000, 1355616000000, 1355702400000, 1355788800000, 1355875200000, 1355961600000, 1356048000000, 1356134400000, 1356220800000, 1356307200000, 1356393600000, 1356480000000, 1356566400000, 1356652800000, 1356739200000, 1356825600000, 1356912000000, 1356998400000, 1357084800000, 1357171200000, 1357257600000, 1357344000000, 1357430400000, 1357516800000, 1357603200000, 1357689600000, 1357776000000, 1357862400000, 1357948800000, 1358035200000, 1358121600000, 1358208000000, 1358294400000, 1358380800000, 1358467200000, 1358553600000, 1358640000000, 1358726400000, 1358812800000, 1358899200000, 1358985600000, 1359072000000, 1359158400000, 1359244800000, 1359331200000, 1359417600000, 1359504000000, 1359590400000, 1359676800000, 1359763200000, 1359849600000, 1359936000000, 1360022400000, 1360108800000, 1360195200000, 1360281600000, 1360368000000, 1360454400000, 1360540800000, 1360627200000, 1360713600000, 1360800000000, 1360886400000, 1360972800000, 1361059200000, 1361145600000, 1361232000000, 1361318400000, 1361404800000, 1361491200000, 1361577600000, 1361664000000, 1361750400000, 1361836800000, 1361923200000, 1362009600000, 1362096000000, 1362182400000, 1362268800000, 1362355200000, 1362441600000, 1362528000000, 1362614400000, 1362700800000, 1362787200000, 1362873600000, 1362960000000, 1363046400000, 1363132800000, 1363219200000, 1363305600000, 1363392000000, 1363478400000, 1363564800000, 1363651200000, 1363737600000, 1363824000000, 1363910400000, 1363996800000, 1364083200000, 1364169600000, 1364256000000, 1364342400000, 1364428800000, 1364515200000, 1364601600000, 1364688000000, 1364774400000, 1364860800000, 1364947200000, 1365033600000, 1365120000000, 1365206400000, 1365292800000, 1365379200000, 1365465600000, 1365552000000, 1365638400000, 1365724800000, 1365811200000, 1365897600000, 1365984000000, 1366070400000, 1366156800000, 1366243200000, 1366329600000, 1366416000000, 1366502400000, 1366588800000, 1366675200000, 1366761600000, 1366848000000, 1366934400000, 1367020800000, 1367107200000, 1367193600000, 1367280000000, 1367366400000, 1367452800000, 1367539200000, 1367625600000, 1367712000000, 1367798400000, 1367884800000, 1367971200000, 1368057600000, 1368144000000, 1368230400000, 1368316800000, 1368403200000, 1368489600000, 1368576000000, 1368662400000, 1368748800000, 1368835200000, 1368921600000, 1369008000000, 1369094400000, 1369180800000, 1369267200000, 1369353600000, 1369440000000, 1369526400000, 1369612800000, 1369699200000, 1369785600000, 1369872000000, 1369958400000, 1370044800000, 1370131200000, 1370217600000, 1370304000000, 1370390400000, 1370476800000, 1370563200000, 1370649600000, 1370736000000, 1370822400000, 1370908800000, 1370995200000, 1371081600000, 1371168000000, 1371254400000, 1371340800000, 1371427200000, 1371513600000, 1371600000000, 1371686400000, 1371772800000, 1371859200000, 1371945600000, 1372032000000, 1372118400000, 1372204800000, 1372291200000, 1372377600000, 1372464000000, 1372550400000, 1372636800000, 1372723200000, 1372809600000, 1372896000000, 1372982400000, 1373068800000, 1373155200000, 1373241600000, 1373328000000, 1373414400000, 1373500800000, 1373587200000, 1373673600000, 1373760000000, 1373846400000, 1373932800000, 1374019200000, 1374105600000, 1374192000000, 1374278400000, 1374364800000, 1374451200000, 1374537600000, 1374624000000, 1374710400000, 1374796800000, 1374883200000, 1374969600000, 1375056000000, 1375142400000, 1375228800000, 1375315200000, 1375401600000, 1375488000000, 1375574400000, 1375660800000, 1375747200000, 1375833600000, 1375920000000, 1376006400000, 1376092800000, 1376179200000, 1376265600000, 1376352000000, 1376438400000, 1376524800000, 1376611200000, 1376697600000, 1376784000000, 1376870400000, 1376956800000, 1377043200000, 1377129600000, 1377216000000, 1377302400000, 1377388800000, 1377475200000, 1377561600000, 1377648000000, 1377734400000, 1377820800000, 1377907200000, 1377993600000, 1378080000000, 1378166400000, 1378252800000, 1378339200000, 1378425600000, 1378512000000, 1378598400000, 1378684800000, 1378771200000, 1378857600000, 1378944000000, 1379030400000, 1379116800000, 1379203200000, 1379289600000, 1379376000000, 1379462400000, 1379548800000, 1379635200000, 1379721600000, 1379808000000, 1379894400000, 1379980800000, 1380067200000, 1380153600000, 1380240000000, 1380326400000, 1380412800000, 1380499200000, 1380585600000, 1380672000000, 1380758400000, 1380844800000, 1380931200000, 1381017600000, 1381104000000, 1381190400000, 1381276800000, 1381363200000, 1381449600000, 1381536000000, 1381622400000, 1381708800000, 1381795200000, 1381881600000, 1381968000000, 1382054400000, 1382140800000, 1382227200000, 1382313600000, 1382400000000, 1382486400000, 1382572800000, 1382659200000, 1382745600000, 1382832000000, 1382918400000, 1383004800000, 1383091200000, 1383177600000, 1383264000000, 1383350400000, 1383436800000, 1383523200000, 1383609600000, 1383696000000, 1383782400000, 1383868800000, 1383955200000, 1384041600000, 1384128000000, 1384214400000, 1384300800000, 1384387200000, 1384473600000, 1384560000000, 1384646400000, 1384732800000, 1384819200000, 1384905600000, 1384992000000, 1385078400000, 1385164800000, 1385251200000, 1385337600000, 1385424000000, 1385510400000, 1385596800000, 1385683200000, 1385769600000, 1385856000000, 1385942400000, 1386028800000, 1386115200000, 1386201600000, 1386288000000, 1386374400000, 1386460800000, 1386547200000, 1386633600000, 1386720000000, 1386806400000, 1386892800000, 1386979200000, 1387065600000, 1387152000000, 1387238400000, 1387324800000, 1387411200000, 1387497600000, 1387584000000, 1387670400000, 1387756800000, 1387843200000, 1387929600000, 1388016000000, 1388102400000, 1388188800000, 1388275200000, 1388361600000, 1388448000000, 1388534400000, 1388620800000, 1388707200000, 1388793600000, 1388880000000, 1388966400000, 1389052800000, 1389139200000, 1389225600000, 1389312000000, 1389398400000, 1389484800000, 1389571200000, 1389657600000, 1389744000000, 1389830400000, 1389916800000, 1390003200000, 1390089600000, 1390176000000, 1390262400000, 1390348800000, 1390435200000, 1390521600000, 1390608000000, 1390694400000, 1390780800000, 1390867200000, 1390953600000, 1391040000000, 1391126400000, 1391212800000, 1391299200000, 1391385600000, 1391472000000, 1391558400000, 1391644800000, 1391731200000, 1391817600000, 1391904000000, 1391990400000, 1392076800000, 1392163200000, 1392249600000, 1392336000000, 1392422400000, 1392508800000, 1392595200000, 1392681600000, 1392768000000, 1392854400000, 1392940800000, 1393027200000, 1393113600000, 1393200000000, 1393286400000, 1393372800000, 1393459200000, 1393545600000, 1393632000000, 1393718400000, 1393804800000, 1393891200000, 1393977600000, 1394064000000, 1394150400000, 1394236800000, 1394323200000, 1394409600000, 1394496000000, 1394582400000, 1394668800000, 1394755200000, 1394841600000, 1394928000000, 1395014400000, 1395100800000, 1395187200000, 1395273600000, 1395360000000, 1395446400000, 1395532800000, 1395619200000, 1395705600000, 1395792000000, 1395878400000, 1395964800000, 1396051200000, 1396137600000, 1396224000000, 1396310400000, 1396396800000, 1396483200000, 1396569600000, 1396656000000, 1396742400000, 1396828800000, 1396915200000, 1397001600000, 1397088000000, 1397174400000, 1397260800000, 1397347200000, 1397433600000, 1397520000000, 1397606400000, 1397692800000, 1397779200000, 1397865600000, 1397952000000, 1398038400000, 1398124800000, 1398211200000, 1398297600000, 1398384000000, 1398470400000, 1398556800000, 1398643200000, 1398729600000, 1398816000000, 1398902400000, 1398988800000, 1399075200000, 1399161600000, 1399248000000, 1399334400000, 1399420800000, 1399507200000, 1399593600000, 1399680000000, 1399766400000, 1399852800000, 1399939200000, 1400025600000, 1400112000000, 1400198400000, 1400284800000, 1400371200000, 1400457600000, 1400544000000, 1400630400000, 1400716800000, 1400803200000, 1400889600000, 1400976000000, 1401062400000, 1401148800000, 1401235200000, 1401321600000, 1401408000000, 1401494400000, 1401580800000, 1401667200000, 1401753600000, 1401840000000, 1401926400000, 1402012800000, 1402099200000, 1402185600000, 1402272000000, 1402358400000, 1402444800000, 1402531200000, 1402617600000, 1402704000000, 1402790400000, 1402876800000, 1402963200000, 1403049600000, 1403136000000, 1403222400000, 1403308800000, 1403395200000, 1403481600000, 1403568000000, 1403654400000, 1403740800000, 1403827200000, 1403913600000, 1404000000000, 1404086400000, 1404172800000, 1404259200000, 1404345600000, 1404432000000, 1404518400000, 1404604800000, 1404691200000, 1404777600000, 1404864000000, 1404950400000, 1405036800000, 1405123200000, 1405209600000, 1405296000000, 1405382400000, 1405468800000, 1405555200000, 1405641600000, 1405728000000, 1405814400000, 1405900800000, 1405987200000, 1406073600000, 1406160000000, 1406246400000, 1406332800000, 1406419200000, 1406505600000, 1406592000000, 1406678400000, 1406764800000, 1406851200000, 1406937600000, 1407024000000, 1407110400000, 1407196800000, 1407283200000, 1407369600000, 1407456000000, 1407542400000, 1407628800000, 1407715200000, 1407801600000, 1407888000000, 1407974400000, 1408060800000, 1408147200000, 1408233600000, 1408320000000, 1408406400000, 1408492800000, 1408579200000, 1408665600000, 1408752000000, 1408838400000, 1408924800000, 1409011200000, 1409097600000, 1409184000000, 1409270400000, 1409356800000, 1409443200000, 1409529600000, 1409616000000, 1409702400000, 1409788800000, 1409875200000, 1409961600000, 1410048000000, 1410134400000, 1410220800000, 1410307200000, 1410393600000, 1410480000000, 1410566400000, 1410652800000, 1410739200000, 1410825600000, 1410912000000, 1410998400000, 1411084800000, 1411171200000, 1411257600000, 1411344000000, 1411430400000, 1411516800000, 1411603200000, 1411689600000, 1411776000000, 1411862400000, 1411948800000, 1412035200000, 1412121600000, 1412208000000, 1412294400000, 1412380800000, 1412467200000, 1412553600000, 1412640000000, 1412726400000, 1412812800000, 1412899200000, 1412985600000, 1413072000000, 1413158400000, 1413244800000, 1413331200000, 1413417600000, 1413504000000, 1413590400000, 1413676800000, 1413763200000, 1413849600000, 1413936000000, 1414022400000, 1414108800000, 1414195200000, 1414281600000, 1414368000000, 1414454400000, 1414540800000, 1414627200000, 1414713600000, 1414800000000, 1414886400000, 1414972800000, 1415059200000, 1415145600000, 1415232000000, 1415318400000, 1415404800000, 1415491200000, 1415577600000, 1415664000000, 1415750400000, 1415836800000, 1415923200000, 1416009600000, 1416096000000, 1416182400000, 1416268800000, 1416355200000, 1416441600000, 1416528000000, 1416614400000, 1416700800000, 1416787200000, 1416873600000, 1416960000000, 1417046400000, 1417132800000, 1417219200000, 1417305600000, 1417392000000, 1417478400000, 1417564800000, 1417651200000, 1417737600000, 1417824000000, 1417910400000, 1417996800000, 1418083200000, 1418169600000, 1418256000000, 1418342400000, 1418428800000, 1418515200000, 1418601600000, 1418688000000, 1418774400000, 1418860800000, 1418947200000, 1419033600000, 1419120000000, 1419206400000, 1419292800000, 1419379200000, 1419465600000, 1419552000000, 1419638400000, 1419724800000, 1419811200000, 1419897600000, 1419984000000, 1420070400000, 1420156800000, 1420243200000, 1420329600000, 1420416000000, 1420502400000, 1420588800000, 1420675200000, 1420761600000, 1420848000000, 1420934400000, 1421020800000, 1421107200000, 1421193600000, 1421280000000, 1421366400000, 1421452800000, 1421539200000, 1421625600000, 1421712000000, 1421798400000, 1421884800000, 1421971200000, 1422057600000, 1422144000000, 1422230400000, 1422316800000, 1422403200000, 1422489600000, 1422576000000, 1422662400000, 1422748800000, 1422835200000, 1422921600000, 1423008000000, 1423094400000, 1423180800000, 1423267200000, 1423353600000, 1423440000000, 1423526400000, 1423612800000, 1423699200000, 1423785600000, 1423872000000, 1423958400000, 1424044800000, 1424131200000, 1424217600000, 1424304000000, 1424390400000, 1424476800000, 1424563200000, 1424649600000, 1424736000000, 1424822400000, 1424908800000, 1424995200000, 1425081600000, 1425168000000, 1425254400000, 1425340800000, 1425427200000, 1425513600000, 1425600000000, 1425686400000, 1425772800000, 1425859200000, 1425945600000, 1426032000000, 1426118400000, 1426204800000, 1426291200000, 1426377600000, 1426464000000, 1426550400000, 1426636800000, 1426723200000, 1426809600000, 1426896000000, 1426982400000, 1427068800000, 1427155200000, 1427241600000, 1427328000000, 1427414400000, 1427500800000, 1427587200000, 1427673600000, 1427760000000, 1427846400000, 1427932800000, 1428019200000, 1428105600000, 1428192000000, 1428278400000, 1428364800000, 1428451200000, 1428537600000, 1428624000000, 1428710400000, 1428796800000, 1428883200000, 1428969600000, 1429056000000, 1429142400000, 1429228800000, 1429315200000, 1429401600000, 1429488000000, 1429574400000, 1429660800000, 1429747200000, 1429833600000, 1429920000000, 1430006400000, 1430092800000, 1430179200000, 1430265600000, 1430352000000, 1430438400000, 1430524800000, 1430611200000, 1430697600000, 1430784000000, 1430870400000, 1430956800000, 1431043200000, 1431129600000, 1431216000000, 1431302400000, 1431388800000, 1431475200000, 1431561600000, 1431648000000, 1431734400000, 1431820800000, 1431907200000, 1431993600000, 1432080000000, 1432166400000, 1432252800000, 1432339200000, 1432425600000, 1432512000000, 1432598400000, 1432684800000, 1432771200000, 1432857600000, 1432944000000, 1433030400000, 1433116800000, 1433203200000, 1433289600000, 1433376000000, 1433462400000, 1433548800000, 1433635200000, 1433721600000, 1433808000000, 1433894400000, 1433980800000, 1434067200000, 1434153600000, 1434240000000, 1434326400000, 1434412800000, 1434499200000, 1434585600000, 1434672000000, 1434758400000, 1434844800000, 1434931200000, 1435017600000, 1435104000000, 1435190400000, 1435276800000, 1435363200000, 1435449600000, 1435536000000, 1435622400000, 1435708800000, 1435795200000, 1435881600000, 1435968000000, 1436054400000, 1436140800000, 1436227200000, 1436313600000, 1436400000000, 1436486400000, 1436572800000, 1436659200000, 1436745600000, 1436832000000, 1436918400000, 1437004800000, 1437091200000, 1437177600000, 1437264000000, 1437350400000, 1437436800000, 1437523200000, 1437609600000, 1437696000000, 1437782400000, 1437868800000, 1437955200000, 1438041600000, 1438128000000, 1438214400000, 1438300800000, 1438387200000, 1438473600000, 1438560000000, 1438646400000, 1438732800000, 1438819200000, 1438905600000, 1438992000000, 1439078400000, 1439164800000, 1439251200000, 1439337600000, 1439424000000, 1439510400000, 1439596800000, 1439683200000, 1439769600000, 1439856000000, 1439942400000, 1440028800000, 1440115200000, 1440201600000, 1440288000000, 1440374400000, 1440460800000, 1440547200000, 1440633600000, 1440720000000, 1440806400000, 1440892800000, 1440979200000, 1441065600000, 1441152000000, 1441238400000, 1441324800000, 1441411200000, 1441497600000, 1441584000000, 1441670400000, 1441756800000, 1441843200000, 1441929600000, 1442016000000, 1442102400000, 1442188800000, 1442275200000, 1442361600000, 1442448000000, 1442534400000, 1442620800000, 1442707200000, 1442793600000, 1442880000000, 1442966400000, 1443052800000, 1443139200000, 1443225600000, 1443312000000, 1443398400000, 1443484800000, 1443571200000, 1443657600000, 1443744000000, 1443830400000, 1443916800000, 1444003200000, 1444089600000, 1444176000000, 1444262400000, 1444348800000, 1444435200000, 1444521600000, 1444608000000, 1444694400000, 1444780800000, 1444867200000, 1444953600000, 1445040000000, 1445126400000, 1445212800000, 1445299200000, 1445385600000, 1445472000000, 1445558400000, 1445644800000, 1445731200000, 1445817600000, 1445904000000, 1445990400000, 1446076800000, 1446163200000, 1446249600000, 1446336000000, 1446422400000, 1446508800000, 1446595200000, 1446681600000, 1446768000000, 1446854400000, 1446940800000, 1447027200000, 1447113600000, 1447200000000, 1447286400000, 1447372800000, 1447459200000, 1447545600000, 1447632000000, 1447718400000, 1447804800000, 1447891200000, 1447977600000, 1448064000000, 1448150400000, 1448236800000, 1448323200000, 1448409600000, 1448496000000, 1448582400000, 1448668800000, 1448755200000, 1448841600000, 1448928000000, 1449014400000, 1449100800000, 1449187200000, 1449273600000, 1449360000000, 1449446400000, 1449532800000, 1449619200000, 1449705600000, 1449792000000, 1449878400000, 1449964800000, 1450051200000, 1450137600000, 1450224000000, 1450310400000, 1450396800000, 1450483200000, 1450569600000, 1450656000000, 1450742400000, 1450828800000, 1450915200000, 1451001600000, 1451088000000, 1451174400000, 1451260800000, 1451347200000, 1451433600000, 1451520000000, 1451606400000, 1451692800000, 1451779200000, 1451865600000, 1451952000000, 1452038400000, 1452124800000, 1452211200000, 1452297600000, 1452384000000, 1452470400000, 1452556800000, 1452643200000, 1452729600000, 1452816000000, 1452902400000, 1452988800000, 1453075200000, 1453161600000, 1453248000000, 1453334400000, 1453420800000, 1453507200000, 1453593600000, 1453680000000, 1453766400000, 1453852800000, 1453939200000, 1454025600000, 1454112000000, 1454198400000, 1454284800000, 1454371200000, 1454457600000, 1454544000000, 1454630400000, 1454716800000, 1454803200000, 1454889600000, 1454976000000, 1455062400000, 1455148800000, 1455235200000, 1455321600000, 1455408000000, 1455494400000, 1455580800000, 1455667200000, 1455753600000, 1455840000000, 1455926400000, 1456012800000, 1456099200000, 1456185600000, 1456272000000, 1456358400000, 1456444800000, 1456531200000, 1456617600000, 1456704000000, 1456790400000, 1456876800000, 1456963200000, 1457049600000, 1457136000000, 1457222400000, 1457308800000, 1457395200000, 1457481600000, 1457568000000, 1457654400000, 1457740800000, 1457827200000, 1457913600000, 1458000000000, 1458086400000, 1458172800000, 1458259200000, 1458345600000, 1458432000000, 1458518400000, 1458604800000, 1458691200000, 1458777600000, 1458864000000, 1458950400000, 1459036800000, 1459123200000, 1459209600000, 1459296000000, 1459382400000, 1459468800000, 1459555200000, 1459641600000, 1459728000000, 1459814400000, 1459900800000, 1459987200000, 1460073600000, 1460160000000, 1460246400000, 1460332800000, 1460419200000, 1460505600000, 1460592000000, 1460678400000, 1460764800000, 1460851200000, 1460937600000, 1461024000000, 1461110400000, 1461196800000, 1461283200000, 1461369600000, 1461456000000, 1461542400000, 1461628800000, 1461715200000, 1461801600000, 1461888000000, 1461974400000, 1462060800000, 1462147200000, 1462233600000, 1462320000000, 1462406400000, 1462492800000, 1462579200000, 1462665600000, 1462752000000, 1462838400000, 1462924800000, 1463011200000, 1463097600000, 1463184000000, 1463270400000, 1463356800000, 1463443200000, 1463529600000, 1463616000000, 1463702400000, 1463788800000, 1463875200000, 1463961600000, 1464048000000, 1464134400000, 1464220800000, 1464307200000, 1464393600000, 1464480000000, 1464566400000, 1464652800000, 1464739200000, 1464825600000, 1464912000000, 1464998400000, 1465084800000, 1465171200000, 1465257600000, 1465344000000, 1465430400000, 1465516800000, 1465603200000, 1465689600000, 1465776000000, 1465862400000, 1465948800000, 1466035200000, 1466121600000, 1466208000000, 1466294400000, 1466380800000, 1466467200000, 1466553600000, 1466640000000, 1466726400000, 1466812800000, 1466899200000, 1466985600000, 1467072000000, 1467158400000, 1467244800000, 1467331200000, 1467417600000, 1467504000000, 1467590400000, 1467676800000, 1467763200000, 1467849600000, 1467936000000, 1468022400000, 1468108800000, 1468195200000, 1468281600000, 1468368000000, 1468454400000, 1468540800000, 1468627200000, 1468713600000, 1468800000000, 1468886400000, 1468972800000, 1469059200000, 1469145600000, 1469232000000, 1469318400000, 1469404800000, 1469491200000, 1469577600000, 1469664000000, 1469750400000, 1469836800000, 1469923200000, 1470009600000, 1470096000000, 1470182400000, 1470268800000, 1470355200000, 1470441600000, 1470528000000, 1470614400000, 1470700800000, 1470787200000, 1470873600000, 1470960000000, 1471046400000, 1471132800000, 1471219200000, 1471305600000, 1471392000000, 1471478400000, 1471564800000, 1471651200000, 1471737600000, 1471824000000, 1471910400000, 1471996800000, 1472083200000, 1472169600000, 1472256000000, 1472342400000, 1472428800000, 1472515200000, 1472601600000, 1472688000000, 1472774400000, 1472860800000, 1472947200000, 1473033600000, 1473120000000, 1473206400000, 1473292800000, 1473379200000, 1473465600000, 1473552000000, 1473638400000, 1473724800000, 1473811200000, 1473897600000, 1473984000000, 1474070400000, 1474156800000, 1474243200000, 1474329600000, 1474416000000, 1474502400000, 1474588800000, 1474675200000, 1474761600000, 1474848000000, 1474934400000, 1475020800000, 1475107200000, 1475193600000, 1475280000000, 1475366400000, 1475452800000, 1475539200000, 1475625600000, 1475712000000, 1475798400000, 1475884800000, 1475971200000, 1476057600000, 1476144000000, 1476230400000, 1476316800000, 1476403200000, 1476489600000, 1476576000000, 1476662400000, 1476748800000, 1476835200000, 1476921600000, 1477008000000, 1477094400000, 1477180800000, 1477267200000, 1477353600000, 1477440000000, 1477526400000, 1477612800000, 1477699200000, 1477785600000, 1477872000000, 1477958400000, 1478044800000, 1478131200000, 1478217600000, 1478304000000, 1478390400000, 1478476800000, 1478563200000, 1478649600000, 1478736000000, 1478822400000, 1478908800000, 1478995200000, 1479081600000, 1479168000000, 1479254400000, 1479340800000, 1479427200000, 1479513600000, 1479600000000, 1479686400000, 1479772800000, 1479859200000, 1479945600000, 1480032000000, 1480118400000, 1480204800000, 1480291200000, 1480377600000, 1480464000000, 1480550400000, 1480636800000, 1480723200000, 1480809600000, 1480896000000, 1480982400000, 1481068800000, 1481155200000, 1481241600000, 1481328000000, 1481414400000, 1481500800000, 1481587200000, 1481673600000, 1481760000000, 1481846400000, 1481932800000, 1482019200000, 1482105600000, 1482192000000, 1482278400000, 1482364800000, 1482451200000, 1482537600000, 1482624000000, 1482710400000, 1482796800000, 1482883200000, 1482969600000, 1483056000000, 1483142400000, 1483228800000, 1483315200000, 1483401600000]}, "shares": {"daily": {"data": [2628, 3330, 3120, 2637, 2185, 2118, 2087, 1463, 1088, 926, 949, 862, 816, 807, 694, 629, 625, 605, 612, 565, 550, 602, 508, 544, 575, 602, 508, 574, 635, 597, 537, 602, 580, 621, 601, 628, 534, 493, 568, 524, 555, 1710, 1986, 1691, 1524, 1205, 701, 629, 689, 653, 604, 554, 472, 576, 581, 614, 511, 483, 550, 613, 596, 574, 569, 547, 478, 475, 487, 514, 331, 24, 25, 28, 23, 16, 30, 188, 485, 419, 354, 371, 496, 477, 480, 441, 513, 426, 438, 435, 475, 436, 446, 461, 404, 418, 402, 431, 427, 402, 405, 280, 376, 376, 397, 430, 564, 621, 662, 685, 779, 744, 729, 691, 612, 641, 665, 554, 554, 515, 541, 519, 618, 467, 492, 447, 432, 481, 433, 471, 448, 468, 401, 425, 401, 468, 435, 354, 369, 409, 383, 418, 386, 400, 380, 386, 363, 415, 364, 401, 435, 448, 358, 352, 355, 357, 407, 348, 314, 306, 313, 326, 304, 351, 343, 333, 307, 292, 336, 327, 321, 371, 286, 242, 305, 318, 334, 345, 419, 347, 310, 338, 318, 296, 312, 328, 258, 284, 282, 315, 342, 294, 307, 303, 280, 275, 333, 259, 325, 289, 243, 251, 300, 258, 242, 296, 272, 220, 240, 248, 262, 260, 298, 279, 235, 248, 261, 255, 234, 201, 240, 222, 229, 153, 221, 210, 232, 191, 138, 182, 211, 219, 201, 209, 290, 173, 188, 165, 173, 212, 219, 196, 177, 149, 194, 169, 205, 172, 183, 182, 186, 184, 158, 146, 176, 198, 165, 174, 164, 198, 150, 198, 213, 228, 217, 230, 265, 405, 411, 481, 381, 321, 303, 261, 255, 216, 221, 220, 178, 191, 203, 214, 193, 208, 188, 181, 141, 190, 192, 233, 199, 192, 144, 195, 205, 266, 157, 195, 234, 182, 189, 192, 210, 203, 233, 193, 187, 182, 190, 174, 194, 225, 209, 198, 177, 154, 142, 152, 164, 137, 152, 128, 141, 152, 171, 185, 174, 162, 148, 164, 161, 183, 169, 173, 135, 157, 174, 175, 166, 181, 163, 171, 182, 194, 194, 199, 188, 167, 214, 196, 183, 189, 180, 185, 180, 184, 166, 152, 178, 171, 193, 207, 192, 151, 186, 165, 178, 196, 183, 175, 188, 157, 151, 160, 149, 143, 155, 157, 162, 162, 120, 149, 160, 130, 129, 115, 141, 110, 153, 114, 140, 126, 131, 158, 133, 114, 134, 114, 162, 148, 111, 124, 115, 109, 144, 128, 124, 143, 116, 126, 113, 126, 138, 114, 108, 111, 116, 118, 105, 120, 111, 121, 111, 103, 101, 98, 106, 110, 107, 109, 84, 101, 116, 105, 141, 153, 164, 137, 134, 152, 137, 115, 128, 102, 111, 101, 129, 141, 125, 111, 107, 95, 95, 131, 131, 104, 104, 98, 104, 93, 91, 121, 119, 102, 94, 103, 95, 88, 93, 107, 81, 101, 115, 117, 94, 101, 96, 79, 100, 94, 73, 76, 99, 74, 82, 67, 56, 56, 53, 46, 53, 58, 53, 68, 48, 62, 52, 46, 61, 57, 44, 54, 43, 61, 40, 55, 55, 53, 65, 47, 53, 61, 52, 46, 56, 51, 52, 55, 40, 48, 60, 57, 47, 56, 47, 44, 57, 60, 53, 42, 54, 49, 41, 60, 54, 47, 54, 56, 50, 51, 61, 64, 54, 57, 46, 59, 56, 43, 56, 61, 49, 38, 38, 46, 54, 59, 49, 57, 63, 51, 48, 42, 43, 63, 42, 51, 41, 33, 43, 49, 63, 47, 51, 53, 41, 45, 46, 57, 54, 48, 54, 48, 44, 50, 39, 38, 43, 43, 57, 46, 40, 30, 42, 40, 30, 25, 50, 40, 40, 41, 59, 33, 37, 38, 40, 41, 27, 45, 60, 38, 38, 39, 63, 48, 51, 49, 46, 43, 53, 39, 45, 30, 30, 38, 41, 42, 44, 40, 39, 48, 41, 35, 27, 31, 26, 29, 30, 36, 22, 34, 33, 28, 35, 21, 25, 34, 41, 29, 32, 24, 25, 46, 22, 30, 27, 28, 43, 31, 27, 40, 43, 19, 53, 29, 30, 34, 23, 42, 35, 26, 21, 18, 25, 24, 63, 36, 33, 41, 35, 41, 33, 39, 41, 32, 41, 35, 27, 35, 38, 46, 38, 40, 38, 27, 28, 42, 22, 26, 35, 25, 36, 26, 39, 26, 27, 21, 43, 26, 41, 34, 30, 36, 38, 31, 28, 23, 28, 26, 25, 37, 32, 29, 42, 31, 26, 33, 33, 32, 30, 39, 37, 36, 36, 30, 23, 25, 37, 30, 29, 33, 35, 33, 20, 41, 36, 28, 14, 24, 30, 23, 30, 32, 26, 25, 31, 22, 30, 34, 37, 35, 32, 35, 34, 32, 28, 24, 21, 25, 21, 21, 20, 13, 30, 31, 27, 27, 24, 30, 26, 23, 27, 23, 26, 18, 25, 19, 22, 32, 18, 29, 25, 22, 17, 29, 26, 19, 27, 18, 22, 27, 35, 27, 23, 23, 29, 21, 28, 29, 38, 29, 36, 24, 23, 31, 17, 30, 23, 16, 19, 17, 27, 23, 19, 22, 18, 19, 16, 22, 21, 19, 8, 18, 22, 11, 27, 14, 21, 31, 15, 18, 18, 32, 23, 21, 32, 19, 13, 24, 24, 34, 22, 20, 16, 19, 19, 19, 18, 21, 30, 25, 19, 25, 18, 25, 29, 15, 20, 14, 17, 23, 23, 16, 17, 26, 21, 23, 22, 14, 30, 20, 23, 9, 25, 21, 18, 14, 23, 18, 19, 20, 18, 22, 27, 28, 24, 18, 21, 18, 21, 27, 16, 29, 25, 25, 28, 20, 28, 14, 15, 28, 17, 21, 30, 24, 29, 25, 22, 15, 34, 45, 56, 49, 53, 38, 48, 57, 59, 107, 62, 42, 53, 67, 44, 57, 60, 46, 64, 58, 49, 70, 54, 49, 59, 54, 60, 47, 67, 75, 55, 52, 47, 45, 56, 53, 75, 54, 38, 47, 39, 44, 32, 56, 52, 61, 58, 81, 36, 44, 42, 53, 43, 42, 59, 45, 61, 59, 46, 51, 42, 64, 56, 55, 42, 57, 37, 42, 49, 53, 50, 61, 93, 52, 46, 44, 46, 62, 45, 49, 41, 56, 51, 42, 47, 45, 47, 45, 52, 37, 48, 40, 41, 44, 39, 37, 40, 44, 52, 47, 38, 50, 29, 46, 48, 43, 60, 68, 33, 42, 38, 28, 35, 28, 25, 28, 25, 38, 25, 33, 47, 47, 24, 26, 29, 24, 32, 35, 32, 22, 24, 17, 23, 37, 33, 28, 19, 26, 16, 21, 30, 22, 20, 23, 20, 22, 19, 43, 38, 23, 14, 14, 19, 36, 27, 20, 43, 17, 36, 27, 30, 34, 44, 30, 44, 25, 20, 24, 27, 34, 29, 25, 23, 21, 19, 31, 20, 21, 22, 13, 27, 21, 20, 32, 32, 20, 11, 17, 19, 20, 27, 19, 24, 28, 24, 17, 27, 16, 21, 17, 17, 31, 19, 20, 9, 16, 11, 18, 15, 9, 15, 21, 13, 19, 24, 20, 27, 19, 19, 15, 16, 31, 19, 29, 23, 27, 22, 11, 17, 21, 22, 20, 13, 20, 17, 18, 19, 26, 31, 20, 23, 18, 26, 32, 21, 31, 18, 28, 16, 17, 21, 24, 28, 17, 21, 19, 26, 25, 20, 16, 8, 18, 13, 21, 23, 17, 15, 20, 18, 17, 19, 19, 31, 17, 21, 22, 21, 13, 29, 23, 18, 15, 26, 16, 20, 36, 24, 23, 21, 33, 18, 19, 25, 25, 19, 22, 17, 19, 14, 30, 19, 28, 16, 22, 22, 29, 16, 17, 20, 32, 19, 15, 16, 14, 20, 35, 18, 23, 16, 22, 17, 17, 14, 13, 16, 18, 26, 18, 15, 16, 23, 23, 19, 20, 19, 12, 23, 19, 14, 15, 22, 20, 20, 29, 16, 23, 12, 10, 18, 16, 12, 23, 21, 10, 31, 24, 12, 25, 13, 16, 15, 9, 9, 15, 16, 20, 19, 16, 23, 17, 25, 15, 23, 18, 25, 22, 19, 15, 14, 21, 14, 19, 23, 19, 12, 20, 19, 24, 13, 15, 14, 17, 21, 19, 19, 20, 16, 19, 18, 24, 8, 15, 14, 13, 20, 17, 10, 17, 21, 17, 26, 26, 26, 13, 34, 31, 17, 14, 21, 11, 12, 12, 14, 18, 12, 17, 2, 6, 19, 12, 10, 18, 12, 19, 22, 16, 37, 27, 21, 18, 30, 26, 31, 31, 26, 26, 18, 23, 21, 28, 23, 24, 35, 27, 20, 45, 22, 25, 44, 27, 31, 22, 37, 35, 43, 24, 31, 29, 26, 29, 31, 25, 21, 28, 31, 54, 51, 38, 49, 28, 35, 35, 55, 59, 38, 44, 42, 79, 45, 40, 43, 50, 37, 55, 50, 63, 59, 48, 52, 41, 46, 50, 28, 31, 30, 13, 26, 21, 29, 35, 22, 31, 44, 38, 31, 42, 32, 54, 38, 44, 26, 32, 40, 28, 41, 38, 47, 39, 27, 42, 43, 41, 40, 43, 41, 30, 43, 26, 49, 55, 36, 46, 36, 26, 38, 81, 49, 55, 63, 65, 41, 39, 55, 48, 69, 53, 55, 55, 39, 79, 53, 49, 53, 44, 49, 46, 57, 76, 46, 41, 46, 63, 42, 61, 53, 49, 56, 55, 44, 59, 74, 60, 66, 54, 44, 66, 52, 56, 60, 62, 84, 47, 30, 64, 63, 73, 61, 85, 40, 40, 72, 56, 55, 50, 61, 55, 66, 61, 68, 49, 64, 52, 55, 59, 66, 49, 61, 68, 61, 67, 67, 63, 57, 64, 58, 61, 53, 51, 78, 50, 57, 51, 82, 61, 51, 65, 59, 77, 58, 74, 52, 62, 63, 69, 73, 69, 65, 63, 62, 54, 67, 64, 77, 72, 62, 61, 62, 86, 67, 64, 58, 48, 60, 66, 60, 55, 68, 65, 55, 48, 58, 83, 59, 60, 71, 59, 31, 63, 67, 64, 81, 58, 68, 54, 73, 64, 49, 67, 60, 81, 51, 76, 96, 115, 113, 95, 95, 74, 80, 88, 71, 91, 64, 78, 66, 72, 82, 70, 88, 72, 92, 73, 83, 56, 70, 71, 80, 80, 74, 82, 80, 91, 95, 80, 80, 69, 83, 93, 102, 71, 79, 79, 81, 67, 87, 87, 99, 78, 89, 69, 92, 96, 89, 103, 97, 63, 80, 82, 81, 69, 81, 86, 68, 80, 92, 78, 72, 81, 73, 78, 72, 99, 84, 55, 84, 87, 78, 66, 57, 108, 89, 59, 89, 76, 86, 116, 95, 147, 86, 71, 89, 78, 74, 81, 89, 96, 99, 95, 100, 94, 96, 81, 114, 116, 116, 101, 96, 100, 97, 106, 95, 100, 71, 103, 101, 91, 89, 117, 133, 111, 86, 91, 96, 97, 84, 96, 90, 99, 106, 96, 72, 97, 87, 82, 100, 119, 100, 114, 89, 113, 86, 113, 101, 95, 121, 102, 128, 109, 108, 92, 144, 108, 104, 129, 96, 107, 88, 100, 90, 103, 92, 127, 97, 107, 105, 117, 102, 93, 83, 105, 110, 96, 89, 89, 98, 94, 105, 104, 103, 121, 84, 101, 92, 114, 92, 89, 112, 105, 96, 98, 123, 99, 83, 87, 94, 71, 72, 108, 93, 107, 120, 86, 110, 98, 104, 96, 131, 133, 127, 133, 121, 110, 115, 152, 101, 107, 95, 106, 115, 106, 101, 130, 115, 116, 124, 101, 99, 135, 128, 119, 101, 99, 121, 122, 130, 105, 107, 91, 102, 116, 119, 145, 216, 272, 297, 224, 233, 235, 252, 243, 237, 233, 243, 226, 233, 238, 220, 245, 204, 173, 189, 185, 227, 211, 206, 198, 191, 158, 202, 204, 209, 204, 203, 201, 225, 178, 207, 205, 217, 204, 220, 170, 215, 206, 208, 241, 200, 207, 210, 236, 221, 225, 265, 250, 223, 213, 216, 244, 269, 234, 255, 219, 290, 258, 201, 236, 278, 280, 266, 296, 314, 275, 286, 332, 315, 287, 280, 289, 271, 251, 263, 279, 268, 304, 327, 258, 280, 294, 283, 267, 275, 225, 294, 245, 283, 230, 245, 215, 311, 272, 283, 272, 241, 252, 212, 277, 238, 230, 286, 226, 214, 251, 271, 250, 245, 242, 250, 242, 307, 225, 286, 265, 299, 284, 253, 280, 254, 228, 209, 210, 219, 213, 206, 217, 209, 215, 200, 197, 183, 202, 188, 186, 242, 203, 246, 208, 186, 181, 211, 220, 188, 148, 185, 197, 212, 167, 210, 212, 201, 204, 220, 211, 183, 179, 195, 204, 177, 207, 222, 222, 208, 168, 178, 179, 191, 169, 221, 167, 209, 188, 197, 228, 212, 191, 204, 218, 238, 212, 168, 202, 168, 172, 203, 174, 153, 206, 195, 236, 184, 209, 212, 237, 222, 228, 241, 202, 166, 177, 205, 190, 210, 178, 258, 295, 180, 192, 197], "opt": {"tooltip": {"trigger": "none"}, "legend": {"position": "none"}, "vAxis": {"minValue": 0, "maxValue": 3331, "textStyle": {"color": "#666"}, "baselineColor": "#e2e2e2", "titleTextStyle": {"color": "#666"}, "gridlines": {"color": "#f0f0f0"}}, "hAxis": {"viewWindow": {}, "baselineColor": "transparent", "slantedText": false, "gridlines": {"color": "transparent"}, "textStyle": {"color": "#666"}}, "colors": ["#8882ef"], "pointSize": 0, "chartArea": {"left": 60.0, "top": 30}, "enableInteractivity": false}}}}]]></graph_data></root>